0.167369 1.082716
0.197651 1.210062
0.178840 1.275246
0.133660 1.285723
0.122156 1.250957
0.084656 1.173517
0.097535 1.106378
0.070034 0.988714
0.108515 0.926247
0.171940 1.185455
-0.400747 1.103699
-0.319793 1.207834
-0.192102 1.260367
-0.085008 1.271413
-0.043666 1.257139
0.003901 1.189625
0.032829 1.093323
0.059161 1.004485
0.073088 0.970240
0.125420 0.971902
0.017698 0.906072
0.023890 0.949285
0.019616 0.965540
0.019407 0.976933
0.036093 0.965178
0.012363 0.963641
0.026452 0.950680
0.015701 0.953337
0.001362 0.907632
0.105408 1.102891
-0.015488 0.893152
0.011688 0.945491
0.011929 0.974068
0.002114 0.978596
0.007034 0.979587
-0.000808 0.970804
-0.038352 0.963209
-0.020300 0.955743
-0.072654 0.958648
0.004030 0.948745
0.164515 1.084443
0.193082 1.208155
0.174041 1.270967
0.129230 1.282174
0.115134 1.247207
0.081122 1.171465
0.091971 1.105155
0.066181 0.986077
0.108696 0.931646
0.152691 1.167466
-0.397555 1.103104
-0.319812 1.204544
-0.192861 1.255553
-0.084821 1.268795
-0.045079 1.254764
0.004080 1.187070
0.038312 1.093371
0.060784 1.006252
0.085042 0.971676
0.122462 1.005004
0.001586 0.702585
0.007668 0.701716
0.008445 0.702256
0.015642 0.701993
0.011480 0.697278
0.018134 0.694630
-0.001624 0.699357
0.001298 0.697497
0.011862 0.681919
0.241725 0.759643
-0.056101 0.705364
-0.100630 0.703566
-0.143402 0.699473
-0.186370 0.708305
-0.232580 0.709658
-0.268977 0.711292
-0.300603 0.712709
-0.299586 0.694438
-0.313241 0.704946
-0.357563 0.643051
0.009253 0.705465
0.016254 0.700544
0.025952 0.696702
0.029116 0.686993
0.031601 0.685894
0.047550 0.676451
0.045140 0.674644
0.054931 0.677267
0.054148 0.688232
0.123024 0.715269
-0.008192 0.701479
-0.025108 0.705778
-0.042158 0.704892
-0.066259 0.692806
-0.078796 0.695513
-0.087755 0.685275
-0.088304 0.694268
-0.090141 0.675608
-0.072157 0.659295
-0.134525 0.716307
0.008752 0.698974
0.015242 0.696590
0.021179 0.700476
0.024306 0.705333
0.029846 0.705878
0.037342 0.715132
0.061211 0.708176
0.056861 0.691162
0.077818 0.658482
0.006784 0.710554
-0.012944 0.692378
-0.024151 0.695032
-0.027331 0.700568
-0.040146 0.704885
-0.044166 0.715721
-0.059182 0.716144
-0.052746 0.710619
-0.074871 0.688121
-0.053405 0.715128
-0.076261 0.652751
0.006213 0.698776
0.016716 0.713390
0.021357 0.753127
0.017198 0.793660
0.015520 0.816001
0.037246 0.816450
0.037285 0.806157
0.038340 0.751770
0.024557 0.722582
-0.050029 0.830072
-0.016378 0.691626
-0.029545 0.716946
-0.026011 0.758316
-0.015756 0.790928
-0.023185 0.809431
-0.025589 0.807933
-0.025558 0.805005
-0.053784 0.750279
-0.028269 0.725778
-0.150554 0.809551
0.016844 0.707809
0.024803 0.741756
0.030691 0.799083
0.029131 0.827046
0.031727 0.853281
0.024360 0.830443
0.011594 0.796258
0.034445 0.757349
-0.004297 0.757166
-0.015890 0.786401
0.046882 0.700163
0.059530 0.731014
0.054858 0.785756
0.047205 0.823934
0.041682 0.839242
0.010626 0.831443
0.026276 0.794335
-0.001942 0.758652
0.011441 0.745944
-0.014344 0.749505
0.017196 0.662290
0.036063 0.694652
0.049362 0.744966
0.050379 0.766312
0.055998 0.776655
0.076809 0.756930
0.078162 0.718328
0.088525 0.661481
0.088041 0.633542
0.094731 0.775380
-0.012400 0.661116
-0.045241 0.691950
-0.072354 0.746177
-0.102634 0.773632
-0.134310 0.777856
-0.171701 0.761423
-0.174443 0.726175
-0.208000 0.668118
-0.177597 0.649199
-0.296674 0.742577
0.004475 0.708119
-0.001846 0.705472
0.012128 0.704656
0.005246 0.703409
0.010002 0.702239
0.005154 0.697874
0.022816 0.695525
0.020774 0.704288
0.100858 0.700518
-0.070687 0.722213
-0.008352 0.702976
-0.017675 0.710836
-0.018258 0.702973
-0.023047 0.706601
-0.026198 0.707601
-0.028037 0.701855
-0.031977 0.702359
-0.051446 0.686930
-0.023826 0.716925
0.016829 0.709765
0.006015 0.709399
0.003814 0.703057
0.014367 0.701755
0.015338 0.711043
0.013484 0.695874
0.028026 0.701529
0.039319 0.702274
0.027280 0.702321
0.003415 0.710024
-0.055869 0.696977
-0.013759 0.702102
-0.005779 0.707852
-0.014554 0.705970
-0.018662 0.701387
-0.013791 0.701954
-0.035199 0.700804
-0.018304 0.700954
-0.035684 0.696579
-0.045852 0.701967
-0.029698 0.648524
0.006807 0.707418
0.009531 0.704809
0.009991 0.706962
0.004967 0.702415
0.019944 0.699817
0.013855 0.706064
0.025379 0.709417
0.028156 0.694071
0.006963 0.666868
0.200288 0.723671
-0.006276 0.705658
-0.010361 0.710190
-0.013968 0.705750
-0.018768 0.706216
-0.018903 0.706751
-0.031480 0.705446
-0.035454 0.710084
-0.033644 0.692244
-0.041221 0.671014
-0.093837 0.755165
0.008673 0.705706
0.013984 0.709229
0.007349 0.713133
0.016476 0.710705
0.017210 0.706493
0.013910 0.711444
0.024398 0.700354
0.022134 0.711395
0.038588 0.698799
0.049931 0.742335
-0.001208 0.701683
-0.007790 0.702516
0.000553 0.707858
-0.013346 0.703918
-0.022342 0.711231
-0.017225 0.716745
-0.016507 0.711437
-0.025047 0.698439
0.007360 0.725535
-0.082045 0.648673
0.006106 0.711067
0.007602 0.709250
0.005893 0.709611
0.010779 0.705428
0.004187 0.710338
0.022175 0.715463
0.018344 0.710020
0.024033 0.701039
0.009159 0.742420
-0.132796 0.723598
-0.011146 0.701454
-0.016772 0.704809
-0.014103 0.710887
-0.017184 0.710842
-0.017955 0.712768
-0.018163 0.714264
-0.012498 0.714743
-0.014323 0.701687
-0.006861 0.706533
0.010414 0.694545
-0.002171 0.709493
0.010495 0.708417
0.009876 0.714103
0.011529 0.717917
0.005674 0.715817
0.024107 0.719094
0.021302 0.725213
0.033987 0.713700
0.025116 0.713875
0.169953 0.800187
-0.012557 0.702536
-0.011660 0.709326
-0.015314 0.715114
-0.008843 0.705287
-0.011692 0.721053
-0.015136 0.718931
-0.018321 0.714929
-0.035252 0.707212
-0.020277 0.706808
0.005091 0.847393
0.005442 0.707070
0.005569 0.710167
-0.000262 0.716522
0.005200 0.713201
0.005605 0.728972
0.009665 0.730096
0.015556 0.715636
0.022973 0.723995
0.010983 0.692597
-0.080006 0.703134
-0.015047 0.702930
-0.019512 0.703817
-0.019494 0.709243
-0.005894 0.718213
-0.011701 0.720176
-0.018534 0.716473
-0.012446 0.719610
-0.006849 0.717251
0.024059 0.667800
-0.118594 0.674538
0.004657 0.703676
0.006637 0.710774
0.009675 0.717148
0.010323 0.721924
-0.001546 0.722466
0.013483 0.727613
0.014518 0.725405
-0.000913 0.723331
0.036558 0.708681
-0.073807 0.672499
-0.003590 0.706045
-0.011590 0.708699
-0.012288 0.713704
-0.002401 0.722379
-0.014965 0.725320
-0.011286 0.727479
-0.018310 0.722110
-0.033974 0.729605
-0.000743 0.711958
-0.048537 0.710938
0.004599 0.706734
0.004815 0.712242
0.012350 0.714854
0.000712 0.721096
0.008114 0.736584
0.009895 0.730586
0.010804 0.735160
0.016391 0.707103
-0.012046 0.727095
-0.063864 0.765964
-0.000824 0.702950
-0.006871 0.708805
0.006819 0.716417
-0.005957 0.731718
0.003110 0.735129
-0.005572 0.733732
-0.007032 0.729784
-0.012020 0.714191
-0.048637 0.696255
0.012317 0.610530
0.005788 0.706442
0.011107 0.711867
0.014975 0.719051
0.007849 0.728641
0.013226 0.734217
0.023886 0.738019
0.015967 0.733772
0.005728 0.710670
0.007237 0.697154
-0.069307 0.723970
-0.017159 0.701413
-0.016899 0.706327
-0.017198 0.716133
-0.009281 0.730610
-0.016177 0.732111
-0.002886 0.730175
-0.002026 0.735760
-0.030546 0.718188
-0.014577 0.716052
-0.189165 0.738642
0.001680 0.703214
0.007172 0.712046
0.014350 0.725505
0.003728 0.730471
0.016501 0.739454
0.002512 0.737385
0.002774 0.729905
0.018375 0.717251
0.004849 0.733376
-0.084709 0.592320
-0.013135 0.707728
-0.008761 0.713750
-0.013021 0.718342
-0.005361 0.728154
-0.021162 0.732888
-0.024835 0.739829
-0.020207 0.728743
-0.026013 0.728548
-0.044665 0.725183
0.009549 0.619403
0.006579 0.712111
0.018370 0.719132
0.020528 0.728054
0.012157 0.739500
0.005416 0.739796
0.014488 0.735502
0.004538 0.736804
0.011521 0.727291
-0.009844 0.732141
0.097396 0.671126
0.007260 0.697135
0.012920 0.709088
0.012822 0.715511
0.007397 0.724648
0.005204 0.728964
0.004604 0.734637
0.011010 0.718205
-0.000416 0.715132
-0.030774 0.718939
0.005898 0.676801
0.028057 0.712663
0.017640 0.718053
0.024323 0.728011
0.025003 0.735377
0.026922 0.742162
0.013660 0.727529
0.013308 0.729524
0.026989 0.727696
0.013037 0.705258
-0.011560 0.653874
0.057674 0.699618
0.048003 0.707728
0.042358 0.718281
0.028472 0.727852
0.042757 0.733463
0.024086 0.723245
0.026997 0.722293
-0.001410 0.709069
0.055778 0.696614
-0.029508 0.762381
0.012177 0.707400
0.003697 0.711239
0.000709 0.721565
0.014908 0.728126
0.011147 0.730509
0.010369 0.723466
0.001139 0.718309
0.011104 0.709853
-0.037778 0.710252
-0.050109 0.709386
0.082531 0.704743
0.078823 0.708640
0.065687 0.720342
0.046666 0.725498
0.040495 0.727957
0.014944 0.732088
0.024622 0.726053
0.013129 0.719551
0.063117 0.685703
-0.083688 0.780713
0.027102 0.702182
0.037645 0.705642
0.034155 0.710163
0.037062 0.712978
0.012476 0.706883
0.034286 0.715105
0.022329 0.716003
0.018486 0.715914
0.034934 0.733302
0.006505 0.623465
0.127298 0.699072
0.108276 0.702075
0.087683 0.699620
0.095720 0.708552
0.088659 0.711430
0.054402 0.704806
0.057525 0.697090
0.057534 0.708856
0.027528 0.686706
0.109773 0.717665
0.045500 0.952373
0.068384 0.938754
0.052115 0.932751
0.028490 0.932352
0.033078 0.932238
0.006618 0.911219
0.009491 0.925704
0.011264 0.913454
-0.050794 0.907385
-0.072699 0.995233
-0.009206 0.956784
-0.004705 0.936949
-0.007094 0.941291
0.009895 0.933870
0.010143 0.935536
0.018233 0.917969
0.004510 0.910532
-0.010403 0.904066
-0.080486 0.901990
-0.219820 0.868691
0.002246 0.903995
0.000007 0.953620
-0.012543 0.970905
-0.003560 0.975375
-0.023439 0.979869
-0.015467 0.959388
-0.018221 0.957690
-0.024977 0.952608
-0.110187 0.990370
0.073292 0.949294
-0.005559 0.886692
0.003460 0.939931
-0.007848 0.964210
-0.011000 0.971008
-0.004350 0.962115
-0.017211 0.972234
-0.029695 0.953537
-0.033537 0.958888
0.041770 0.958497
0.008325 0.950487
0.045783 0.953924
0.068266 0.940120
0.050192 0.936508
0.027787 0.935803
0.029093 0.935893
0.003974 0.915605
0.006649 0.925489
0.006839 0.918046
-0.068675 0.918169
-0.053202 0.997887
-0.009919 0.956848
-0.004543 0.940189
-0.008210 0.942979
0.007803 0.935788
0.009684 0.936499
0.014977 0.919977
0.000046 0.910591
-0.015487 0.907106
-0.072578 0.900710
-0.218210 0.874311
0.001020 0.707614
-0.000189 0.703298
0.008263 0.701295
0.009268 0.702292
0.008144 0.705136
0.016399 0.701844
0.013698 0.688105
0.025034 0.702652
-0.023953 0.692740
0.060223 0.649025
0.000710 0.704925
-0.005238 0.706981
-0.015421 0.703993
-0.007617 0.706879
-0.007123 0.706318
-0.009497 0.697489
-0.013125 0.698950
0.004189 0.708540
-0.052156 0.723707
-0.090782 0.716428
0.021843 0.708557
0.017173 0.709535
0.016806 0.704185
0.025998 0.709364
0.023884 0.705077
0.017871 0.713252
0.045054 0.707950
0.041645 0.706888
0.059056 0.717489
0.144817 0.838309
0.001096 0.705479
-0.006441 0.707516
0.002596 0.708955
0.012537 0.710549
0.015757 0.716406
0.000136 0.719477
0.011090 0.701513
0.004657 0.701121
0.069097 0.691233
0.061482 0.710903
0.017908 0.706453
0.001469 0.705982
-0.003426 0.713195
-0.007120 0.714481
-0.021279 0.708686
-0.002773 0.709953
-0.019392 0.689524
-0.012870 0.684959
-0.008737 0.705616
-0.097384 0.668701
0.010610 0.707861
0.012407 0.710441
0.024821 0.714090
0.031378 0.710300
0.036890 0.707856
0.037304 0.707195
0.051788 0.702748
0.044168 0.707139
0.033167 0.693226
0.157827 0.643407
0.006878 0.704316
0.015933 0.703994
0.004776 0.702494
-0.000460 0.701361
0.010937 0.712598
0.007701 0.709323
0.002452 0.710916
-0.002768 0.701975
-0.010043 0.737733
0.082184 0.672554
0.002103 0.706678
0.003333 0.704655
0.001371 0.707907
0.004292 0.705781
0.009255 0.708676
0.004554 0.708475
0.011977 0.703295
0.007326 0.717509
-0.044892 0.707155
0.006486 0.696562
0.013572 0.705775
0.019347 0.704896
0.021617 0.704302
0.028292 0.702044
0.011654 0.708302
0.013481 0.711456
0.026156 0.715944
0.010692 0.704362
0.007527 0.714405
-0.096369 0.609502
-0.001743 0.706575
-0.006979 0.708835
-0.023617 0.698590
-0.011965 0.706376
-0.012929 0.704651
-0.015519 0.717373
-0.024385 0.710729
-0.008733 0.699376
-0.014814 0.684705
0.033344 0.746503
0.030977 0.702290
0.023240 0.699474
0.019957 0.710303
0.021641 0.716539
0.011937 0.717253
0.020937 0.722699
0.027060 0.707397
0.024001 0.692796
0.017793 0.707131
0.042701 0.754040
0.005880 0.701847
0.001223 0.705290
0.002425 0.702618
0.020470 0.711416
0.027168 0.717269
0.015320 0.720356
0.029709 0.706066
0.029501 0.698369
0.017026 0.689121
0.103585 0.653684
0.012264 0.705832
-0.000536 0.705003
-0.009277 0.706173
0.000623 0.703834
-0.016224 0.707384
-0.001537 0.709895
-0.003742 0.696651
-0.003661 0.695623
-0.000663 0.699415
-0.107942 0.765258
-0.001094 0.705434
0.003091 0.709861
0.010326 0.707924
0.020770 0.709629
0.024175 0.708994
-0.002335 0.708659
0.019575 0.715252
0.018529 0.693212
0.018127 0.704927
0.281666 0.717296
0.006224 0.705578
-0.004028 0.705091
-0.004891 0.704961
-0.007582 0.706303
-0.007286 0.705366
-0.008308 0.704981
-0.001828 0.699443
-0.018218 0.694131
0.005058 0.711400
-0.087036 0.718489
0.006099 0.710049
0.003619 0.710368
0.007751 0.709808
0.007057 0.715904
0.014340 0.710984
0.024663 0.701825
0.029221 0.710238
0.023271 0.710556
0.015896 0.651792
0.059858 0.748414
0.004152 0.707433
-0.000836 0.707769
0.001911 0.705270
0.001163 0.698611
-0.005638 0.699827
0.000815 0.706104
-0.016986 0.700879
0.002960 0.702843
-0.002199 0.699930
0.044771 0.495611
0.011627 0.708448
0.001467 0.710387
0.012506 0.708468
0.009425 0.709626
0.007106 0.707942
0.027150 0.701211
0.016152 0.707601
0.027609 0.706098
0.008833 0.715862
0.091881 0.715299
0.011479 0.709029
0.006920 0.707589
0.006930 0.708326
-0.001915 0.709236
-0.013727 0.708247
-0.003523 0.705206
-0.015558 0.695960
0.003368 0.703918
-0.012208 0.667462
-0.006310 0.785422
0.003194 0.706490
0.004931 0.709402
0.017403 0.712729
0.013339 0.703567
0.015234 0.706300
0.019564 0.706538
0.030693 0.703681
0.026761 0.702938
-0.019211 0.681481
-0.074450 0.648858
0.011268 0.708271
0.002562 0.710357
0.000899 0.709490
-0.008829 0.708959
-0.006534 0.711427
0.006149 0.707452
-0.006327 0.709341
-0.007049 0.700131
-0.001775 0.719809
-0.064308 0.688800
0.018875 0.704511
0.015156 0.702812
0.005533 0.708703
0.020436 0.707355
0.021350 0.701644
0.013259 0.712384
0.019684 0.700965
0.003631 0.716784
0.056798 0.706663
-0.054558 0.656938
0.006862 0.707982
0.004605 0.711394
-0.002271 0.707290
0.004835 0.702257
-0.004190 0.706839
-0.001923 0.707999
-0.000255 0.707177
0.006322 0.700918
-0.000125 0.701548
0.022300 0.717381
-0.003786 0.707962
-0.004034 0.707191
-0.004304 0.707107
-0.002318 0.701990
0.006153 0.707235
-0.002088 0.702751
-0.004040 0.701361
0.007777 0.702039
-0.057309 0.718975
-0.007177 0.758547
0.005759 0.706716
0.011634 0.707818
0.006669 0.708963
-0.006426 0.714253
0.018826 0.707518
0.008191 0.708216
0.000141 0.708673
0.000782 0.713891
-0.006532 0.710379
0.046267 0.683093
0.003327 0.709680
0.002580 0.703593
-0.003529 0.706715
-0.003858 0.711018
0.001411 0.707127
0.013113 0.704158
0.010833 0.711993
0.006100 0.705506
-0.035598 0.710232
-0.117449 0.701647
-0.000501 0.704143
0.006419 0.706766
0.007646 0.711527
-0.000258 0.708269
-0.009066 0.708214
0.005158 0.709373
0.004414 0.705039
-0.011828 0.702981
-0.002163 0.734779
0.094598 0.767440
0.004552 0.708758
0.002623 0.706337
0.002906 0.704284
0.000294 0.709256
0.001874 0.707629
0.001767 0.708176
0.005418 0.713092
0.005706 0.702086
0.018369 0.729529
-0.003363 0.660483
0.006575 0.705051
0.005207 0.704528
-0.001140 0.702853
-0.001311 0.697244
0.006787 0.703724
0.008362 0.703707
0.004137 0.704421
0.001550 0.704772
0.011194 0.693829
0.117152 0.688488
-0.001335 0.703681
0.003326 0.707044
0.002236 0.705667
0.012438 0.696706
0.004749 0.706021
-0.000789 0.710755
0.010670 0.709968
-0.000212 0.711204
0.000086 0.713951
0.090883 0.704037
0.002286 0.706522
0.008780 0.704436
0.004057 0.703674
-0.000827 0.705863
0.008255 0.710618
-0.004269 0.708575
-0.002104 0.710432
-0.006989 0.715539
-0.017063 0.713774
-0.091992 0.732223
0.003250 0.710867
0.004908 0.708713
0.008959 0.707729
0.003982 0.704343
0.005255 0.704367
-0.001369 0.704224
0.001643 0.702981
-0.008262 0.715860
-0.015844 0.718709
0.054292 0.645256
-0.003616 0.707866
0.000592 0.709686
0.002499 0.702977
0.012936 0.704164
-0.009182 0.701316
0.003297 0.713689
-0.001202 0.709186
-0.015069 0.701961
-0.025118 0.705939
0.007594 0.658158
0.005162 0.705258
0.005674 0.709828
-0.005229 0.702805
0.006563 0.707849
0.002452 0.704333
-0.002645 0.710728
-0.002255 0.707106
0.007066 0.705934
-0.003119 0.725005
-0.045584 0.727148
0.025344 0.704734
0.021513 0.705021
0.014905 0.704294
0.014761 0.703933
0.015206 0.707956
0.002041 0.704676
0.012084 0.715449
0.007659 0.704466
0.002020 0.709686
0.020454 0.731969
0.002256 0.710627
-0.001836 0.712726
-0.002510 0.708219
0.002150 0.709086
0.002741 0.705656
0.006031 0.708936
-0.006815 0.709163
0.005218 0.704728
0.020926 0.692123
0.153998 0.746669
0.022240 0.705915
0.024459 0.707376
0.021679 0.708146
0.014253 0.710244
0.017284 0.706444
0.014169 0.705327
0.028071 0.708920
0.027172 0.714079
0.015906 0.711959
-0.116103 0.714507
-0.003074 0.709132
-0.014819 0.706483
-0.023110 0.703295
-0.005848 0.709793
-0.009640 0.706603
-0.010585 0.704750
-0.008436 0.711297
0.003574 0.706145
-0.016179 0.719886
0.019232 0.632299
0.001719 0.704958
-0.002408 0.710798
0.005393 0.706875
0.014332 0.701868
0.004635 0.708793
0.002425 0.708751
0.003846 0.711389
0.008064 0.701424
0.011908 0.709229
-0.079599 0.641088
0.000424 0.706787
0.003943 0.701352
-0.009462 0.706386
-0.013292 0.714856
-0.009128 0.706577
-0.011588 0.708146
-0.021029 0.707559
-0.011364 0.700260
-0.047156 0.683357
-0.121662 0.743905
-0.013968 0.698446
-0.006264 0.696267
0.009427 0.698123
-0.001312 0.691717
-0.005967 0.701551
0.014589 0.704248
0.029941 0.703868
0.016238 0.706158
0.061135 0.710470
-0.111945 0.667426
-0.051962 0.715130
-0.041151 0.719778
-0.046318 0.711860
-0.056403 0.721368
-0.039504 0.714870
-0.046982 0.712704
-0.045502 0.706595
-0.083000 0.710017
-0.038516 0.671618
0.007298 0.830055
-0.040569 -0.038540 0.002495 0.008585 0.017249 0.000084 0.008001 0.000296 
0.250774 -0.020802 -0.014643 -0.002816 0.005415 0.003567 0.007883 -0.000642 
-0.051046 -0.014411 0.012148 0.009296 -0.006692 0.001677 -0.002388 0.004707 
0.159597 -0.022222 -0.002513 0.013861 0.000642 -0.000582 -0.010756 -0.006414 
-0.024742 -0.001032 -0.005104 0.007303 0.004162 -0.000731 0.001963 -0.001586 
0.058998 0.009245 -0.003606 -0.002931 0.006012 -0.003982 0.004833 -0.000389 
0.010203 0.003551 0.013193 0.004451 -0.001075 0.000328 -0.006933 0.006294 
-0.024666 -0.004422 0.004085 -0.000356 0.007030 -0.009437 -0.006990 -0.002861 
0.023570 0.002191 0.000493 0.000496 0.006479 -0.006494 0.006330 0.003089 
-0.091973 -0.001971 0.003841 0.002292 -0.007594 0.000304 0.002310 -0.007575 
0.046349 -0.012531 -0.004724 -0.015221 -0.009406 -0.004308 -0.004599 -0.001555 
-0.160098 -0.018407 -0.007318 -0.008190 0.004707 0.000327 -0.001582 0.004064 
0.057153 -0.022671 -0.003382 -0.005423 0.000699 0.010751 -0.008706 -0.003499 
-0.205706 -0.020489 0.001608 0.004970 0.014873 -0.003603 -0.008541 0.005217 
0.059393 -0.044744 -0.018627 -0.004949 -0.004117 0.002857 -0.006982 -0.001159 
-0.243894 -0.042271 0.007712 -0.002096 0.004131 0.003127 0.009532 0.002237 
0.025245 -0.047061 -0.006705 0.003641 0.004879 0.001464 -0.002620 -0.013249 
-0.256951 -0.018455 0.010323 0.005720 0.000146 -0.001384 0.000995 -0.003167 
-0.015178 -0.067330 0.004836 0.005995 -0.002122 0.007108 0.003813 0.002540 
-0.243677 0.006944 0.009835 -0.002095 -0.004779 0.006021 -0.002469 -0.003704 
0.007836 -0.011485 0.002174 0.008222 -0.005697 -0.002519 0.006447 -0.000781 
-0.017929 -0.007593 0.008146 -0.000372 -0.006383 -0.002907 -0.000823 0.000026 
-0.006119 -0.006581 -0.008870 0.006395 -0.003089 -0.002307 0.000246 0.003235 
-0.006761 -0.004382 -0.013659 0.006052 -0.005462 0.003037 0.001376 -0.006859 
0.008245 -0.001759 -0.005404 0.011661 0.008332 0.004058 0.006939 -0.002127 
-0.006899 -0.003296 0.001164 0.003108 0.005318 0.006948 0.005478 0.004569 
0.000566 -0.005837 -0.003582 -0.000296 0.006743 0.003728 -0.000536 -0.002291 
-0.000424 0.002350 0.000759 -0.006192 0.011378 0.001311 0.003370 -0.003365 
0.008114 -0.002020 -0.016650 0.004173 0.012079 0.007637 -0.005118 -0.006577 
0.004254 0.006083 0.005520 0.011532 0.004467 -0.001472 -0.009344 -0.009151 
-0.005504 0.003749 -0.004366 -0.000231 -0.008487 -0.002013 -0.007255 0.004950 
0.007135 0.002153 -0.006136 -0.000336 0.001934 0.003460 0.003497 0.014817 
0.008040 0.003750 -0.001663 0.012951 0.006490 -0.002280 0.005895 -0.006349 
0.015351 0.006213 -0.004770 -0.000111 0.008864 0.000820 -0.010270 0.002911 
0.000867 0.011050 0.008182 0.004669 -0.001914 -0.002774 0.003338 -0.008425 
0.004069 0.010006 0.002130 0.010053 0.008488 0.006314 0.006147 0.002264 
0.011992 0.004691 -0.019007 0.010276 0.004326 0.001847 0.012010 -0.002086 
-0.002429 -0.015108 0.005364 0.001220 -0.004354 -0.006956 -0.004270 -0.011006 
-0.007513 -0.023347 -0.000988 0.018399 0.002305 0.012254 0.016303 0.010024 
-0.059402 -0.011201 -0.005986 0.004481 -0.003665 -0.016087 -0.004117 0.023211 
-0.041506 -0.036332 0.002933 0.009357 0.008843 -0.001321 0.008625 -0.003448 
0.250749 -0.020136 -0.014003 0.000470 0.002283 -0.001727 -0.003508 0.009881 
-0.050914 -0.014994 0.010791 0.008614 -0.005332 0.002497 -0.005117 0.004968 
0.161674 -0.023140 -0.005066 0.008648 0.000510 0.005473 -0.000101 -0.006439 
-0.024906 -0.001435 -0.002530 0.002497 0.002706 -0.002697 -0.002109 -0.000299 
0.059100 0.005843 -0.004719 -0.002579 0.010257 -0.007010 0.004146 0.003945 
0.010501 0.004835 0.008382 0.001237 -0.001918 0.003439 -0.001386 0.005641 
-0.025112 -0.004560 0.002752 -0.001093 0.006893 -0.003902 -0.008816 -0.002610 
0.024050 0.002727 0.000789 -0.000622 0.000938 -0.003820 0.003542 -0.000787 
-0.092449 -0.004178 0.004730 0.002741 -0.003434 0.004633 0.007608 -0.008353 
0.046835 -0.011382 -0.000950 -0.015118 -0.008414 -0.009099 -0.003553 -0.001572 
-0.160707 -0.017440 -0.007618 -0.009335 0.000926 0.002425 -0.006010 -0.001301 
0.056751 -0.020382 -0.007747 -0.006141 0.001699 0.008341 -0.012822 -0.003331 
-0.208203 -0.022214 -0.000860 0.003915 0.013948 -0.006996 -0.006475 0.006795 
0.058373 -0.043906 -0.016578 -0.004756 -0.003902 0.001871 -0.004451 -0.000613 
-0.244958 -0.044492 0.003677 -0.001425 0.005632 -0.000127 0.013376 -0.002681 
0.023938 -0.047609 -0.004229 -0.000544 0.003331 0.001922 0.000482 -0.008854 
-0.256527 -0.020062 0.012526 0.003110 -0.000963 0.000228 0.008129 -0.003286 
-0.009639 -0.056426 -0.000242 0.003673 -0.005801 0.007917 0.004608 0.003606 
-0.236974 0.000344 0.007540 -0.001658 -0.007355 0.002729 -0.002076 -0.001854 
-0.009548 -0.034114 0.003939 0.003040 0.003298 0.001025 -0.002955 0.001168 
-0.208747 0.008823 0.006762 -0.006419 -0.001059 0.001452 -0.003257 -0.004268 
0.010790 -0.018853 -0.006837 -0.009893 -0.007246 -0.000650 -0.006525 0.005427 
-0.146088 -0.000468 -0.005039 -0.005697 0.006043 -0.000583 -0.001382 -0.000149 
-0.001489 -0.015607 -0.006032 -0.000431 0.003161 0.002425 0.001598 0.008039 
-0.066942 0.003935 0.004460 0.002977 -0.002966 -0.000657 0.005095 -0.003497 
0.000152 0.003685 -0.000139 0.012493 -0.007710 -0.004693 0.003468 0.010047 
0.018279 -0.001047 -0.000513 -0.008182 0.001499 -0.001437 0.011363 0.006675 
0.003988 0.003019 0.009900 0.003843 0.005802 0.000861 -0.006604 0.000841 
0.072492 -0.004627 0.002585 -0.000984 0.000671 0.009228 -0.008582 0.001263 
-0.006753 -0.007966 -0.001748 0.009788 -0.001188 -0.002384 0.001656 0.003685 
0.120732 -0.008199 -0.012748 -0.003796 0.005454 -0.004041 -0.000251 -0.001794 
0.003868 -0.019741 -0.004842 0.011899 -0.009824 -0.011081 -0.002847 0.005869 
0.164875 0.003111 -0.004324 0.003467 0.009415 -0.006163 -0.009764 -0.002784 
0.002410 -0.023731 -0.002783 0.018308 0.008963 -0.008786 0.006810 0.004104 
0.165356 0.003417 -0.018952 0.005476 0.010640 0.001951 -0.010627 -0.009351 
-0.007464 -0.018323 -0.003938 0.007699 0.004452 -0.002090 -0.002181 -0.008791 
0.160956 0.001115 -0.015103 -0.001530 0.004989 -0.003740 -0.006981 -0.011676 
-0.070538 -0.002699 -0.004173 0.000858 -0.010304 0.004256 -0.008195 -0.005162 
0.180641 -0.011795 0.005520 -0.000841 0.014055 0.007197 -0.003487 0.007741 
0.033478 -0.008109 -0.001410 -0.002200 0.007058 0.002685 -0.012032 0.007443 
-0.070268 0.001911 0.005936 0.013255 0.002163 -0.003292 -0.001218 0.003451 
0.021951 -0.011758 0.007104 -0.005045 -0.017264 -0.006765 0.001302 0.005072 
-0.051703 0.007646 -0.008526 -0.000803 -0.003945 0.008525 0.005813 -0.005233 
0.004349 -0.000788 -0.004863 0.000887 -0.003082 0.006149 -0.000508 0.008382 
-0.028680 -0.001087 0.004755 -0.002020 -0.002609 0.006921 0.005222 0.002583 
0.005289 0.000931 -0.001671 0.001205 0.010483 -0.005094 -0.002181 -0.001611 
0.000075 -0.001415 0.000419 0.006619 -0.004565 -0.003068 -0.002808 0.012036 
-0.009919 -0.002649 -0.005791 0.001774 -0.000794 0.009227 0.003957 -0.005460 
0.031780 0.007223 -0.000292 -0.010765 -0.001503 0.001099 0.000313 0.008221 
-0.024781 0.006837 0.005462 0.000063 -0.009645 -0.002335 0.006331 0.003514 
0.049073 -0.001854 0.001694 0.008808 -0.009693 0.001959 -0.010385 0.004789 
-0.027676 -0.004151 -0.007243 -0.001403 0.003913 -0.009440 -0.009066 -0.000344 
0.057528 -0.001970 -0.006451 0.004688 0.001498 0.000931 0.006040 0.000759 
-0.022381 -0.007509 0.007885 0.006807 -0.000845 -0.008627 -0.003506 0.005981 
0.080865 0.006337 -0.013161 0.001980 -0.010458 0.007514 0.004013 0.007949 
-0.021299 -0.009148 0.004216 0.000423 0.004108 0.000060 0.002896 0.003352 
0.083616 -0.005924 0.005438 0.000943 0.002780 0.002978 0.003805 0.001715 
-0.017982 0.013375 0.003200 0.003704 0.001607 -0.011820 0.000159 -0.007716 
0.076084 -0.008310 0.023534 -0.002308 0.010673 -0.010975 -0.003039 0.000893 
0.049815 -0.005529 0.005869 -0.000401 0.006427 -0.001676 0.001621 -0.002557 
-0.036965 -0.002032 0.005382 0.010480 0.002590 -0.004231 -0.000851 -0.000362 
0.015756 0.002009 -0.003226 -0.010013 0.003193 0.002015 0.010076 -0.002688 
-0.019059 0.002244 -0.000723 -0.004099 0.006506 0.000694 -0.002158 0.000015 
0.000137 -0.003714 -0.001992 0.001468 0.007971 0.004369 -0.002277 -0.002668 
-0.011709 0.007657 -0.002948 -0.001132 -0.009022 -0.003137 -0.002513 -0.003807 
-0.010411 0.000408 0.006078 -0.005309 -0.007676 -0.009308 0.010637 0.002648 
0.011094 0.015308 -0.006160 -0.007858 -0.003357 0.005769 -0.001207 0.004764 
-0.010341 -0.000094 0.002087 -0.009514 -0.007025 -0.001848 0.005320 -0.003328 
0.019256 0.003040 0.003915 0.003305 -0.003045 0.001741 -0.006648 0.001846 
-0.022600 0.007389 0.001257 -0.003642 0.000441 -0.003271 0.006875 -0.008184 
0.031383 0.002262 0.006683 0.008620 -0.000246 0.009347 0.015233 0.000518 
-0.039511 0.008452 0.001160 -0.012084 -0.007653 -0.003487 -0.002018 -0.009208 
0.035938 -0.004818 0.005194 -0.002760 0.005010 0.005823 -0.000854 0.013195 
-0.046348 -0.005925 -0.003425 -0.001802 -0.006805 0.009009 -0.000418 -0.003704 
0.047211 -0.004624 0.005888 -0.002860 0.006342 -0.004276 -0.006244 0.000968 
-0.048359 0.014537 0.001988 -0.015786 0.000189 0.004827 -0.004301 -0.001424 
0.048328 -0.001209 -0.001100 -0.001806 -0.008246 -0.000645 -0.002876 -0.002395 
-0.041167 -0.002713 0.010202 -0.005644 -0.009647 0.001227 0.010342 -0.002988 
0.069126 -0.003640 0.010667 0.005473 -0.009331 0.001502 0.007429 -0.005633 
0.022993 0.002590 0.006623 0.001052 -0.000451 -0.006400 0.001062 0.002184 
-0.015942 0.003535 0.006197 -0.000599 0.009036 0.003576 -0.000838 -0.004058 
0.019596 -0.002524 0.006484 0.002285 0.004300 0.008189 -0.005582 -0.005922 
-0.003276 -0.006977 -0.002522 0.005572 0.002366 -0.003761 0.000442 -0.013292 
0.002267 0.006569 -0.002578 0.004511 -0.004555 -0.009607 0.004874 -0.000941 
0.003120 0.000584 -0.004600 -0.013508 -0.004469 0.006296 -0.006152 0.006351 
-0.000834 -0.009435 -0.002711 0.004290 -0.008430 -0.004699 0.002944 -0.004299 
0.003071 -0.000834 0.005675 0.012143 0.004500 -0.005915 0.003947 0.011876 
-0.002970 -0.011131 0.000445 0.000464 -0.003874 -0.005103 -0.000970 -0.006728 
0.006874 0.002419 -0.009847 0.002357 0.014118 0.004274 -0.007125 0.012516 
-0.007433 -0.006420 -0.013340 0.015117 -0.004175 0.003085 0.000952 0.000653 
-0.007468 -0.000673 -0.007598 0.004586 0.002960 -0.017610 -0.004570 0.001332 
-0.009736 -0.003690 -0.007005 0.001487 -0.002631 0.000735 -0.015394 -0.006524 
0.003386 -0.002946 -0.001908 0.001084 -0.000481 -0.001428 -0.002117 -0.001178 
-0.013749 0.002056 0.014262 0.003395 0.006367 0.001254 0.002452 0.009336 
0.023195 0.002676 0.003038 0.003967 -0.007910 -0.006276 0.007699 0.001026 
-0.032632 0.002537 0.006348 -0.007259 0.012149 0.003611 -0.011343 0.004221 
0.010156 0.000359 0.008515 0.002773 -0.004500 -0.001853 -0.002496 -0.005962 
-0.000834 0.024720 -0.002962 0.017615 0.008266 0.006124 0.005679 0.000475 
0.055710 -0.006181 -0.004806 0.004094 -0.003580 -0.001406 0.000376 -0.008761 
0.000802 -0.006031 0.005226 0.013291 0.000392 -0.002330 0.010056 -0.008873 
-0.024494 -0.004311 -0.002129 0.008627 0.004917 -0.012126 0.008597 0.016762 
0.010209 -0.001402 0.010707 0.006078 0.002854 0.005975 -0.005210 -0.003178 
-0.032620 0.003972 0.005331 0.000711 -0.001778 0.005125 0.004995 0.000232 
0.007256 0.002972 0.008300 0.004434 -0.003094 -0.003695 -0.005985 -0.000098 
-0.011165 -0.000722 -0.008508 -0.000006 -0.004647 0.001147 0.002196 -0.006397 
0.000343 0.004006 -0.004641 -0.005458 -0.002512 -0.007258 -0.008731 -0.010171 
0.004439 0.003361 0.006265 -0.000493 0.003774 0.004960 -0.006321 -0.003083 
0.002816 0.000412 -0.008235 0.001351 -0.004874 0.002651 0.002037 -0.011416 
0.018806 -0.003697 0.002861 -0.001042 -0.001631 -0.004627 -0.010369 -0.004855 
-0.008694 0.006731 -0.001735 0.000544 0.002691 0.002549 -0.000250 -0.002628 
0.034195 -0.008452 0.004675 -0.006279 0.003568 0.008676 0.000293 -0.010777 
0.009110 -0.002185 -0.005071 0.000070 -0.011983 0.005252 0.004134 -0.000123 
0.032685 0.002445 -0.000353 -0.002886 -0.003012 0.002707 -0.001278 -0.000407 
0.001498 0.005786 0.000496 0.003080 0.000688 -0.005685 -0.001305 0.003676 
0.052557 0.005142 -0.007650 -0.007654 0.000469 -0.000649 0.007254 -0.001343 
0.000015 -0.013175 0.004595 -0.003263 -0.003113 0.002989 0.006335 0.005493 
0.034000 -0.002823 0.000311 0.007578 0.004971 0.001928 -0.001004 -0.000047 
-0.004472 -0.002312 0.003286 0.007624 -0.010092 0.011983 0.011741 -0.005973 
-0.016235 -0.002120 0.005022 0.010343 0.005845 0.000283 -0.005528 -0.008439 
0.057035 -0.015806 -0.012068 -0.002427 -0.000141 0.001677 -0.002163 -0.001025 
-0.145691 -0.003978 -0.001921 0.001881 -0.012691 -0.001201 0.000736 0.002285 
0.031887 -0.008390 0.001735 -0.000017 0.013437 -0.006593 0.009142 0.006804 
-0.095303 -0.005631 0.000830 -0.002203 -0.005207 -0.004757 0.006065 0.002729 
0.002008 -0.000462 -0.001803 0.000860 0.004047 0.002844 0.000232 -0.002856 
-0.038550 0.001186 0.001249 0.005373 -0.003113 0.001617 -0.006173 0.003070 
-0.006281 0.000610 0.003302 -0.003134 -0.002644 -0.004562 -0.007525 -0.002908 
0.012505 -0.001121 -0.001008 0.002079 -0.000800 -0.002252 0.006873 -0.000247 
-0.005282 -0.005394 -0.001379 -0.007689 0.005863 -0.006294 -0.001331 0.002217 
0.058438 -0.002198 0.007691 0.000809 0.001024 0.003035 0.000599 -0.000929 
-0.038826 -0.004709 -0.004348 0.002082 -0.004370 0.002020 0.009504 0.000416 
0.101119 -0.007560 0.000228 0.000826 0.002230 -0.009098 0.000455 -0.000781 
-0.038851 -0.002132 -0.006106 -0.007542 -0.004301 0.001274 -0.000136 0.008416 
0.140178 -0.001167 0.012776 0.003560 -0.011502 -0.001557 -0.001153 -0.005802 
-0.049871 -0.014161 0.006097 -0.007923 -0.006194 0.008182 -0.006368 0.000317 
0.177487 0.009335 -0.001424 0.005309 -0.003395 -0.002318 0.000908 0.010512 
-0.059569 -0.013676 -0.005600 -0.000133 -0.008018 -0.008304 0.000194 -0.008667 
0.177849 -0.006495 0.002711 0.004756 0.002610 -0.002546 0.002197 -0.006934 
-0.069869 -0.020194 -0.002824 0.002444 -0.003986 0.004525 0.008355 0.003614 
0.215868 -0.023631 -0.003438 0.000135 -0.005875 -0.008491 0.006386 0.001234 
0.018653 -0.004443 0.003786 -0.002829 -0.000743 0.004731 -0.001066 -0.002236 
-0.028340 0.007052 0.000831 -0.008957 -0.007901 0.001026 -0.002611 0.001308 
-0.001771 0.008384 -0.000144 -0.002477 0.000701 -0.006754 -0.004397 -0.001486 
-0.010762 -0.004580 -0.001693 0.009363 -0.005414 -0.011524 -0.005849 -0.011002 
-0.006808 -0.014117 0.001356 0.005632 -0.004149 -0.004925 -0.002047 -0.006325 
-0.009356 0.009230 -0.003688 -0.004221 0.006014 0.000339 -0.004204 0.005024 
-0.007907 0.002398 -0.004180 0.002698 0.004735 0.003793 0.007041 -0.000503 
-0.000225 0.002745 0.000046 -0.001752 0.002898 -0.000666 -0.002994 -0.004986 
0.005520 -0.000140 -0.001083 -0.005257 -0.010616 -0.008982 -0.001814 -0.002233 
0.003909 -0.004542 -0.003642 0.000884 -0.006295 0.004047 0.001768 0.000520 
-0.019327 -0.007808 -0.003520 -0.005274 -0.001655 0.002272 -0.000854 -0.009502 
0.010024 -0.002341 0.001157 -0.002737 0.003602 -0.009938 0.001234 -0.002888 
-0.019166 -0.001766 -0.003908 0.000938 0.007721 0.002416 -0.008045 -0.001336 
0.017281 0.000558 0.008336 0.011474 0.006495 -0.006704 0.001799 0.007223 
-0.015483 -0.010843 -0.007626 0.002778 -0.000220 0.009503 0.000861 -0.004443 
0.016412 -0.002868 0.005656 -0.004312 0.015034 0.006839 -0.011544 -0.004168 
-0.018777 -0.004753 0.001010 0.004156 0.000621 0.012843 0.005541 0.007093 
0.021234 -0.002233 -0.010023 -0.002246 -0.004002 0.003093 0.008053 -0.001118 
-0.009565 0.024452 0.003242 -0.003693 -0.012049 -0.008177 0.014997 -0.007777 
0.023204 -0.000888 0.002600 -0.003324 -0.013734 0.008479 0.013565 0.000304 
0.027040 0.000376 0.000665 -0.004601 0.003447 0.000092 -0.002058 0.001308 
-0.018783 0.007134 0.004653 -0.002695 0.006342 0.005885 0.013421 0.000950 
0.012898 0.004584 0.003348 0.001341 -0.005469 0.004457 -0.004452 -0.010049 
-0.017729 -0.008393 0.002636 -0.002563 -0.013226 0.002319 -0.012507 0.004217 
0.000965 -0.002167 0.002024 0.008154 -0.006875 -0.007983 0.003298 0.001936 
0.002608 0.000841 0.005333 -0.007923 -0.001578 -0.000842 -0.004066 -0.000238 
-0.003694 0.000021 -0.005025 -0.017249 0.001732 0.009887 0.001935 0.005761 
0.006649 -0.003386 0.000667 0.000559 -0.008171 0.000304 0.007318 -0.001787 
0.001297 -0.002817 -0.006214 0.009100 0.009721 -0.001649 -0.003540 -0.009406 
0.014824 0.007848 -0.005445 -0.006314 0.007241 -0.002344 -0.013082 -0.003616 
-0.012946 -0.009848 0.001664 -0.005104 -0.002046 0.003717 -0.014278 -0.003291 
0.021826 -0.013911 -0.004130 -0.005857 -0.000384 -0.003561 -0.000427 -0.004133 
-0.021693 -0.000692 0.008871 -0.008260 -0.004223 0.008737 0.003198 -0.004339 
0.009581 0.000803 0.004996 0.011704 0.003970 0.003236 -0.006795 0.003475 
-0.022293 0.003868 -0.004050 -0.005344 0.005996 0.005105 0.012113 0.001249 
0.009840 -0.016264 0.013031 0.003446 -0.009846 -0.009746 0.012100 -0.007150 
-0.008548 -0.001208 -0.009803 -0.001408 0.000781 -0.009568 -0.011407 -0.004891 
0.010017 0.012547 -0.015388 0.018518 -0.001263 0.003529 0.002863 -0.010180 
0.008943 -0.000131 -0.005977 -0.014536 0.007640 0.001919 -0.013329 -0.007253 
-0.002793 0.004895 0.001859 -0.002146 -0.004526 -0.003273 0.014185 0.006589 
0.018798 -0.007858 -0.003928 0.000747 0.002707 -0.001567 0.000611 0.008837 
-0.024505 0.005351 0.011108 0.002364 -0.000002 -0.004324 -0.000546 -0.002496 
0.003461 0.006769 -0.005929 0.002583 0.003888 0.000327 0.002693 -0.001372 
-0.014298 0.007098 -0.006342 -0.002607 0.006522 0.011858 0.005222 -0.001883 
0.000602 -0.004083 0.001955 0.001979 0.001178 -0.007937 0.008130 -0.008427 
-0.007546 0.004202 0.002395 0.003616 -0.005227 -0.006630 0.002175 0.008621 
-0.007480 -0.004097 -0.014796 -0.007698 0.009128 0.003885 0.000652 0.002723 
0.006274 0.004211 0.009715 0.000517 -0.000446 -0.000388 -0.006432 0.005533 
-0.015971 -0.001166 0.003823 -0.010158 0.005092 -0.011271 0.006271 0.012846 
0.006746 -0.002173 0.000884 -0.001611 -0.004180 0.000560 -0.008522 0.000421 
-0.014121 -0.011767 -0.001445 -0.001891 0.004416 -0.004216 0.006355 -0.006469 
0.017358 -0.002478 -0.000207 0.002395 -0.012848 -0.006556 0.001985 0.002099 
-0.013641 -0.000027 0.005416 -0.002325 0.003425 -0.005639 -0.001721 0.005864 
0.016330 -0.003965 0.004938 0.002645 0.003510 0.003577 0.001799 -0.003526 
-0.026134 0.003040 -0.002556 -0.001796 0.006895 0.000371 -0.008166 0.009822 
0.015759 0.007267 0.004382 0.003947 0.000818 0.002697 0.003732 0.000237 
-0.010111 0.006988 0.000725 -0.014889 0.003320 0.002682 -0.014470 0.002535 
0.021272 -0.005128 -0.010353 0.009253 -0.003008 0.014936 0.009298 0.001600 
0.006841 0.045843 0.003337 0.006901 -0.008315 0.000181 0.004233 -0.000149 
0.029038 0.016748 0.029895 0.021491 -0.003116 -0.011666 0.006877 0.001935 
0.015203 -0.007708 -0.011004 0.001910 0.006317 0.010634 0.008648 -0.005525 
-0.010919 0.002968 -0.003350 -0.002513 0.004317 0.004494 -0.003132 -0.007280 
0.003390 -0.006580 -0.007568 -0.002096 0.004693 0.005347 -0.005082 -0.004786 
-0.005749 0.002053 -0.000326 0.000059 0.002218 0.007729 -0.007508 -0.006972 
0.009615 -0.007902 -0.002971 -0.001806 0.005109 -0.009260 -0.004460 0.007643 
-0.004707 0.005449 0.002547 0.003460 -0.000153 -0.001556 -0.003056 -0.001595 
-0.010735 0.004453 -0.004261 -0.006085 0.001132 -0.005169 0.002703 0.007113 
0.012328 -0.001938 -0.005220 0.002742 0.000373 0.002540 0.007801 -0.005012 
-0.000028 -0.000174 0.000732 -0.001342 -0.005045 0.000679 -0.004080 -0.001631 
0.014226 0.011117 0.003699 0.003802 0.003137 -0.001188 0.000363 0.003076 
0.003170 0.005042 -0.007988 0.009363 -0.007365 -0.003422 0.015333 0.005838 
0.014297 -0.000913 0.005601 0.001131 0.003485 0.003091 0.020358 -0.005150 
-0.016169 0.003422 -0.003516 0.003602 0.000597 0.000559 -0.001265 0.003648 
0.013289 -0.002299 0.008442 0.001575 0.002106 -0.005022 -0.003118 -0.004087 
-0.008053 -0.007097 -0.001728 -0.000258 -0.002954 0.006957 -0.005133 -0.001673 
0.024763 0.000865 -0.008794 -0.006668 -0.006306 0.013554 -0.008296 -0.003751 
-0.016810 0.014804 0.006777 -0.002074 0.005316 -0.003675 -0.003207 0.005730 
0.008361 0.000222 0.002789 0.002917 -0.014481 0.000163 -0.010997 -0.001569 
-0.047531 0.010734 -0.000133 0.003910 0.018013 -0.011186 -0.002171 -0.003733 
0.030453 -0.003338 0.012588 0.008647 -0.021377 0.016182 -0.000530 -0.016760 
0.013504 -0.009507 -0.000173 0.005561 -0.002941 0.000330 -0.006718 0.003105 
0.002417 0.000527 0.001177 -0.005421 0.014592 -0.005084 0.006934 0.002001 
0.007949 -0.001019 0.000996 0.009557 0.003076 0.004793 -0.001381 0.001737 
-0.001299 0.004501 0.003038 0.009986 0.006235 0.009315 0.010174 -0.007010 
0.000492 -0.000690 -0.008491 0.000073 0.000026 0.001146 0.003775 0.005402 
-0.006421 -0.001338 -0.000948 -0.005575 -0.004078 0.001363 -0.000622 0.001554 
-0.003848 -0.001333 0.013035 -0.000664 0.008840 0.000998 -0.006292 -0.000258 
-0.003865 0.007483 -0.000418 -0.001461 -0.003315 0.003817 0.003422 -0.004211 
-0.003108 -0.000414 -0.000280 0.007170 -0.012933 0.002867 0.001606 -0.010099 
0.006964 -0.002542 -0.000422 0.003897 -0.007006 0.005685 0.008704 -0.003478 
-0.014265 0.000551 0.009970 0.001102 0.001768 0.002226 0.002410 -0.007112 
0.004535 0.007432 0.003375 -0.001839 -0.001635 -0.000052 0.011422 -0.006432 
-0.010537 0.008033 -0.013155 0.003466 0.012779 0.001684 0.009034 -0.000809 
0.004560 -0.007700 0.007329 0.010338 -0.007908 -0.008557 -0.005024 0.008851 
-0.010623 -0.005236 -0.001743 0.002730 -0.000489 0.008529 -0.000294 0.007325 
0.015141 0.005364 -0.006490 -0.003781 -0.009099 0.013808 -0.002396 0.000378 
-0.013405 0.014348 0.011942 -0.000918 -0.000221 0.004098 -0.014914 0.009395 
0.009772 0.023465 -0.003620 0.007204 0.004368 0.010403 0.009565 0.005464 
0.002876 0.012074 -0.003293 0.001091 0.003529 0.006733 -0.004515 -0.004839 
0.009365 -0.008243 0.025278 0.016186 0.010959 -0.000273 0.026552 -0.009550 
0.020760 0.006260 0.004133 -0.004322 -0.002772 0.000263 0.003694 -0.006267 
-0.009896 -0.001937 0.000622 -0.011741 0.000607 0.007574 -0.012458 -0.004003 
0.007470 -0.002033 0.000332 0.001792 -0.004480 -0.000807 0.001653 0.017055 
-0.004105 0.006085 -0.000109 0.003411 -0.002375 -0.003256 0.002101 -0.007460 
-0.000660 -0.000847 -0.004846 0.004014 0.002622 -0.002056 -0.005347 0.004981 
0.000009 0.002447 -0.011092 -0.011734 -0.003914 0.006627 -0.001110 0.006022 
-0.002095 0.002380 -0.003322 -0.002996 0.002755 -0.003455 0.006299 0.004887 
-0.000954 0.000019 0.000498 -0.000824 -0.001483 -0.004823 0.001065 0.005895 
-0.002094 0.001402 -0.002184 0.005953 0.000869 -0.002634 -0.004825 0.002560 
0.006948 -0.003870 0.002124 0.005066 0.006345 -0.007920 0.006732 0.004221 
-0.006471 -0.001704 -0.004441 -0.000178 0.002614 0.001718 -0.003442 -0.003750 
-0.000248 0.005322 0.004619 0.007154 -0.019053 -0.005280 0.001340 0.014099 
-0.015718 0.000117 -0.003435 0.004282 -0.006175 0.005706 0.007744 -0.005043 
0.003368 -0.015659 -0.001785 -0.011628 0.005213 0.004198 0.010305 0.006640 
-0.014646 0.012522 0.009178 -0.000904 0.002633 -0.005664 0.006181 0.003273 
0.001443 -0.005841 0.003023 0.009552 -0.004914 -0.002663 0.003966 -0.011247 
-0.016635 -0.008322 0.006597 0.000365 -0.004004 -0.024812 0.006164 0.005919 
-0.003578 0.000006 0.006583 -0.005961 0.009518 0.001994 -0.001497 0.005799 
-0.040525 0.008407 -0.006631 -0.002024 0.005514 -0.006895 0.013167 0.011049 
0.006524 -0.007439 -0.003969 -0.006287 -0.016647 -0.011115 -0.008468 -0.009622 
0.013089 -0.001381 0.001310 -0.003481 0.000648 0.000458 -0.000743 0.004367 
-0.000893 -0.000859 0.002836 0.002853 -0.002200 -0.000202 -0.004095 0.008213 
0.011023 -0.001742 0.005164 0.005781 -0.006054 -0.002550 0.008310 -0.008008 
-0.007970 0.009346 0.002485 0.001719 0.004135 -0.010238 -0.001140 -0.005686 
-0.000798 0.004024 -0.006283 0.000028 -0.001739 0.002025 0.003649 -0.003049 
0.002390 -0.011991 -0.002348 0.006661 0.005804 -0.012014 0.003378 -0.003091 
0.008525 0.000009 -0.004900 -0.003125 0.003234 -0.003424 -0.004222 -0.001059 
-0.001058 -0.005111 0.005348 -0.003911 -0.007194 0.005799 0.006217 0.002209 
-0.012740 0.009302 0.005180 -0.005428 0.002255 0.000658 -0.006102 0.000478 
-0.004201 -0.009490 -0.003002 0.000281 0.004836 -0.001533 0.006875 -0.001605 
-0.005423 0.008523 -0.001178 -0.003102 -0.001281 0.007960 0.004041 0.001599 
-0.009792 -0.002478 0.001205 -0.003755 0.005336 0.001847 0.004536 -0.004823 
-0.004537 0.002298 0.003748 0.003623 -0.007857 -0.011911 0.002943 0.007329 
0.008949 -0.009288 -0.000834 0.001817 -0.010728 0.002571 -0.006614 -0.003799 
-0.006219 0.001095 -0.007792 -0.001764 0.004935 -0.006353 -0.010165 0.006385 
0.008823 0.003068 -0.000647 -0.002392 -0.001869 -0.001480 0.000688 -0.001244 
-0.016044 0.012781 -0.008519 -0.009855 -0.001225 -0.005642 -0.002576 0.008067 
-0.010874 0.004551 0.013993 0.016912 -0.001598 0.015149 -0.007454 0.002454 
0.016201 0.028657 -0.002271 -0.005114 0.007549 0.007860 0.011588 -0.009688 
0.008806 -0.011572 0.009349 0.014855 0.015633 0.002366 -0.001328 0.021322 
0.005118 0.004218 0.004993 0.001378 0.005148 -0.000120 0.004588 0.006386 
-0.011248 -0.006331 -0.001609 -0.000186 0.004007 -0.000710 0.000502 -0.003969 
0.006598 -0.001397 -0.005138 -0.007060 -0.001875 0.003363 -0.008505 0.001367 
0.000732 0.005843 -0.004811 -0.007274 0.009135 -0.002277 -0.002701 -0.000345 
-0.002301 -0.009017 0.005894 -0.010025 0.002549 0.003896 -0.006809 0.000833 
-0.001010 -0.003107 -0.005156 -0.000055 0.004245 -0.003553 0.000718 0.005906 
0.005931 0.000622 0.000946 0.003385 -0.000943 0.001002 -0.000097 -0.003601 
0.008201 0.007280 -0.006105 0.000183 0.001264 -0.000656 -0.001854 -0.000374 
0.002249 0.003164 0.005567 0.004972 -0.001027 -0.002403 -0.000240 0.007402 
0.000055 0.006239 -0.000591 0.001162 -0.002888 0.001567 -0.003803 -0.007373 
-0.002773 0.001955 0.003349 -0.002734 0.003026 0.007475 0.008861 0.013756 
-0.000519 0.001789 -0.007361 -0.003697 -0.004291 0.001345 0.001603 -0.003171 
-0.004499 -0.002371 0.009425 -0.002947 0.000639 -0.007402 -0.001762 -0.002501 
0.010591 0.002192 0.002169 -0.000107 0.004294 0.011050 -0.002396 -0.003600 
-0.002704 -0.004811 -0.004345 0.002855 -0.006968 0.020906 -0.009445 0.000069 
0.024423 -0.000144 0.005478 -0.007977 -0.010013 0.002600 0.008695 -0.013931 
-0.011163 0.003978 -0.007312 -0.008445 -0.001023 0.004867 -0.009252 -0.006144 
-0.003215 -0.007852 -0.003296 0.001527 0.005654 0.010058 0.004515 -0.015259 
-0.002332 -0.008694 -0.000581 -0.016786 -0.013955 0.005951 -0.011103 -0.027822 
0.018494 -0.000489 -0.001144 -0.004546 0.000729 0.001666 0.006113 0.013205 
0.012039 -0.011022 0.003623 0.006246 -0.004085 -0.005611 -0.004172 -0.006564 
-0.004884 0.000434 0.008214 0.006551 0.000392 -0.004536 0.003178 0.005903 
0.001598 -0.007774 -0.003125 -0.001456 -0.000286 -0.012400 0.001433 0.002383 
-0.006559 -0.004206 -0.006618 0.000473 -0.000136 0.005674 -0.001946 0.004794 
0.001638 -0.002764 0.001643 0.009839 0.003784 -0.004747 -0.006381 0.002687 
-0.000464 0.001118 0.012054 0.007482 0.000171 0.001201 0.000789 0.004091 
0.000070 -0.010155 -0.006487 -0.003552 0.003667 -0.006814 0.005659 -0.005667 
0.003797 0.007256 -0.001238 0.003748 0.007193 0.002931 -0.010772 -0.002025 
-0.004354 -0.001840 0.000572 0.005726 0.016006 -0.002903 -0.015188 -0.004199 
0.006975 0.002351 -0.002641 0.003743 0.005945 0.004964 -0.009697 -0.002167 
-0.003021 -0.001284 0.003744 -0.004902 0.002231 0.008370 -0.007936 0.004967 
0.002987 0.001502 0.000435 0.002428 0.004741 0.000931 -0.008736 -0.012098 
-0.005154 0.006011 0.003100 0.004555 0.004041 0.003105 0.000283 -0.010723 
0.003752 -0.002262 0.003818 -0.008875 0.008872 0.009575 -0.015206 0.007566 
-0.000569 0.000121 -0.002371 0.001832 0.001014 -0.002416 0.002813 0.000397 
0.017601 0.005385 -0.003487 -0.005393 -0.003204 -0.005465 -0.005080 -0.005214 
-0.004628 -0.012400 -0.003388 -0.005757 0.003802 0.004605 -0.007210 -0.005865 
0.010016 0.006408 -0.000821 0.006421 -0.000145 0.016488 0.014157 -0.006949 
0.035658 0.000348 -0.006627 0.017248 0.010415 0.013101 0.015306 -0.004856 
0.008874 -0.011804 -0.003617 -0.001533 -0.004223 -0.004138 -0.010521 0.002004 
-0.002092 -0.003584 -0.008314 0.009288 -0.005950 0.001557 0.001890 0.003943 
-0.000791 0.001053 0.005129 0.005925 -0.001781 -0.000610 -0.002321 -0.006662 
0.014711 0.013452 -0.003087 -0.000073 -0.005707 -0.007729 0.006010 0.002229 
0.009810 0.002966 0.000029 0.002681 0.001786 0.008270 0.004634 -0.003468 
0.001648 0.008010 0.002207 0.005094 0.000376 0.005004 -0.012410 -0.005958 
0.002905 -0.000844 0.002427 -0.002608 -0.005288 -0.000781 -0.000854 0.004012 
-0.006942 -0.003068 0.003505 0.008203 -0.007087 -0.005872 0.003125 -0.003670 
-0.000684 -0.002166 -0.005239 0.002368 -0.004098 0.007536 0.001830 -0.004865 
0.004543 -0.005012 0.001985 0.000003 0.005005 -0.002454 0.001875 -0.006016 
0.002166 0.008284 0.010715 -0.000252 -0.001086 -0.007157 0.003702 -0.000151 
-0.004256 0.003237 0.000538 -0.005611 0.002088 -0.008106 -0.007578 0.001183 
0.002336 0.007188 -0.004863 -0.002147 -0.004088 0.007848 0.000674 0.003226 
-0.006299 -0.000157 0.002956 0.001848 -0.000054 0.006839 0.004414 0.011445 
-0.004238 0.001936 -0.006785 -0.008293 -0.005829 0.008650 0.004142 -0.007956 
-0.004877 0.004902 -0.007444 0.005909 -0.008539 0.007381 0.010052 0.005784 
-0.000117 0.007630 0.002108 -0.012862 0.008364 0.009313 0.012871 0.000432 
0.005132 0.019696 0.005908 -0.013716 0.000457 -0.000534 -0.006049 0.009558 
-0.000576 0.010271 0.004280 0.001677 -0.011760 -0.007271 0.005079 -0.011481 
-0.009085 -0.037387 -0.019037 -0.002949 0.007245 0.025155 0.001340 -0.001956 
0.018745 -0.002186 0.003496 -0.009803 -0.017472 -0.003422 -0.012149 -0.004744 
0.000103 -0.001493 0.000707 0.008639 0.008128 0.000438 -0.003003 0.007433 
-0.013947 0.006730 0.005105 -0.001636 -0.007075 -0.003266 0.000841 0.005798 
0.003784 -0.004017 0.004361 -0.000792 0.005832 0.004305 -0.005732 0.008727 
-0.010651 -0.005042 0.007093 0.009899 0.004340 -0.002569 -0.004554 0.008672 
0.006476 -0.001156 -0.002613 -0.006082 0.003722 0.007196 -0.007950 0.006925 
-0.007323 0.004621 -0.006097 -0.010227 -0.005505 -0.003438 -0.002240 0.001522 
-0.004403 -0.005707 -0.007814 -0.000892 0.001756 0.004292 0.010265 -0.001558 
0.003527 0.000017 0.007565 -0.004535 0.001725 0.005660 -0.004232 -0.000664 
-0.001068 0.005232 -0.005083 -0.003037 0.002037 -0.002454 -0.000167 0.004816 
0.000581 0.002422 0.002955 -0.006628 -0.002448 0.008307 0.005554 -0.003436 
-0.000851 -0.007461 -0.006758 -0.002630 0.006663 -0.005125 -0.000537 -0.000729 
0.010490 0.007446 -0.001695 -0.005896 -0.001297 0.009270 -0.000251 0.005878 
0.006504 -0.003305 -0.002750 -0.006430 0.002710 0.007202 0.011843 -0.003833 
0.005486 -0.005022 -0.003119 -0.001961 -0.010567 0.011080 -0.004420 0.001404 
-0.004182 -0.013727 -0.002870 0.007007 -0.001034 0.000304 -0.005201 0.003942 
0.014031 0.008282 -0.015037 0.004540 -0.005153 0.003850 0.008531 -0.014713 
-0.001921 -0.010706 -0.013082 0.007618 0.005654 0.003394 -0.000387 -0.006847 
0.000653 -0.008455 -0.001008 0.002659 0.006255 -0.004643 0.000647 0.001114 
0.031141 -0.003356 -0.020765 0.008272 0.000539 0.005444 -0.007362 0.008259 
-0.008932 -0.001158 0.010727 0.004323 0.015935 -0.011887 -0.000753 -0.000268 
-0.008043 0.002774 0.005959 0.013265 -0.000103 -0.009280 0.003732 -0.005300 
-0.008457 0.003520 0.007737 0.010466 0.000766 0.005754 0.007670 -0.001978 
0.001076 -0.002861 -0.005561 0.006785 -0.000144 -0.003944 0.004457 -0.010559 
-0.015854 0.000864 -0.000704 -0.003180 0.008248 0.001762 -0.000643 0.008359 
-0.000616 0.000124 -0.004770 -0.000623 -0.005612 -0.001989 0.000581 -0.000056 
-0.009826 0.008458 -0.008794 -0.008910 0.000608 -0.004681 0.000895 -0.003062 
0.001790 0.006942 0.006188 0.000702 0.001034 0.003014 0.005313 -0.001353 
-0.000253 0.001556 0.003452 0.004358 0.000910 0.005351 0.005200 -0.004785 
0.011557 0.006432 0.002515 -0.004884 0.000236 -0.003690 0.004623 0.005851 
0.014188 -0.000192 -0.000888 -0.007085 0.005164 -0.001546 -0.001918 -0.005587 
-0.001270 0.006847 -0.007459 -0.006593 0.001983 0.005793 -0.002862 -0.014797 
0.009808 -0.011335 -0.001635 0.011262 0.000950 -0.018189 0.012592 0.009764 
0.012421 -0.002456 -0.004435 -0.007865 -0.005228 0.004699 0.007083 -0.004207 
0.009710 0.004934 -0.002502 -0.004361 -0.006074 0.000462 -0.001889 -0.001514 
-0.004003 0.019244 -0.011560 -0.006909 -0.013941 -0.011906 0.001154 0.008091 
0.016114 -0.002062 0.006821 0.006630 0.004888 0.003465 0.008195 -0.013370 
0.006016 0.018511 -0.002637 -0.001677 -0.002395 -0.005128 -0.002439 0.005299 
0.003959 0.011882 0.006479 0.003965 0.015624 0.011603 -0.005372 -0.017302 
-0.024368 0.005114 -0.019279 -0.015726 -0.006262 -0.008991 0.006985 0.010458 
-0.010755 0.003250 -0.011263 0.010719 0.006704 -0.008230 -0.007640 -0.030959 
-0.007618 -0.003311 -0.005042 0.001457 0.006996 0.005422 -0.003876 0.004044 
-0.031397 -0.008901 0.004630 -0.002939 0.007029 0.005785 -0.006762 0.006564 
-0.009671 -0.002282 0.001229 0.008060 -0.015220 0.003786 0.009340 -0.002880 
-0.017187 0.001730 0.004179 -0.005987 -0.004617 0.002093 -0.000739 -0.004117 
0.003727 -0.002593 0.010456 0.000807 -0.000939 0.000814 0.000424 -0.004500 
-0.008637 0.019647 -0.005907 0.004374 -0.001702 -0.000087 0.002376 -0.002705 
-0.001385 0.003563 -0.003477 -0.000278 -0.005144 0.006798 0.006704 -0.008548 
0.003187 -0.005636 -0.003580 -0.016208 -0.007444 -0.001580 0.002729 0.003780 
-0.001215 0.003634 0.004859 -0.007939 0.002483 0.006083 0.000786 -0.005158 
0.012303 0.000144 0.004542 -0.011180 0.007783 0.012487 0.005206 -0.003134 
-0.008546 -0.001905 0.012252 0.000519 -0.010066 0.001464 -0.003476 -0.002104 
0.028231 -0.004852 0.004108 -0.005267 -0.002772 0.006268 0.005966 -0.005068 
0.013212 -0.008104 -0.001557 -0.003404 -0.011745 -0.007796 -0.009160 0.000294 
0.029976 -0.002107 0.007260 -0.012287 0.006575 0.002097 0.001425 0.003680 
0.015201 0.003825 0.009127 -0.004506 -0.004471 0.014189 -0.018206 0.012712 
0.045465 -0.000924 -0.001317 -0.016799 0.013802 0.001709 0.004539 -0.012890 
0.007161 0.015082 0.014274 -0.020748 -0.007956 -0.007287 0.001287 -0.000499 
0.055015 -0.008047 0.017587 -0.024802 0.009500 -0.006108 0.005999 -0.007913 
0.029776 0.001283 -0.007741 0.009938 -0.010467 0.010462 -0.009127 -0.003847 
0.027122 0.002592 0.017040 -0.005577 0.010940 -0.008214 -0.001191 -0.007138 
-0.002114 -0.014997 0.007977 -0.000455 -0.001696 0.009993 0.002576 0.002614 
-0.048839 -0.004648 0.007840 -0.010481 0.005460 0.009096 0.004355 0.001624 
0.008843 -0.019461 0.001345 0.009004 -0.014402 -0.002083 0.009364 -0.005120 
-0.044227 -0.007109 0.009388 -0.010840 -0.003760 0.010657 -0.006631 -0.005986 
0.009145 -0.007508 0.003102 0.003890 -0.006778 0.009643 -0.002212 0.010684 
-0.011652 -0.003380 -0.001291 -0.003650 0.003578 0.001687 0.006265 -0.001599 
0.000618 -0.008991 -0.005503 0.003490 -0.009530 0.005487 0.002542 -0.002830 
0.001018 0.002925 0.010651 -0.005836 0.004481 0.013165 -0.001526 -0.001716 
0.000830 -0.008685 0.005557 0.002087 -0.011168 -0.004211 0.004436 0.003260 
0.027801 -0.005293 0.001292 -0.005512 0.001287 0.014349 0.011616 0.001978 
-0.004247 0.007805 0.005442 0.004964 -0.005529 0.003275 0.008082 0.001241 
0.048196 -0.007886 0.021628 -0.010480 0.012365 -0.000847 0.001945 -0.012471 
0.011038 -0.002321 -0.001972 0.017225 -0.026365 0.016631 -0.003365 0.009799 
0.052358 0.004906 0.009916 -0.012879 0.017097 0.016668 -0.003599 0.002598 
0.012204 -0.016964 0.006576 0.001758 -0.021033 0.016237 0.001045 0.006024 
0.075752 -0.001836 0.017910 -0.021108 0.028744 0.007420 0.001999 -0.005331 
0.017373 -0.003362 -0.011405 -0.011318 -0.022005 0.024174 0.003902 -0.005988 
0.064984 0.016453 0.039292 -0.015751 0.005946 0.027282 0.008708 -0.012463 
-0.010806 -0.035586 0.020204 0.012057 -0.034344 0.039764 0.016381 0.011094 
0.073372 -0.034592 0.000894 0.015280 0.030847 0.004002 -0.027285 -0.026004 
-0.004513 0.014161 0.010111 0.011838 -0.003379 0.014086 0.007784 0.007703 
-0.030309 -0.043786 0.016428 -0.007684 0.015006 0.020030 -0.007749 -0.000275 
0.000933 -0.007464 0.024516 -0.002377 -0.010897 0.005124 0.008878 -0.001550 
-0.017525 -0.024746 0.024146 0.003984 0.018104 0.017722 0.009920 0.001991 
0.005092 -0.007823 0.017967 -0.014083 0.000080 0.004381 0.024134 0.010579 
0.024993 -0.027833 0.026875 -0.008238 0.034965 0.022531 0.005084 0.001226 
0.007843 0.002865 0.021812 -0.020388 -0.000521 -0.008841 0.019084 0.036496 
0.038484 -0.031281 0.018910 0.000829 0.024542 0.016269 0.004161 0.002853 
0.019339 0.004337 0.007017 -0.002264 0.000581 0.005756 0.036798 0.012890 
0.044627 -0.050704 0.037911 -0.009909 0.041422 0.018318 0.013722 -0.018091 
0.029672 -0.000363 0.035088 -0.018739 0.011911 -0.008957 0.029582 0.005144 
0.065402 -0.037715 0.049897 0.019241 0.043867 0.030727 0.007707 -0.010015 
0.000853 0.001144 0.020731 -0.019738 0.009113 0.003009 0.008042 0.021915 
0.073916 -0.042667 0.041277 -0.014129 0.051693 0.026950 0.009946 -0.009266 
0.026577 0.011380 0.032872 -0.014232 -0.011280 -0.009054 0.010702 0.031110 
0.100329 -0.053327 0.032170 0.005977 0.054697 0.037372 0.011038 -0.013886 
0.014170 -0.028051 -0.005307 -0.030221 0.065269 0.002732 0.019878 0.038431 
0.086095 -0.059784 0.045977 -0.031893 0.025023 0.066123 -0.024660 -0.031977 
-0.042753 0.017650 0.019666 0.006494 0.001690 -0.006280 0.046612 -0.027810 
0.091321 -0.039129 0.068828 0.050343 0.099281 0.008027 -0.023010 0.015378 
-0.029684 0.010529 -0.000588 -0.002822 0.006767 -0.011191 0.001368 0.005225 
0.004015 0.006859 -0.010294 0.001977 0.001654 -0.009792 0.003075 -0.006625 
-0.039227 -0.004938 0.002048 -0.009960 -0.005218 0.000590 0.002619 -0.002118 
0.023546 0.005557 -0.006552 0.006267 -0.007202 -0.004356 -0.004906 0.000522 
-0.009395 0.000685 -0.007849 -0.000983 -0.004324 0.006335 0.003650 0.001581 
0.007685 0.009373 0.003355 -0.000546 0.012423 0.007060 0.000560 0.007222 
0.001221 -0.000413 -0.000147 -0.005919 -0.007678 -0.003713 0.007900 -0.015355 
-0.004483 0.000566 0.003987 0.003463 0.000094 0.001968 0.003242 -0.005546 
0.018282 -0.007970 0.001036 -0.002323 0.006225 -0.006314 -0.006175 -0.011461 
-0.001637 0.004458 0.001323 -0.007194 -0.001428 0.004297 -0.010936 0.004256 
0.032749 0.002540 0.004570 0.007112 0.002471 -0.004136 0.001577 0.007489 
-0.011694 -0.001813 0.011243 -0.010838 0.006437 0.010047 0.006241 -0.001737 
0.048971 -0.003269 0.000151 0.003397 -0.009589 0.009201 -0.006223 0.000766 
-0.011922 -0.006152 -0.014096 -0.003128 0.001359 -0.004277 -0.007547 -0.007294 
0.040584 0.012052 -0.000755 0.006181 0.002090 -0.003500 0.001320 -0.003228 
-0.013555 -0.000829 0.000118 -0.002288 -0.009867 0.002453 -0.000279 0.001835 
0.031757 0.000229 0.008369 0.002842 0.014450 -0.006011 -0.003647 0.007689 
-0.004023 -0.000004 -0.002351 -0.005354 0.000068 0.001558 -0.004382 -0.001150 
0.048553 0.018773 0.004454 0.009555 0.005239 0.003921 0.001689 0.000411 
0.041020 -0.004647 0.003223 0.000813 0.006244 0.001964 -0.011048 0.008538 
-0.016543 -0.004003 0.001456 -0.005049 -0.001620 0.006444 -0.007807 -0.005606 
-0.017893 -0.001546 -0.003016 -0.013355 0.001026 -0.000319 -0.016121 0.003795 
-0.005722 -0.007110 0.005665 0.002017 -0.004284 -0.001875 -0.005201 -0.005534 
-0.009935 0.007533 -0.000569 -0.008839 -0.001976 0.004339 -0.001780 0.002777 
-0.007551 0.006400 -0.003827 -0.015411 -0.002947 -0.006920 -0.005420 0.000168 
-0.002150 0.000193 -0.002299 -0.006717 0.001833 -0.000684 0.001244 -0.003003 
0.003708 -0.006862 0.010868 0.007549 0.001404 0.003631 0.013919 -0.002315 
-0.002575 -0.008531 -0.002115 -0.007572 -0.004221 0.007742 -0.004377 -0.001575 
-0.004493 -0.000058 0.020010 0.006030 0.011652 0.007640 0.008201 0.001847 
-0.000956 0.007250 -0.001362 -0.007787 -0.005088 -0.006577 0.002556 0.010463 
0.010207 0.002325 0.003432 -0.001523 -0.003234 0.002595 0.008897 -0.007399 
0.006902 0.000052 0.012872 0.003044 -0.006241 0.002287 -0.005456 0.006172 
0.012396 0.005540 -0.006894 -0.000639 0.000025 0.011750 0.012180 0.006047 
0.014286 -0.002275 -0.003670 0.008489 -0.003834 0.007167 -0.013280 -0.002949 
0.006175 0.008656 0.000580 -0.009939 0.000174 -0.000189 0.007778 0.006310 
0.027019 0.015722 0.010116 0.008063 0.011963 0.005648 0.006499 0.013220 
0.022798 0.012692 0.003600 -0.001470 -0.003587 0.012239 0.018406 0.008326 
-0.027200 0.007682 -0.008916 -0.005073 0.011792 -0.004446 0.006404 -0.004852 
-0.005257 -0.004239 0.000837 0.014954 0.029695 0.009086 0.006741 -0.007613 
-0.039536 0.001582 -0.006573 0.016181 0.006211 -0.003568 -0.004864 -0.002231 
-0.033216 0.010311 -0.004580 0.004634 -0.000801 0.000353 0.000467 0.003141 
0.003708 0.007727 -0.006366 0.004626 -0.000102 -0.005679 0.003759 0.001748 
-0.039130 -0.001244 0.002421 -0.014157 -0.000370 -0.001816 -0.001918 -0.010517 
0.019977 0.005908 -0.006697 0.002947 -0.000727 -0.002714 -0.005374 0.002938 
-0.010537 0.000184 -0.005191 -0.001061 -0.002562 0.007497 0.000602 0.005117 
0.006049 0.006291 0.001216 -0.000144 0.010045 0.002033 0.002248 0.004947 
0.002850 0.000374 0.003551 -0.001376 -0.002851 -0.009322 0.003229 -0.003428 
-0.002790 -0.004416 0.005189 -0.000602 0.004567 -0.003426 -0.004768 0.002694 
0.018815 -0.006717 0.002391 -0.004095 0.006758 -0.004946 -0.003407 -0.008823 
-0.003174 0.004372 0.000463 -0.001186 0.004878 0.005153 -0.008022 0.004258 
0.034229 0.003171 0.001058 0.009304 0.005326 -0.005768 0.004290 0.010838 
-0.009594 0.000037 0.006348 -0.007606 0.011074 0.009785 0.012031 0.002522 
0.050942 -0.007076 -0.000451 0.003477 -0.010521 0.003473 -0.007975 0.005363 
-0.008732 -0.006173 -0.012709 -0.005858 0.000340 0.004448 -0.007814 -0.012361 
0.043078 0.011367 -0.002218 0.006308 0.006719 -0.003922 0.002230 -0.000773 
-0.010146 0.002575 0.000336 -0.001601 -0.007776 -0.000403 -0.002944 0.000718 
0.036491 -0.005426 0.008310 0.001334 0.013893 -0.003857 0.002984 0.010443 
-0.008447 0.001104 -0.003410 -0.001857 -0.005001 0.002045 0.000108 0.002277 
0.045949 0.022827 0.004043 0.006850 -0.000140 -0.002498 0.002103 0.002739 
0.037763 -0.007905 0.001120 -0.000879 0.006266 0.003401 -0.010511 0.008089 
0.014062 -0.006219 0.009582 -0.005272 0.003245 -0.005046 -0.006839 0.005352 
-0.011571 0.002661 -0.010560 0.004657 -0.009007 0.003797 0.011573 -0.001332 
0.008675 0.011750 -0.004287 -0.007628 0.003187 -0.004261 -0.003543 -0.006111 
-0.006451 -0.001777 0.008320 0.005267 -0.001686 0.003287 0.000318 -0.010444 
0.002688 -0.001694 0.002616 -0.006341 -0.000712 -0.005075 0.005212 0.000878 
-0.003936 -0.008716 0.002939 0.001885 -0.002407 -0.003318 -0.004262 0.007325 
-0.001670 -0.006574 0.000368 -0.006488 0.002242 -0.003493 0.004710 -0.004214 
-0.012852 -0.000083 0.007686 -0.000415 -0.004771 -0.005594 -0.003200 -0.000736 
-0.008805 0.001450 0.000052 0.002608 0.000314 -0.001770 0.002001 0.008151 
-0.003204 -0.010254 -0.005092 -0.003128 -0.003104 -0.003838 -0.001328 0.000304 
-0.010730 0.007480 -0.011878 -0.004682 0.006115 0.001854 0.001575 0.000305 
-0.003892 -0.003297 0.009468 -0.003988 -0.000119 -0.026896 -0.004836 -0.004078 
-0.021901 0.004103 -0.009193 -0.001364 -0.005085 -0.010939 0.005330 0.000550 
0.013179 -0.001959 -0.004709 -0.007215 -0.003484 -0.029038 0.002143 0.000190 
-0.021538 0.012426 0.002743 0.002922 0.003241 -0.018326 0.008445 -0.006527 
0.006318 -0.003109 0.009623 -0.009951 0.010362 -0.037952 0.014395 0.006582 
-0.004283 0.008521 0.000808 -0.001689 0.004917 -0.036070 0.008089 -0.005363 
-0.001054 -0.009969 0.003839 0.007499 0.002246 -0.044397 -0.002488 0.001336 
-0.034391 0.052938 -0.001494 0.003886 0.010589 -0.030250 0.011838 0.005959 
0.016373 0.000598 0.023087 0.007409 -0.008402 -0.049599 -0.004619 -0.006732 
0.015366 0.005723 -0.008719 0.008168 0.001833 0.006522 0.005773 -0.007121 
0.012613 -0.004671 -0.001304 0.000312 -0.003916 -0.003458 -0.010627 0.003466 
0.005326 -0.001038 0.005284 0.005254 0.002377 -0.002820 -0.000793 0.004589 
0.006394 -0.004394 0.005422 -0.002206 -0.004348 0.014243 -0.000816 0.006359 
0.007004 -0.002826 0.006695 -0.002668 -0.002850 0.004683 -0.001996 0.008051 
0.010626 0.003169 -0.000995 -0.002217 -0.000796 0.005921 -0.010292 0.001916 
0.000886 0.001098 -0.004861 0.012088 0.004102 -0.002955 -0.004112 0.010487 
0.002798 -0.007348 -0.001675 -0.002591 -0.001168 0.001837 -0.000663 -0.003085 
-0.003913 -0.001090 -0.001846 -0.001447 0.003913 0.005285 -0.001635 -0.004504 
-0.008274 -0.006427 -0.001160 -0.006270 -0.001143 0.003533 0.012626 0.000230 
-0.007253 -0.001871 0.005924 -0.000979 -0.004568 0.005248 -0.001830 -0.009013 
-0.011557 -0.007525 -0.013481 0.006345 -0.002379 -0.005647 -0.003409 -0.008902 
-0.016358 0.002980 -0.005810 -0.002401 -0.000146 -0.004152 -0.006709 -0.003192 
-0.006240 -0.001415 -0.003208 -0.008359 -0.003133 0.000074 -0.003765 0.009306 
-0.021409 0.018056 0.001142 0.004850 -0.000395 0.009549 -0.001387 0.000585 
0.003933 -0.003254 0.010216 0.012008 0.003694 -0.003710 0.003070 -0.000264 
-0.010344 0.000048 -0.010138 -0.001770 -0.003346 -0.004043 -0.002751 0.003966 
-0.020380 0.002000 -0.004153 -0.004587 -0.003454 -0.006680 0.001949 0.007690 
-0.058529 -0.021531 -0.002149 -0.000758 0.006539 -0.015114 0.000626 0.004374 
-0.032034 0.006929 -0.004234 0.004170 -0.008082 -0.018929 -0.004326 -0.001178 
-0.031539 -0.013447 -0.000056 0.005391 0.003038 -0.000865 0.000747 0.010791 
0.033448 -0.006484 0.005481 -0.004507 -0.001746 0.002149 -0.012933 -0.005413 
-0.008662 0.009374 -0.000233 0.003752 0.003428 -0.002237 -0.001504 -0.003053 
0.015239 0.005096 0.003499 0.005517 0.004665 -0.002477 0.002035 0.001790 
-0.012104 0.007118 -0.000595 0.002384 -0.000342 -0.009146 0.003496 0.004332 
0.013174 -0.003566 0.004129 -0.006326 -0.006434 0.004958 -0.001354 -0.000792 
0.007318 0.005903 -0.004158 -0.002906 0.002529 0.005734 -0.000850 -0.002741 
0.000561 0.001986 -0.003212 0.002675 0.002660 0.001685 -0.005102 0.000843 
0.002896 -0.000208 0.000467 -0.006805 0.005210 0.000926 -0.005129 -0.000936 
-0.010011 0.001918 -0.001328 -0.003715 0.000842 -0.000565 -0.002071 -0.008910 
0.001937 -0.008890 0.001188 0.002530 -0.000605 -0.005653 0.011533 -0.005111 
-0.017557 -0.000425 -0.001947 0.001735 0.010292 -0.003959 0.006669 -0.010993 
0.025501 -0.000549 -0.009781 -0.013290 0.000830 -0.000322 0.001966 0.004854 
-0.030790 0.007911 -0.002610 -0.001772 -0.002104 0.001256 -0.008744 -0.001121 
0.022623 0.002145 -0.009588 0.007897 0.000084 -0.001824 0.002159 -0.008525 
-0.027793 -0.007310 0.005635 -0.003220 -0.010386 0.001426 -0.001391 0.003594 
0.036986 -0.002892 0.001523 -0.001389 -0.000902 -0.001160 0.000351 -0.002755 
-0.039659 -0.002647 -0.002030 0.000631 -0.001457 -0.000805 -0.006410 -0.003923 
0.092445 -0.005292 -0.005648 0.003910 -0.003917 0.007211 -0.006141 0.007741 
-0.043686 -0.006839 0.002724 0.002693 -0.005760 -0.010107 0.014005 0.003152 
-0.006162 0.007687 -0.000676 0.000058 -0.003913 0.005606 -0.011137 0.002833 
0.006233 0.001637 -0.004387 0.002620 -0.000987 0.008390 -0.005617 -0.004386 
-0.002918 0.000906 0.005620 -0.000487 0.001257 0.006275 0.001106 -0.004117 
0.003579 0.004023 -0.001489 -0.000860 0.000630 -0.001088 0.009708 -0.013788 
0.005280 0.002920 0.008350 -0.004689 0.000597 0.008676 0.007126 -0.009541 
-0.000339 -0.003153 0.003462 0.001227 -0.000114 0.002795 -0.000535 -0.006420 
-0.005949 -0.009253 -0.005575 0.006444 0.002365 0.006252 0.003368 0.001361 
0.003500 0.000010 0.001029 -0.002152 -0.007046 0.000499 -0.005070 -0.000453 
0.001176 -0.000121 -0.013631 -0.004067 0.006760 0.001349 0.001022 0.004665 
-0.002228 -0.000070 0.001543 0.003134 -0.005321 0.000325 0.010659 -0.003887 
0.009849 -0.004395 0.002242 0.001745 0.006783 0.010715 -0.003952 0.003758 
0.010984 0.000920 0.000705 -0.003657 0.000700 0.002052 0.013698 0.002446 
0.001811 0.001140 -0.000804 -0.005928 -0.005813 -0.001363 0.007456 0.003367 
-0.004940 -0.007054 0.005989 -0.004184 0.002440 0.004639 0.007033 0.013886 
-0.002601 0.005990 0.006518 -0.001479 0.004330 0.004122 0.000411 0.009134 
0.001498 0.002320 -0.000811 0.007562 0.010711 -0.006757 -0.004686 -0.001308 
-0.022442 0.002263 -0.009363 0.006849 0.003739 0.007815 -0.009379 -0.006467 
0.016107 -0.009092 -0.000088 -0.002533 0.004043 -0.008858 0.012872 -0.002733 
-0.006134 0.057672 -0.006004 -0.000027 0.001100 -0.006531 -0.010637 0.006275 
0.011244 -0.010397 -0.003938 -0.006909 0.009766 -0.010782 -0.004324 0.006976 
0.001763 0.008007 0.000774 -0.006063 0.002837 -0.002633 0.007916 0.001698 
-0.008283 -0.007407 -0.000726 -0.005104 -0.006911 0.006728 0.003862 0.003887 
-0.015025 -0.000906 0.001220 -0.000186 0.000964 -0.001545 0.000082 -0.008763 
-0.009769 0.011127 -0.003111 -0.005242 -0.001523 -0.002123 0.000857 -0.008169 
-0.001414 0.004313 -0.000061 0.000092 -0.007969 -0.007534 0.009127 0.009654 
0.002425 -0.003319 -0.012661 -0.007717 0.001202 -0.006159 -0.001065 0.003929 
0.003589 0.012129 -0.010111 -0.001434 0.004156 -0.004608 0.000309 -0.000998 
-0.000341 -0.000676 0.003489 -0.003479 0.001424 0.004690 0.003106 -0.003585 
-0.003921 -0.002617 -0.008783 -0.002035 0.004214 0.014709 -0.005043 -0.002101 
-0.003832 -0.016951 0.001490 0.004425 0.007414 0.004642 0.006366 0.010218 
0.009584 -0.004931 0.001249 -0.000290 0.009354 0.008707 -0.001193 -0.001372 
0.005846 -0.013770 0.001677 0.000492 0.002924 -0.001013 -0.005342 0.000724 
0.003787 -0.007414 -0.002683 0.000219 0.003222 -0.003284 -0.002995 -0.002001 
0.004027 -0.005168 -0.000316 0.005488 -0.006359 -0.000247 0.004489 0.007244 
0.000944 0.003416 -0.002215 -0.002098 0.000014 0.005100 0.010479 0.006125 
0.013687 -0.007813 0.000992 -0.007441 -0.001911 -0.001468 0.001256 0.002011 
-0.013670 0.022207 -0.009775 0.006978 0.011041 0.000620 -0.007875 -0.000493 
0.015855 0.000929 -0.002536 0.002776 0.000793 -0.007821 0.009893 -0.003305 
-0.029307 0.026810 -0.000160 0.006719 0.029193 0.002674 0.002106 0.006732 
0.006866 0.005992 -0.006315 -0.006716 -0.000897 -0.007058 -0.008548 0.010558 
-0.008075 -0.001199 -0.005851 0.007011 -0.002561 0.004722 -0.008341 -0.002489 
0.029512 0.002094 0.000057 0.000183 -0.001173 0.004448 -0.004413 -0.005863 
-0.001202 0.004611 -0.000521 -0.005927 0.001528 -0.008118 0.002015 -0.003460 
0.010503 0.000820 0.000450 -0.001103 -0.001527 0.009219 -0.005998 -0.005264 
-0.002118 0.005755 -0.008360 -0.008440 0.009160 -0.004279 0.000004 0.000628 
0.015397 -0.002891 -0.004950 -0.000258 0.005649 -0.006347 -0.006517 0.010383 
0.004837 0.015881 -0.006839 -0.002088 -0.001960 0.007912 0.003746 0.009116 
-0.001582 0.009365 0.002810 0.004199 0.001835 0.000489 -0.001327 -0.003186 
-0.007049 0.005822 0.002998 0.009134 0.005676 -0.003435 -0.002426 0.000354 
-0.016979 0.008059 -0.008047 0.007037 0.004611 0.002647 0.008281 -0.000284 
0.005532 0.007694 0.004865 0.000922 -0.000025 -0.003557 0.009739 -0.007880 
-0.009811 -0.006070 -0.002186 -0.007082 0.002042 -0.000825 0.007143 -0.007287 
0.000829 -0.010905 0.001452 -0.003557 -0.003390 0.008078 0.003498 -0.000220 
-0.013227 -0.008040 0.001147 0.001178 -0.004374 0.002899 0.000117 -0.012567 
-0.006683 0.004088 0.004717 -0.002009 0.004774 0.002902 0.005400 -0.001710 
-0.007803 0.002598 0.010187 -0.003758 -0.004293 0.001948 -0.001161 -0.005417 
-0.000107 0.006379 0.003647 0.002883 0.003775 0.001834 0.004670 0.004949 
-0.025027 -0.013114 -0.000375 -0.008518 0.006765 0.002327 -0.007891 0.000120 
-0.021189 0.022373 0.002366 -0.000013 0.007696 -0.003198 -0.002381 0.001315 
-0.028142 0.004917 -0.004013 -0.004058 0.006948 -0.007415 -0.003809 -0.003298 
-0.011915 -0.003794 -0.001016 -0.000963 -0.004418 -0.004799 0.003413 0.003483 
0.015824 0.003973 -0.002397 -0.007833 0.003284 0.002515 0.002594 0.001448 
-0.005065 -0.004073 -0.000692 0.002843 -0.000694 0.007062 -0.000601 0.004868 
-0.004303 0.004848 0.001151 0.004010 0.004913 0.005584 -0.001889 -0.001267 
-0.005928 0.000341 -0.006871 0.003025 -0.004537 0.003714 0.003420 -0.002484 
0.017589 -0.002189 -0.006527 0.000467 -0.003274 0.003374 0.004849 -0.002092 
-0.009884 0.004407 0.012240 -0.001735 -0.011634 0.011625 0.002374 -0.001663 
-0.004354 -0.000805 -0.001584 -0.006747 -0.011729 -0.002322 0.004981 -0.010873 
-0.001242 -0.001904 -0.012181 -0.010347 -0.004061 0.005675 0.004579 0.007923 
-0.005558 -0.008939 0.000263 0.013004 -0.007201 0.008178 -0.001590 0.002163 
0.007003 -0.002323 -0.002853 -0.001773 0.008157 -0.007248 0.000310 0.011033 
-0.014174 -0.004028 0.003162 0.002334 -0.009302 -0.000315 -0.007225 0.013712 
0.006625 -0.001803 0.005015 -0.014234 0.004419 0.004875 -0.009916 0.006796 
-0.012323 0.008406 0.000490 0.010083 -0.006099 -0.002449 -0.006953 0.000739 
0.006882 0.004648 0.005296 -0.003309 0.006410 0.005434 -0.002241 -0.006378 
-0.023886 -0.005387 0.011247 0.003002 0.004319 -0.000215 0.001419 -0.010013 
0.007012 0.002145 0.006769 0.004425 0.009312 -0.009796 0.012273 -0.002875 
-0.010376 -0.002913 -0.008525 -0.004262 0.009733 -0.005264 0.013783 -0.022420 
0.088079 0.039271 -0.010719 -0.001721 -0.001368 0.000939 -0.021619 0.011812 
-0.070213 -0.008125 -0.002496 0.003790 -0.005054 -0.012742 0.025597 -0.005392 
-0.019922 -0.011427 -0.003658 0.007531 0.006026 0.007556 -0.006423 0.002105 
0.020649 -0.010490 0.003644 -0.004329 0.003708 -0.007799 -0.010844 0.007971 
-0.002570 0.003108 -0.007640 -0.006926 -0.000951 0.006075 0.006568 0.001575 
0.011101 -0.002264 -0.000501 0.000996 0.009089 0.000394 0.000211 0.003161 
-0.009755 -0.003507 0.000472 0.001016 0.001092 0.002483 0.005340 -0.005045 
0.002169 0.001007 0.004716 -0.005620 -0.002856 -0.001896 -0.005005 -0.000591 
0.003147 -0.008575 0.006719 0.000608 0.005028 -0.007758 -0.002440 -0.001642 
0.000181 -0.000587 0.006518 0.000258 0.007290 0.000189 0.006297 0.000949 
-0.002828 0.007037 0.014549 -0.010840 0.008969 -0.002051 -0.007405 0.007734 
-0.002213 -0.000463 -0.007205 -0.003331 0.003426 -0.001971 -0.001765 0.004684 
0.003206 -0.008201 0.002234 0.000315 0.004418 0.000703 0.001412 0.008822 
-0.017364 0.000066 -0.009058 -0.004707 0.001098 -0.004723 -0.000231 -0.007311 
0.006461 -0.001296 -0.004995 -0.006058 0.011036 0.007563 0.008791 -0.004356 
-0.010527 -0.000211 -0.004004 -0.002565 -0.003170 -0.006304 0.008993 -0.005427 
0.012061 -0.002282 -0.002234 0.002642 -0.002179 0.011734 0.002021 -0.000121 
-0.028735 0.002955 -0.016289 -0.002188 0.002488 -0.016469 -0.002322 0.009684 
0.011538 -0.014763 -0.007587 -0.006299 -0.011998 -0.002132 -0.003036 -0.011138 
-0.005604 0.016034 0.004078 -0.009828 -0.005174 -0.002271 -0.000120 -0.007283 
0.050812 -0.022648 -0.002289 -0.009890 -0.005135 -0.000146 0.005507 0.008488 
-0.024636 -0.004109 -0.007074 0.010872 0.002443 -0.006928 -0.017152 -0.017833 
-0.016406 -0.003362 0.005779 -0.003744 -0.001933 0.005320 0.010027 0.002702 
0.011302 0.001671 0.002747 0.002068 0.000521 -0.006337 -0.002453 0.002405 
-0.004275 0.008958 0.005963 -0.014491 0.007702 -0.007437 0.003560 0.000534 
0.016775 -0.003559 -0.010664 -0.000431 0.002088 0.007852 -0.008670 0.003416 
0.005068 -0.011056 0.001471 0.005879 0.007502 -0.001588 0.002731 0.006347 
-0.001715 -0.003921 -0.002336 -0.001583 0.003642 -0.004881 -0.000377 -0.003233 
0.005514 0.004174 0.001993 0.005129 0.001826 0.004086 -0.000372 0.007842 
0.001953 0.005323 -0.011659 -0.010782 -0.005076 -0.005920 0.003657 -0.004968 
-0.003574 -0.008055 0.008258 0.005323 0.005188 -0.001552 -0.006866 0.004970 
-0.001952 -0.005797 0.005847 0.001434 0.001019 0.001892 0.001816 0.004135 
0.002133 -0.000585 -0.002787 0.001839 0.008799 -0.001241 -0.009860 -0.005525 
-0.015921 0.001800 0.004883 0.002953 0.002786 -0.003739 0.005562 0.008507 
0.011523 0.002691 0.008265 0.002941 -0.000331 0.002568 0.003127 0.005492 
-0.013155 0.002243 0.000912 -0.002116 -0.004761 -0.005128 -0.002016 -0.010196 
0.005540 0.002061 0.002216 0.008236 -0.002463 -0.014292 0.001797 -0.010450 
0.004784 -0.000137 0.002905 0.001312 -0.000926 -0.005530 -0.006430 -0.004186 
0.004030 -0.013001 -0.001338 0.006397 -0.002447 -0.019102 0.006646 -0.001414 
-0.015546 0.004628 0.011069 0.004621 0.004205 0.002848 0.002863 0.004218 
0.031559 0.094688 -0.001166 0.006547 0.003190 0.016773 0.008405 -0.005201 
0.013993 0.018636 -0.004018 0.009381 -0.007597 -0.004184 0.002658 0.012717 
-0.013190 -0.002700 -0.001783 0.006470 0.004824 0.004802 0.009458 -0.006111 
0.012321 -0.014321 0.010889 0.004258 0.000686 0.002635 0.005313 0.004041 
-0.007483 -0.007371 -0.010566 -0.011604 -0.004940 -0.009711 0.004363 -0.005631 
0.007332 0.004583 -0.003957 0.000307 -0.003073 0.007509 -0.009749 -0.003015 
-0.012434 0.009309 -0.003112 0.001619 0.004603 0.002795 -0.001924 0.002938 
0.012170 0.009276 0.000810 -0.006643 -0.001306 0.002312 -0.004205 -0.000091 
0.011510 -0.000231 0.007074 -0.001021 0.009109 -0.004313 0.000660 -0.000189 
-0.006482 -0.001665 0.004074 -0.005241 -0.000636 -0.006833 -0.008999 0.000557 
0.007325 -0.008674 -0.005070 0.002332 -0.004531 0.008652 -0.000539 -0.001756 
-0.002268 0.005968 -0.008484 0.002223 -0.006497 -0.008035 0.005830 0.004730 
0.012257 0.002697 -0.002910 0.010335 -0.001610 0.010949 -0.001441 0.004300 
-0.010343 0.008875 0.004133 -0.007152 -0.004354 -0.005450 0.000657 -0.004506 
0.020336 -0.002089 -0.003292 0.002964 0.003084 0.011649 -0.005057 0.005449 
-0.019009 -0.003640 0.000479 -0.001552 0.005614 -0.002978 0.007326 -0.004350 
0.007674 -0.001426 0.001657 -0.001451 0.010306 -0.004472 0.000002 0.005335 
-0.024017 -0.002493 0.006429 -0.006265 -0.001584 -0.007482 0.007004 -0.011026 
0.012805 -0.010878 -0.006457 0.003777 -0.006878 0.002745 0.000911 -0.015858 
-0.016122 0.007523 -0.004092 -0.008088 0.003606 -0.009646 -0.003170 0.015157 
0.058056 -0.019481 -0.004590 -0.004871 -0.005038 -0.007629 -0.003162 -0.003004 
0.026620 0.012295 0.014929 -0.006924 -0.016287 -0.003993 0.018167 0.006968 
-0.012169 0.005499 0.005881 -0.000743 0.002808 -0.000294 -0.002436 -0.003452 
0.004398 -0.003394 -0.008299 0.000449 0.008926 -0.009909 0.009774 0.003002 
-0.001623 -0.004186 -0.004184 0.006075 0.006176 -0.000569 0.006717 0.000896 
0.001404 0.000094 -0.000375 0.001578 -0.007253 0.003198 -0.002415 -0.021899 
-0.006413 0.008037 -0.003067 0.008375 0.010520 -0.010962 0.000691 0.000123 
0.010468 -0.001595 0.003492 0.004638 0.007745 -0.005162 0.009969 -0.001504 
-0.005032 0.001850 0.006686 -0.003583 0.001766 -0.004620 -0.006658 0.000322 
-0.001734 0.002435 -0.000777 -0.008922 0.008257 -0.007303 0.001642 0.004122 
-0.000091 -0.003058 0.006009 -0.010326 -0.008619 -0.009795 -0.005161 -0.004426 
-0.005576 0.007696 -0.002943 -0.003718 0.001441 -0.017714 -0.000230 -0.002803 
0.004101 0.003037 -0.001432 0.002255 -0.005917 -0.009855 -0.001117 -0.011631 
0.009019 -0.001324 0.009851 -0.003893 0.007855 -0.002514 0.007572 -0.001514 
0.010579 0.005823 0.002471 0.001192 0.011805 0.014252 -0.007713 0.000173 
-0.016005 0.004932 0.002819 0.004182 0.008877 -0.007359 -0.010805 -0.006682 
0.007930 0.002739 0.008217 0.002557 0.002461 -0.008078 -0.000268 0.000483 
0.004623 -0.003635 0.011076 -0.000197 0.001603 -0.021595 -0.015949 0.003548 
0.041931 -0.002965 0.006363 0.002983 0.006274 -0.007241 -0.009921 -0.002273 
-0.004852 0.002928 0.011948 0.007224 0.016349 -0.017795 -0.000333 0.019773 
0.042612 -0.029355 0.011560 0.003890 0.008610 -0.007112 -0.012345 -0.003003 
0.016111 0.020659 0.007147 -0.010719 -0.016677 -0.009791 0.006707 0.012507 
-0.002983 0.003457 -0.007335 -0.005258 -0.001971 0.002400 0.006472 0.007379 
-0.001692 -0.004979 -0.002862 0.006500 -0.009139 -0.002948 -0.002527 -0.000186 
-0.005490 0.007506 0.006817 -0.007826 0.004873 -0.003842 0.004700 0.007178 
0.007211 -0.003923 0.010519 -0.000437 0.005900 -0.000022 0.007794 -0.002660 
0.006120 -0.001531 -0.000217 0.005031 0.000262 0.003150 0.001898 0.004125 
0.001497 -0.000404 0.000840 0.001615 0.001722 -0.009367 0.006886 -0.005135 
-0.006503 -0.005885 -0.000791 0.007393 -0.002910 -0.005245 -0.003603 0.005509 
-0.003409 -0.004724 0.004132 -0.006729 -0.007042 0.005958 0.006082 -0.001474 
-0.000415 0.004291 0.007465 -0.002064 -0.008320 0.001217 0.008663 -0.004177 
-0.013122 0.000852 0.000382 0.003431 -0.005570 0.004108 -0.010207 0.000007 
0.000275 0.000797 0.000985 -0.005412 -0.002939 -0.010273 0.008652 0.002310 
0.006125 0.006020 -0.018578 0.004078 0.005060 0.004232 -0.007093 0.000069 
-0.007040 -0.003805 0.004816 -0.005237 0.005597 -0.003562 -0.002250 -0.001018 
-0.015320 -0.001917 0.000596 0.010218 -0.001355 0.005472 0.000981 -0.003646 
0.007010 0.002413 -0.004961 0.004459 0.001998 0.004893 0.001231 -0.011050 
-0.004191 0.005794 0.000372 -0.020487 -0.002894 -0.005141 -0.002640 -0.001378 
-0.014681 0.000361 -0.021470 0.006608 0.002518 -0.003632 -0.015898 -0.010682 
0.007271 -0.009866 -0.005678 0.002371 -0.005162 -0.005893 0.003977 0.002404 
-0.004846 -0.010372 -0.003971 0.015934 0.004992 -0.001768 -0.016331 0.017407 
0.000216 -0.004996 -0.005480 -0.004848 -0.008456 -0.023019 0.004422 0.001415 
-0.003485 0.002465 -0.006984 0.002402 -0.001792 -0.001802 -0.001936 -0.002038 
0.011245 0.001937 0.011724 0.004494 0.004343 0.000226 0.001294 0.006644 
0.003509 0.002151 -0.003847 -0.002899 -0.001253 0.004216 -0.000185 0.000556 
0.009256 0.006044 0.011004 -0.002467 -0.001892 0.008036 0.001352 -0.008697 
0.004435 0.000536 -0.001406 0.000677 0.002889 -0.001022 -0.005688 -0.003495 
-0.008625 0.002059 0.005751 0.001776 -0.001716 -0.003770 0.002788 -0.002689 
-0.000657 0.004017 0.008762 -0.001443 0.010615 -0.005460 0.010706 0.004480 
0.000536 -0.005678 0.002859 -0.001163 0.000797 0.002059 0.003833 -0.000605 
0.001285 -0.004638 -0.004412 0.005332 -0.003312 -0.003947 -0.006444 0.005594 
-0.003130 -0.005315 -0.008942 0.003583 0.005078 0.004484 -0.004763 -0.000431 
0.013488 0.005736 -0.004538 0.003079 -0.007228 -0.007055 0.011665 -0.001611 
-0.003213 -0.002735 0.001259 -0.005374 0.003847 -0.006735 -0.005677 -0.000230 
0.004290 0.000039 -0.006391 0.004061 -0.004660 -0.001689 0.000802 0.007532 
0.003076 0.002798 0.004287 -0.006568 0.003292 -0.006561 0.004719 -0.001664 
0.002489 -0.005727 -0.005484 0.004926 -0.006217 -0.003879 0.003119 0.002054 
0.005213 -0.003642 0.002166 -0.001024 0.007086 -0.019716 -0.006096 -0.002226 
-0.007320 -0.013201 -0.003890 0.005110 0.001333 0.003280 -0.008865 -0.002495 
0.019307 0.015905 0.008643 0.004997 0.004408 0.007009 0.012888 0.016309 
0.000983 0.024127 0.005038 -0.009593 -0.000019 -0.001276 0.004392 -0.001153 
-0.007737 0.012795 -0.009986 0.022336 0.011750 -0.016466 -0.011252 0.011142 
0.000898 0.001823 0.004037 -0.006156 0.004176 -0.007884 0.006957 -0.001870 
0.007868 0.003493 0.009204 0.004116 -0.009741 -0.006656 0.006921 0.001868 
-0.001778 0.014984 0.009946 0.004648 -0.003664 0.000160 -0.005500 -0.000955 
0.001906 0.004191 0.010561 0.006100 -0.002469 0.002405 -0.005084 -0.006784 
-0.011797 -0.010982 -0.004397 -0.004947 -0.001091 0.002395 -0.002763 0.000225 
0.001195 0.008175 -0.001177 0.003280 0.000769 -0.008509 0.009136 -0.005017 
-0.003875 -0.000846 0.000935 -0.001249 0.007250 -0.010691 -0.001893 -0.003195 
-0.002607 -0.004233 0.003134 -0.006701 0.001795 -0.002903 0.000772 -0.000521 
0.009570 0.009864 0.009756 0.000393 -0.008879 -0.001329 0.006296 -0.014562 
-0.001379 -0.003157 0.016860 -0.000115 0.002388 0.002276 -0.003870 0.014190 
0.000242 0.004099 0.003085 0.015878 0.006293 -0.001491 -0.002849 -0.012377 
0.006530 0.002548 0.001115 -0.007058 -0.006705 0.000190 -0.002636 0.003182 
0.000239 0.002901 -0.003306 -0.002707 0.005529 -0.004242 0.000277 -0.003724 
0.000650 -0.001404 0.006682 -0.006086 0.001205 -0.002781 -0.002275 0.004664 
0.002120 0.001185 0.009428 0.000663 0.008641 0.004146 -0.000759 0.007218 
0.008981 -0.003046 0.003727 -0.007202 -0.000351 -0.003962 0.000076 0.000967 
-0.021408 -0.001364 0.006677 -0.006736 0.006711 0.001926 -0.001444 -0.010114 
-0.001934 -0.002063 0.012269 -0.012117 0.010775 -0.010884 0.005802 -0.002248 
0.005153 0.000911 -0.000506 -0.026948 0.005033 -0.000846 0.000603 -0.016579 
0.031427 -0.002024 0.000685 0.015097 -0.000191 0.004715 0.019092 -0.008995 
-0.000418 -0.013729 -0.005585 -0.000346 0.003455 -0.000238 0.003733 0.006442 
0.006860 -0.007824 0.001396 -0.008007 0.004803 -0.012353 0.001598 -0.012726 
-0.004570 -0.013098 0.002597 0.000494 0.000021 -0.004332 0.003391 -0.006432 
-0.009311 0.005096 -0.011680 -0.001059 0.005969 -0.005966 -0.005913 -0.002400 
0.001533 0.000497 0.003766 -0.002165 -0.006368 -0.001767 -0.004236 0.000487 
0.011988 -0.003642 -0.010073 -0.000948 0.002114 0.003366 -0.007031 -0.008312 
-0.006673 -0.009560 0.001509 0.012292 0.011542 -0.004103 -0.003133 -0.000255 
0.004999 0.007825 0.002568 0.005961 0.009296 -0.000678 -0.000130 -0.000539 
-0.004847 0.003162 -0.004849 -0.003849 -0.002790 -0.004098 0.005325 0.000409 
0.005293 -0.001904 0.001745 -0.003214 -0.000736 0.002907 -0.002848 -0.003759 
-0.002230 -0.002454 0.009256 -0.001780 0.002158 0.002011 -0.001593 0.008048 
0.010131 -0.003542 -0.004143 0.002607 0.005947 -0.000813 -0.000336 -0.000491 
-0.005730 0.007337 0.004618 -0.008842 -0.003454 -0.002915 0.003614 -0.002116 
-0.001431 -0.005224 0.000614 0.005125 -0.005268 0.007092 0.001878 -0.002504 
-0.006518 -0.005603 -0.003586 0.002685 0.001528 -0.009401 -0.008668 0.005961 
-0.002180 -0.003297 -0.010841 -0.010549 -0.001537 -0.004631 -0.002616 0.004478 
0.008749 -0.006632 -0.006550 -0.004551 0.002120 -0.000335 -0.001527 0.005194 
0.005233 0.009478 0.020789 -0.000362 0.008524 0.004258 -0.014305 -0.002570 
0.004736 0.000362 0.004115 -0.013847 0.001440 -0.011684 0.003671 0.015042 
-0.025508 -0.002358 -0.008864 -0.000594 0.008543 -0.002597 -0.003526 0.005827 
-0.008367 0.008802 -0.004512 -0.002318 -0.003840 -0.002791 0.001419 0.005211 
-0.004347 0.012367 -0.005119 0.003825 -0.002078 -0.003535 -0.003058 -0.002531 
-0.000463 0.004935 0.001163 -0.000857 -0.002537 0.012619 0.005798 -0.010907 
-0.001632 -0.000623 0.007709 0.002240 0.004133 -0.001635 -0.002619 0.007550 
0.005851 -0.000465 0.001443 0.000679 0.001799 -0.006388 0.000082 -0.006682 
-0.008186 -0.002929 0.006167 -0.001647 -0.003922 0.005544 0.005363 -0.003741 
0.004624 0.004735 0.003999 0.000917 0.005710 0.006553 -0.006544 0.001756 
0.000842 0.001575 0.002025 -0.001613 -0.012965 -0.000683 0.002406 0.000911 
0.001885 -0.000502 0.003220 0.001478 -0.003618 -0.002448 -0.006015 0.005520 
-0.000233 0.002885 0.003898 -0.004812 -0.004623 -0.001818 0.004104 0.009568 
0.009090 -0.005302 -0.004111 -0.001037 0.000659 -0.001444 0.003558 0.001011 
0.001603 0.004387 0.003403 -0.000340 -0.000531 0.000342 -0.003212 0.000541 
0.013696 0.003892 -0.003699 0.010113 0.006202 0.000205 0.010907 0.015119 
-0.004886 -0.007588 0.000629 -0.010508 0.005884 0.000949 0.003804 0.003779 
0.002935 0.005601 0.000782 0.007293 0.001942 0.001050 -0.004142 -0.004406 
-0.003658 -0.020247 0.010511 -0.003139 0.001882 -0.013568 0.002679 -0.000145 
-0.002941 -0.021206 0.002355 0.009052 0.009164 0.000843 0.002479 0.013500 
0.014423 0.001990 -0.008859 -0.009342 0.025527 -0.018284 0.006871 -0.005036 
0.030461 -0.006919 0.020414 0.008813 -0.016269 -0.020107 -0.001191 -0.002690 
-0.000418 -0.005514 0.001066 -0.021168 0.023973 0.000586 -0.012631 -0.016764 
-0.003810 -0.000791 0.002024 -0.002414 0.010523 -0.001096 0.005319 0.003842 
0.000123 0.013443 -0.002891 -0.003491 0.004892 0.008897 -0.005841 0.000262 
-0.006149 -0.000067 -0.001647 -0.002426 -0.003441 -0.003815 -0.003128 -0.004235 
-0.008519 0.006913 0.005742 0.003895 0.001440 0.000195 0.003653 0.004353 
-0.008132 -0.006169 0.003311 -0.000229 -0.004056 0.009385 -0.004731 -0.004599 
0.005155 -0.000108 -0.005943 -0.002039 -0.000892 0.004920 0.004073 0.000804 
0.011429 0.004519 0.008506 -0.004225 -0.001448 -0.005088 0.003940 0.009245 
0.001868 0.002634 -0.007684 -0.002748 -0.009078 -0.000022 -0.001879 0.001650 
0.000146 -0.006523 0.005202 -0.007117 -0.002516 -0.003884 0.011942 0.001502 
-0.010146 -0.011246 -0.002955 -0.003689 0.010606 0.005227 0.003860 -0.003619 
0.003146 0.000265 -0.002211 0.001700 -0.009252 -0.010557 -0.002725 0.002316 
0.007533 -0.014823 0.006290 -0.007399 0.006286 0.001035 0.010994 0.002681 
0.004944 -0.010980 -0.000545 -0.006672 -0.001777 -0.003889 -0.000781 0.005236 
-0.005266 -0.003325 0.017294 -0.003746 -0.003438 0.000056 0.001267 0.006122 
-0.009501 0.003246 -0.011619 0.007047 0.001628 0.000679 0.004158 -0.002815 
0.012078 0.007212 -0.008074 -0.003130 0.002278 -0.016256 -0.003591 0.002300 
-0.000410 0.015882 -0.002502 -0.008862 0.011986 -0.005789 0.020508 -0.016866 
0.001239 0.002812 -0.007573 0.003289 -0.011302 -0.014052 -0.009983 0.007633 
-0.028516 -0.011681 0.002387 0.011704 0.028426 -0.012245 -0.018840 0.017562 
0.017614 0.006802 -0.006807 0.002167 0.004336 -0.004445 -0.006675 0.018550 
-0.009565 0.006712 -0.006490 0.007320 -0.004860 -0.000975 -0.003294 -0.001779 
0.003132 -0.001543 0.005307 -0.005156 -0.006620 -0.000071 -0.006882 0.004050 
-0.014581 -0.003610 0.013549 0.000028 0.002549 0.002617 0.006867 -0.004598 
0.004518 -0.002400 -0.003633 -0.000396 0.002444 0.011174 0.001663 -0.000813 
-0.004571 0.006044 -0.010870 -0.003192 0.003193 0.004089 0.000595 -0.001882 
0.009115 -0.007263 -0.001101 -0.005978 0.006874 -0.000094 0.001676 0.001962 
0.002588 0.001981 0.005441 -0.000109 -0.008868 -0.006210 0.002725 0.006744 
-0.003730 -0.003676 -0.000263 -0.010703 -0.004213 -0.001694 -0.003520 0.005004 
-0.001008 -0.000234 -0.001256 0.003278 0.006162 -0.006837 0.001566 0.008096 
0.001030 0.002465 -0.004803 -0.002706 -0.004047 -0.005281 -0.001851 -0.008044 
0.010330 -0.006760 0.010043 -0.001888 -0.009252 -0.004260 -0.006773 -0.001145 
0.002681 0.009285 -0.008603 -0.003333 0.001894 -0.008363 0.006979 0.000744 
0.003562 -0.006395 -0.000254 -0.001837 -0.000998 -0.000321 0.004577 -0.000453 
-0.000428 -0.005146 -0.000710 0.000613 -0.000106 -0.009508 -0.002975 -0.010847 
0.025761 -0.007576 -0.001129 0.011894 0.003260 -0.012345 -0.002079 0.009068 
0.001277 0.005158 0.010077 -0.011319 -0.012171 0.010717 -0.004397 -0.002692 
0.011515 -0.005609 -0.012512 0.010566 -0.012108 0.007173 -0.002342 0.012721 
-0.001376 0.002808 0.010801 -0.018194 -0.000551 -0.003671 0.000021 -0.000763 
0.023666 0.008023 -0.020057 -0.000733 0.026816 0.000038 0.011816 -0.004536 
-0.035448 0.003697 -0.002832 -0.029414 -0.007105 -0.015543 -0.007195 0.005473 
0.003082 0.004718 -0.000567 -0.002213 0.001861 -0.004396 -0.009538 -0.006195 
0.003125 -0.013811 -0.002807 -0.006639 -0.002025 0.003194 0.000935 -0.000524 
-0.005910 0.003713 -0.005140 0.007254 -0.004977 0.004776 0.000936 0.003818 
0.001854 -0.010672 0.003964 -0.002970 -0.004835 -0.000271 0.002429 0.007121 
-0.007464 0.000891 -0.000426 -0.002722 0.006456 0.002863 0.002425 0.004641 
0.012935 -0.003267 0.006854 -0.001827 0.008391 0.000426 -0.012791 0.005931 
0.005560 0.003904 0.005358 -0.009334 0.002180 -0.004200 -0.003781 0.006359 
-0.002148 -0.013489 -0.000104 0.002407 -0.008642 -0.003067 -0.008284 0.000869 
-0.000587 -0.001483 -0.009004 0.001029 -0.003624 0.003233 0.001529 -0.000245 
-0.006311 -0.005863 0.005106 -0.006161 0.012537 0.003808 0.001294 0.004498 
0.006232 0.007598 -0.001593 -0.004083 0.012203 0.005545 -0.012780 0.002504 
-0.007098 -0.017746 0.004068 -0.007562 0.005312 -0.000368 -0.009779 -0.000543 
-0.003366 0.000135 -0.016719 0.002958 0.015463 -0.007826 0.000912 -0.009098 
-0.008504 -0.013738 0.005607 -0.001991 0.003399 -0.008346 -0.000427 0.009833 
0.004776 -0.002667 0.006887 0.004536 -0.005827 -0.004288 0.004205 0.001674 
0.011606 -0.022916 0.008113 -0.011668 0.009811 -0.004086 0.001787 -0.005042 
0.013535 -0.013460 -0.010769 0.004348 0.000723 -0.016386 -0.017622 0.009612 
-0.000754 -0.024974 -0.007535 -0.010553 -0.006754 -0.017396 0.001560 0.000535 
-0.026825 -0.002671 0.008447 -0.002840 0.025347 0.004870 -0.006598 0.014861 
0.000332 -0.009144 -0.015909 -0.005364 0.008474 -0.008060 0.002891 0.021561 
-0.001506 0.007127 0.003490 -0.008551 -0.003516 0.002032 -0.007199 0.007551 
-0.013193 -0.003602 0.007892 -0.004326 -0.005872 -0.006562 -0.000447 0.005666 
-0.010775 0.008698 0.005149 -0.002708 0.003584 0.000317 -0.006294 -0.001005 
-0.004539 -0.019726 0.000994 -0.001540 -0.002335 -0.002214 0.001786 -0.006842 
0.008237 -0.007316 -0.006818 0.015241 -0.000296 0.000178 -0.003085 -0.007186 
-0.010714 -0.001861 -0.001555 0.000466 0.001618 0.001681 -0.001131 -0.004461 
0.000262 0.004490 0.002400 -0.002939 0.001643 0.005889 0.008134 -0.001636 
-0.000759 -0.007730 0.005092 -0.005917 0.004453 -0.001071 -0.002030 -0.001226 
-0.005602 0.000875 0.003507 0.001307 -0.004919 -0.005619 -0.004222 -0.001321 
0.005827 -0.015930 0.010875 -0.001286 0.010302 -0.004926 -0.002341 0.007645 
-0.003381 0.003661 0.002451 -0.004341 -0.001436 0.003717 -0.004918 0.016966 
0.010732 -0.007138 -0.005034 -0.014459 -0.001275 -0.008402 -0.008063 0.000099 
-0.010587 0.017834 0.005238 0.007411 -0.013914 0.001448 -0.006489 0.011904 
0.006739 -0.017958 0.011262 -0.002158 0.007774 -0.008807 0.004585 -0.011905 
-0.008949 -0.002619 0.016076 0.000114 0.000196 -0.011094 0.016918 0.008581 
0.000691 -0.023483 -0.004811 -0.007375 0.007519 -0.017617 -0.008369 0.007918 
-0.019549 -0.015084 0.015568 -0.007967 -0.015704 -0.000246 -0.005923 0.017743 
0.024559 -0.016943 0.018294 -0.014151 0.009221 -0.013148 -0.001090 -0.005062 
-0.004972 0.046955 0.042784 0.024863 0.029598 0.015664 0.001575 0.011105 
0.002247 0.014636 -0.008534 -0.008163 0.006193 -0.024770 -0.003398 0.006632 
0.027961 0.012322 0.002451 -0.000904 0.005293 -0.007657 -0.008077 0.010464 
-0.021300 -0.003310 0.023707 0.002071 0.003037 0.009511 -0.016201 0.000839 
0.008795 0.000791 -0.010026 0.001830 0.006570 -0.019089 -0.006868 0.009114 
-0.016413 0.005627 0.011835 0.009535 0.005874 0.005667 -0.007229 -0.003772 
-0.011274 -0.014468 -0.008013 0.005274 0.008885 -0.036349 0.008661 0.011343 
-0.012361 -0.005402 0.015512 0.011409 0.003681 0.008575 -0.010885 -0.008245 
0.005794 -0.022605 -0.023451 0.024214 -0.002531 -0.030200 0.011547 0.001657 
-0.004771 0.003414 0.014006 0.008860 0.010401 0.018388 -0.006737 -0.020435 
-0.007773 -0.002191 -0.003770 0.005220 -0.010561 -0.020373 -0.003797 0.005486 
-0.022244 -0.011063 0.020554 -0.002516 0.013099 0.031603 -0.004182 -0.011956 
-0.012395 -0.021692 -0.012331 -0.003377 0.003036 -0.015843 0.006692 0.013384 
-0.008461 0.028187 0.036549 0.015371 -0.001309 0.038447 -0.021959 0.033554 
-0.011859 -0.023961 0.002252 0.004532 0.019914 -0.029560 0.012508 0.011224 
-0.011978 -0.016687 0.035419 -0.007928 0.012828 0.029886 -0.017762 -0.006653 
-0.006523 -0.009797 -0.023516 0.023585 -0.014837 -0.040326 -0.007645 0.009843 
-0.025222 0.006408 0.027972 -0.009001 0.001817 0.055129 -0.017708 0.021267 
-0.042451 -0.039635 0.005974 0.032678 0.042898 -0.011034 -0.021009 0.040747 
-0.024077 -0.026779 0.093480 -0.026830 0.024564 0.023088 -0.042440 0.002744 
-0.013653 0.030226 -0.061389 0.009518 0.038055 0.000740 -0.000585 0.010531 
0.031769 0.035761 0.052059 0.008634 0.016070 0.036549 -0.063006 0.026090 
