0.154729 1.083085
0.195189 1.210223
0.169896 1.269467
0.149404 1.280745
0.130476 1.254141
0.112066 1.193469
0.089908 1.094774
0.083228 1.009555
0.077761 0.982534
0.083424 1.030548
-0.371747 1.100155
-0.309408 1.212471
-0.182794 1.262704
-0.082741 1.281372
-0.026223 1.256304
0.012406 1.194877
0.039700 1.104723
0.055190 1.023663
0.082926 0.982114
0.137444 1.063663
0.017200 0.900760
0.011251 0.952399
0.020992 0.970585
0.020341 0.975120
0.021560 0.973527
0.025264 0.969599
0.014758 0.963957
0.004317 0.951676
-0.008303 0.955651
-0.013042 1.019921
0.001076 0.901784
0.014464 0.952560
0.011828 0.975298
0.003414 0.979810
-0.012484 0.984178
-0.011516 0.976613
-0.023805 0.968306
-0.033641 0.966716
-0.040603 0.970585
-0.130649 0.975625
0.152054 1.083718
0.192234 1.208582
0.165101 1.266500
0.144159 1.276928
0.125092 1.250455
0.106494 1.191225
0.085956 1.092205
0.081246 1.009357
0.078468 0.983884
0.082219 1.043739
-0.370747 1.099716
-0.309601 1.210918
-0.183472 1.260188
-0.082991 1.278729
-0.024846 1.253611
0.013755 1.191443
0.042206 1.103590
0.059353 1.024753
0.086855 0.983407
0.151405 1.058680
-0.011327 0.713787
-0.018745 0.708982
-0.026413 0.709176
-0.036475 0.708176
-0.042563 0.708240
-0.049076 0.709862
-0.058982 0.705064
-0.056318 0.698005
-0.058453 0.701164
-0.051070 0.626238
-0.033550 0.695904
-0.064124 0.695319
-0.091589 0.697050
-0.120082 0.695597
-0.147289 0.697263
-0.179395 0.696885
-0.200747 0.696713
-0.212778 0.698526
-0.214703 0.691289
-0.184812 0.640379
0.018262 0.704562
0.032942 0.697666
0.045688 0.689830
0.051555 0.685898
0.057837 0.684404
0.072720 0.679864
0.079138 0.674800
0.085447 0.673712
0.082228 0.663807
0.084411 0.665574
-0.008165 0.701055
-0.029264 0.702706
-0.044774 0.699236
-0.052348 0.692274
-0.067259 0.688702
-0.076494 0.685412
-0.083844 0.684477
-0.086285 0.677844
-0.091702 0.678342
-0.124657 0.720101
0.009610 0.699927
0.021729 0.698420
0.034028 0.702333
0.041712 0.706637
0.051839 0.711375
0.058716 0.708431
0.063860 0.706195
0.081414 0.690608
0.081951 0.681987
0.103751 0.665505
-0.015744 0.692591
-0.029196 0.697414
-0.035736 0.703029
-0.043438 0.706612
-0.054847 0.709537
-0.061609 0.706430
-0.062703 0.707044
-0.072088 0.697197
-0.055264 0.679897
-0.059649 0.773641
0.007593 0.697689
0.014681 0.714740
0.017381 0.757070
0.025658 0.789487
0.026614 0.812716
0.027209 0.815602
0.034296 0.797612
0.037484 0.760773
0.033940 0.731217
-0.019849 0.706262
-0.011614 0.693588
-0.018025 0.715308
-0.021791 0.754000
-0.027561 0.788092
-0.029439 0.815760
-0.034639 0.821242
-0.035632 0.797454
-0.040146 0.755826
-0.061879 0.711035
-0.131531 0.835787
0.019311 0.706107
0.021899 0.739238
0.023517 0.792186
0.025753 0.828195
0.024320 0.849043
0.023265 0.838633
0.025376 0.805282
0.016251 0.760331
0.021337 0.735206
0.050024 0.735428
0.051266 0.700344
0.063043 0.731042
0.058627 0.783773
0.050183 0.824466
0.031554 0.840093
0.024004 0.833775
0.004627 0.799673
0.002959 0.755754
-0.019970 0.718011
-0.111533 0.795687
0.020942 0.658273
0.038589 0.692054
0.051241 0.740860
0.060055 0.766138
0.066882 0.775745
0.076786 0.756446
0.083980 0.717520
0.097380 0.662179
0.095186 0.622609
0.091997 0.677512
-0.004968 0.658797
-0.032274 0.695487
-0.057874 0.741880
-0.082086 0.768890
-0.113221 0.779042
-0.137830 0.762162
-0.157360 0.716858
-0.170838 0.674111
-0.177985 0.633555
-0.243076 0.733206
0.008902 0.706531
0.009301 0.706901
0.016125 0.702208
0.015757 0.704262
0.022241 0.703434
0.026091 0.701195
0.030168 0.697020
0.034658 0.693441
0.035104 0.697564
0.068163 0.648487
-0.011241 0.705720
-0.013549 0.707111
-0.020725 0.704640
-0.019544 0.705354
-0.026186 0.703199
-0.033513 0.700523
-0.032152 0.700771
-0.033406 0.700471
-0.029093 0.708038
-0.135143 0.736098
0.006013 0.708943
0.011195 0.704890
0.015903 0.706366
0.019578 0.703039
0.027379 0.704239
0.024965 0.703421
0.029837 0.700822
0.042777 0.697570
0.051253 0.690017
-0.054346 0.645224
-0.010281 0.703809
-0.014764 0.707092
-0.014289 0.706779
-0.018246 0.707589
-0.025775 0.707351
-0.031361 0.702107
-0.030945 0.701938
-0.031203 0.698938
-0.024087 0.695390
0.042653 0.790017
0.008285 0.708709
0.008370 0.704815
0.014353 0.707138
0.018698 0.705346
0.023483 0.706114
0.031276 0.703776
0.031361 0.702886
0.034779 0.700772
0.052670 0.692475
0.096055 0.691251
-0.009382 0.703637
-0.014355 0.706676
-0.015586 0.706977
-0.020438 0.708910
-0.023245 0.707220
-0.030402 0.709701
-0.026873 0.703880
-0.033973 0.704576
-0.034589 0.706473
-0.037147 0.711768
0.005977 0.707775
0.010648 0.704981
0.014258 0.707917
0.019675 0.705186
0.019726 0.710153
0.026986 0.707508
0.029793 0.708836
0.029278 0.707533
0.035298 0.695763
0.054795 0.712011
-0.009545 0.704063
-0.011995 0.706524
-0.013566 0.708978
-0.019810 0.710406
-0.023817 0.708179
-0.018572 0.710279
-0.026266 0.708822
-0.027374 0.706983
-0.004499 0.704286
0.023590 0.784670
0.003063 0.708082
0.009140 0.706108
0.014332 0.709524
0.014399 0.711815
0.021328 0.712431
0.020512 0.712159
0.021510 0.712983
0.037646 0.709798
0.005399 0.706720
0.089451 0.691460
-0.009257 0.702274
-0.011736 0.706512
-0.013451 0.708256
-0.017248 0.710880
-0.021557 0.712615
-0.021833 0.711642
-0.023255 0.711652
-0.033939 0.707885
-0.025644 0.706406
-0.020795 0.725472
0.001138 0.706214
0.010539 0.709792
0.008294 0.711425
0.017502 0.715571
0.015245 0.717031
0.021220 0.719082
0.023093 0.717656
0.023269 0.709744
-0.001761 0.695094
0.056744 0.765153
-0.007972 0.703208
-0.009916 0.706019
-0.007952 0.709607
-0.011670 0.714848
-0.014564 0.719171
-0.015411 0.722946
-0.015462 0.714611
-0.017546 0.713709
-0.028506 0.696652
-0.068937 0.686731
0.003602 0.707517
0.001569 0.709709
0.000794 0.713921
0.007013 0.717562
0.008204 0.723804
0.006419 0.718808
0.010734 0.719765
0.012235 0.720917
0.023762 0.711153
-0.051028 0.657661
-0.007591 0.704199
-0.008856 0.706337
-0.009576 0.712455
-0.011512 0.715290
-0.010866 0.724769
-0.016709 0.722336
-0.018841 0.721884
-0.013262 0.712418
-0.031837 0.695213
-0.053358 0.810954
0.000790 0.707393
0.005987 0.708468
0.004226 0.717732
0.007260 0.723125
0.011348 0.726164
0.011292 0.729954
0.010524 0.724653
0.015356 0.718019
0.012218 0.713760
-0.077799 0.725465
-0.009842 0.705785
-0.010866 0.708416
-0.012487 0.716126
-0.015633 0.721488
-0.017095 0.728250
-0.016158 0.728340
-0.018501 0.726481
-0.025798 0.715480
-0.015902 0.704005
-0.087587 0.723322
0.007124 0.708312
0.004266 0.710540
0.010120 0.719906
0.010743 0.725082
0.007686 0.731699
0.010729 0.732784
0.014843 0.728098
0.014649 0.719905
0.013969 0.699249
0.092601 0.624328
0.003845 0.704254
-0.000153 0.707170
-0.001275 0.714624
-0.005663 0.726529
-0.000412 0.729693
-0.006378 0.731301
-0.011791 0.727234
-0.013000 0.719888
-0.042722 0.721871
0.016002 0.709652
0.011398 0.707178
0.012060 0.710158
0.013169 0.722245
0.013542 0.728179
0.016854 0.732712
0.009663 0.734364
0.015231 0.727778
0.013534 0.717971
0.023350 0.727655
-0.022803 0.723648
-0.012697 0.704730
-0.014175 0.710112
-0.015409 0.718128
-0.016942 0.727564
-0.020416 0.733774
-0.020712 0.737715
-0.015874 0.731440
-0.020855 0.720583
-0.014947 0.699018
-0.082126 0.684159
0.009582 0.707048
0.004681 0.712193
0.003986 0.722283
0.004773 0.733304
0.002353 0.738259
0.004971 0.735874
0.006794 0.728507
0.012675 0.716041
-0.010816 0.701702
-0.010465 0.695074
-0.006527 0.705504
-0.008944 0.711169
-0.013088 0.721997
-0.011546 0.730293
-0.016532 0.736182
-0.016241 0.737647
-0.020829 0.728279
-0.007672 0.720136
-0.014842 0.704692
-0.014742 0.746206
0.008803 0.711657
0.009247 0.716727
0.007309 0.726979
0.009385 0.731839
0.008207 0.740378
0.010654 0.737295
0.009523 0.733843
0.005271 0.721659
0.030633 0.717817
0.057013 0.736081
0.018165 0.699676
0.015180 0.709161
0.013038 0.722535
0.008889 0.728264
-0.001714 0.733933
0.000930 0.734776
-0.004724 0.725459
-0.012161 0.712425
0.004168 0.716377
-0.114974 0.685307
0.026660 0.713974
0.021232 0.720930
0.025131 0.729219
0.025321 0.733869
0.024933 0.739379
0.027374 0.736470
0.023429 0.731288
0.014780 0.717924
0.018079 0.729633
0.065739 0.742128
0.054800 0.698587
0.048437 0.703152
0.042158 0.715670
0.037096 0.723733
0.031857 0.729319
0.026279 0.728726
0.011480 0.721579
0.009118 0.711184
-0.018865 0.697220
-0.004205 0.712779
0.008539 0.708140
0.005996 0.712147
0.005805 0.725207
0.002133 0.729835
0.007680 0.732544
-0.004083 0.734388
0.004351 0.721249
-0.008248 0.719905
0.004044 0.715592
-0.056863 0.706290
0.079548 0.703872
0.081594 0.710207
0.067978 0.715678
0.055167 0.724767
0.041873 0.728140
0.030079 0.727288
0.016663 0.723601
0.010391 0.719632
-0.011893 0.712910
-0.067822 0.784216
0.031865 0.702960
0.033918 0.709968
0.025838 0.714230
0.034727 0.713758
0.032540 0.715291
0.029525 0.718413
0.026456 0.713625
0.020851 0.715684
0.030402 0.719730
0.169542 0.720736
0.122561 0.700649
0.110236 0.699339
0.097617 0.700834
0.087789 0.705464
0.069767 0.708103
0.061874 0.707318
0.053618 0.704452
0.051620 0.703221
0.058646 0.692145
-0.046142 0.664764
0.045144 0.951315
0.055984 0.940036
0.041690 0.932940
0.024829 0.932475
0.011555 0.925700
-0.002020 0.919189
-0.015900 0.905948
-0.003481 0.902901
-0.027501 0.900199
-0.061336 0.936171
-0.008027 0.957202
-0.005299 0.935599
0.003515 0.935425
0.009180 0.932458
0.013990 0.928739
0.014919 0.923868
0.013648 0.914115
0.013949 0.901255
-0.002747 0.899924
-0.047350 0.810281
-0.001119 0.901784
-0.004717 0.954864
-0.011374 0.977958
-0.014500 0.978974
-0.023220 0.980952
-0.015093 0.975976
-0.023028 0.966496
-0.032467 0.964579
-0.045211 0.962825
0.072456 0.963551
-0.005328 0.892862
-0.003035 0.944880
-0.008566 0.964165
-0.009675 0.977407
-0.009025 0.975982
-0.012390 0.965932
-0.021516 0.955736
-0.016935 0.954618
-0.000643 0.961400
-0.171847 0.945913
0.044907 0.952924
0.054837 0.941551
0.039884 0.935749
0.022044 0.934234
0.007565 0.929245
-0.004153 0.922811
-0.019823 0.909078
-0.009327 0.906030
-0.035134 0.907724
-0.051230 0.945657
-0.008374 0.958290
-0.005571 0.937366
0.002277 0.937212
0.008000 0.935661
0.012207 0.931888
0.012655 0.926813
0.010149 0.916504
0.010758 0.903478
-0.002921 0.907439
-0.071762 0.814136
0.030537 0.704634
0.041455 0.703343
0.058187 0.700264
0.071587 0.698672
0.081523 0.698033
0.102987 0.699094
0.106270 0.695967
0.110015 0.693002
0.111767 0.692705
0.082039 0.663859
0.022987 0.712269
0.035906 0.710390
0.045638 0.710526
0.058987 0.707720
0.067357 0.706826
0.074572 0.703561
0.080517 0.702485
0.083701 0.699128
0.102642 0.687834
0.119171 0.710204
0.014328 0.707302
0.008693 0.708376
0.008064 0.708358
0.007137 0.711394
0.009213 0.706618
0.004909 0.703683
0.007803 0.700573
0.005814 0.690470
-0.005285 0.703805
-0.054676 0.716719
-0.001096 0.711673
0.002769 0.711410
0.004330 0.711843
0.004297 0.715858
0.007519 0.711885
0.005505 0.706063
0.010268 0.705452
0.013967 0.697735
0.008463 0.697102
0.070714 0.699966
0.014485 0.706863
-0.004331 0.706905
-0.006016 0.712562
-0.009474 0.712627
-0.018764 0.709912
-0.018406 0.703972
-0.022036 0.702370
-0.020071 0.702977
-0.044917 0.685402
-0.040026 0.699661
0.008638 0.709435
0.015371 0.708330
0.025139 0.712140
0.033447 0.708197
0.035992 0.712875
0.041961 0.712168
0.045118 0.705966
0.051192 0.706984
0.056662 0.702970
0.111178 0.634716
0.007855 0.705780
0.010007 0.703498
0.007700 0.701666
0.008501 0.704878
0.001794 0.707760
-0.000993 0.708746
0.004194 0.708155
-0.005135 0.705574
0.010351 0.704480
0.023592 0.627139
0.002201 0.706900
0.004821 0.702136
0.005370 0.702995
0.005427 0.708763
0.002730 0.704863
0.006239 0.706475
0.003865 0.712098
0.005524 0.705042
-0.021944 0.698992
-0.007930 0.744326
0.013898 0.702611
0.019314 0.701004
0.022349 0.700534
0.019116 0.706696
0.020806 0.706706
0.016881 0.707847
0.018667 0.712398
0.026719 0.703742
0.016536 0.703229
0.050789 0.715242
-0.007297 0.708342
-0.010516 0.704499
-0.010384 0.704152
-0.015425 0.705863
-0.011945 0.710132
-0.011774 0.710735
-0.010049 0.711295
-0.015067 0.712167
-0.000213 0.726200
-0.013104 0.625708
0.032164 0.704961
0.026901 0.701773
0.030032 0.707581
0.030433 0.713021
0.026805 0.714843
0.029153 0.714586
0.031799 0.698812
0.030901 0.695664
0.012832 0.698096
-0.003437 0.664541
0.006439 0.707782
0.018233 0.702075
0.028022 0.707108
0.035892 0.717073
0.040947 0.716424
0.047656 0.715098
0.054455 0.706546
0.060058 0.695145
0.057218 0.688015
0.130597 0.713161
0.003446 0.707071
-0.003885 0.706225
-0.003586 0.708257
-0.007906 0.702909
-0.010798 0.704332
-0.012006 0.703778
-0.010431 0.703612
-0.011709 0.698812
-0.011815 0.704929
0.085361 0.625948
0.004852 0.707841
0.007852 0.708850
0.009776 0.710786
0.009010 0.712906
0.018749 0.707914
0.020012 0.709394
0.017528 0.705554
0.019500 0.701341
0.034016 0.707457
0.080262 0.680269
0.006734 0.705595
-0.003635 0.705935
-0.001143 0.704946
-0.003029 0.710018
-0.008221 0.703838
-0.008329 0.707570
-0.011814 0.704923
-0.008332 0.701377
-0.028728 0.696914
-0.062738 0.657199
0.006098 0.708971
0.006093 0.709530
0.008155 0.709653
0.017480 0.708694
0.012820 0.707408
0.016682 0.705603
0.017352 0.706373
0.017982 0.707137
0.014119 0.694942
-0.122076 0.703952
0.009396 0.706355
0.000100 0.706101
-0.003209 0.708457
-0.002701 0.708475
-0.006512 0.707390
-0.004358 0.702722
-0.008236 0.700148
-0.007730 0.705422
-0.014027 0.713909
0.048870 0.744030
0.005124 0.709121
0.003537 0.709992
0.008134 0.708992
0.013319 0.711223
0.015313 0.706592
0.019618 0.707966
0.020270 0.708071
0.023819 0.710351
0.004783 0.694498
-0.011231 0.722880
0.008244 0.706022
-0.000700 0.706987
-0.004215 0.708023
-0.006857 0.705884
-0.008226 0.707966
-0.011843 0.700580
-0.011205 0.705512
-0.011802 0.704965
-0.023922 0.691038
-0.070370 0.732527
0.007249 0.709436
0.008556 0.707615
0.015759 0.709426
0.011866 0.706098
0.017590 0.707326
0.022814 0.709436
0.023252 0.705729
0.024844 0.696445
0.037505 0.699283
0.175988 0.649786
0.005794 0.706765
-0.001678 0.708351
-0.001336 0.707701
-0.000653 0.707115
-0.007290 0.707901
-0.003050 0.704975
-0.004517 0.705470
-0.004977 0.704368
-0.014367 0.696419
-0.101846 0.663136
0.004538 0.709041
0.009614 0.707326
0.013911 0.708959
0.020426 0.709567
0.013063 0.706749
0.014006 0.702943
0.021872 0.710963
0.028282 0.707110
0.047428 0.720539
0.119601 0.662514
0.004474 0.709066
0.003857 0.705837
0.003153 0.708423
0.000258 0.705745
0.001309 0.709196
-0.004760 0.706622
0.004223 0.710092
-0.001304 0.707414
-0.015261 0.703203
0.023510 0.710944
-0.001711 0.705781
0.002297 0.707385
0.003902 0.707184
0.001023 0.708173
0.002510 0.705270
0.005356 0.706472
0.007593 0.709610
0.001558 0.705027
-0.010446 0.719829
-0.045412 0.707290
0.004782 0.706072
0.005196 0.705566
0.001516 0.705610
0.006126 0.706641
0.000397 0.707524
0.001828 0.705516
-0.005500 0.706542
-0.001035 0.709939
0.011269 0.703697
0.046814 0.759333
0.000152 0.708790
0.000879 0.707352
-0.000202 0.709057
0.002707 0.708770
0.000322 0.705762
-0.002832 0.705797
-0.001161 0.706694
0.001055 0.706501
-0.019100 0.703179
-0.059402 0.722048
0.003147 0.706033
0.004253 0.707784
0.001863 0.703306
0.006815 0.704418
0.003070 0.708253
0.002799 0.708572
0.005736 0.705986
-0.000103 0.703302
0.003801 0.701514
-0.061131 0.656333
0.002432 0.707863
-0.002243 0.705756
-0.000446 0.706845
0.001279 0.703948
0.003560 0.711864
0.006087 0.707894
-0.000051 0.712069
0.003668 0.709825
-0.012416 0.694486
0.039066 0.743362
0.007165 0.707577
0.008134 0.706178
0.007651 0.704848
0.005871 0.707397
0.001070 0.705648
0.004258 0.708453
0.007871 0.707435
-0.003577 0.704673
0.009208 0.704133
0.094569 0.661742
-0.002303 0.707204
0.003544 0.709580
0.003330 0.708505
0.000542 0.704571
-0.000285 0.706871
0.000614 0.710295
0.000223 0.709911
0.002470 0.711562
-0.008715 0.712678
0.048016 0.689534
0.003884 0.706918
0.003203 0.705766
0.004667 0.706581
0.000147 0.708238
-0.000847 0.707277
-0.006211 0.706197
-0.004417 0.708515
-0.008087 0.704656
0.016395 0.707265
-0.063337 0.692315
0.008178 0.707467
0.006816 0.708524
0.004099 0.708375
0.006232 0.708698
0.000193 0.705597
0.006660 0.712447
0.003260 0.704625
0.003762 0.709517
0.001875 0.711528
0.013713 0.737362
0.001094 0.705563
0.002919 0.703897
-0.001151 0.706347
-0.002834 0.708787
0.000953 0.707692
0.000538 0.705798
-0.001698 0.712031
0.004535 0.710424
0.000669 0.711207
0.044366 0.707462
0.001303 0.709135
-0.001319 0.706207
0.005908 0.708336
0.001671 0.706556
0.004176 0.708062
0.000988 0.707421
0.003892 0.708790
0.003753 0.708483
0.012151 0.709846
0.012312 0.682413
0.018114 0.703498
0.015639 0.703233
0.013413 0.704176
0.014323 0.705868
0.017871 0.706659
0.007112 0.706887
0.011179 0.710454
0.022334 0.711385
-0.000070 0.719858
0.013917 0.711606
-0.002207 0.709862
0.000520 0.709129
0.001355 0.705609
-0.001901 0.708207
-0.004103 0.706889
-0.003625 0.709580
-0.002058 0.711497
-0.002951 0.707235
-0.007600 0.713710
-0.032985 0.658675
0.021346 0.705642
0.026595 0.707161
0.023222 0.704674
0.022490 0.706458
0.017486 0.705598
0.019237 0.710159
0.020505 0.707877
0.018482 0.711204
0.024737 0.694854
0.017802 0.669407
-0.011287 0.708315
-0.011900 0.707073
-0.013146 0.707975
-0.011938 0.707467
-0.008090 0.708620
-0.009900 0.707812
-0.005721 0.708872
-0.010000 0.708820
0.002049 0.719775
0.022495 0.716146
0.003235 0.704552
-0.001091 0.705288
0.010378 0.703462
0.003717 0.708981
0.005278 0.706501
0.003842 0.709444
0.005963 0.709451
0.001525 0.707230
-0.004284 0.693808
-0.000240 0.778469
-0.002558 0.709544
-0.002537 0.708901
-0.003600 0.708129
-0.007785 0.707250
-0.002907 0.709331
-0.002094 0.707878
-0.002376 0.710741
-0.011966 0.706998
-0.002343 0.706331
0.022012 0.645801
-0.010107 0.695488
0.003213 0.695255
0.013673 0.695638
0.006907 0.698825
0.010259 0.700504
0.018751 0.697891
0.014577 0.693556
0.022261 0.699094
0.042267 0.692829
0.020066 0.724324
-0.042397 0.717530
-0.039749 0.716826
-0.049562 0.717493
-0.047823 0.712863
-0.052207 0.712229
-0.043172 0.715774
-0.044875 0.717689
-0.052144 0.713106
-0.035921 0.713654
-0.156605 0.620042
-0.038806 -0.031734 0.002006 0.001033 0.000693 -0.002293 0.001600 0.000580 
0.237056 -0.012212 -0.002813 -0.000476 -0.000386 -0.003404 -0.001314 0.005036 
-0.036582 -0.010469 -0.001174 -0.002112 -0.001537 -0.000436 -0.005087 0.000868 
0.153947 -0.007062 0.001473 0.001023 0.000569 0.002010 0.003310 0.001009 
-0.013616 -0.001510 0.000750 -0.000786 -0.001600 -0.001277 -0.000431 0.001464 
0.057507 0.001241 0.001424 0.002902 -0.001462 -0.000344 0.000973 0.003369 
0.003880 0.004322 0.000517 -0.001532 0.003160 -0.000546 -0.000665 0.000383 
-0.022707 -0.001712 -0.002898 -0.001828 0.000171 -0.002017 0.002814 0.004459 
0.020619 -0.007481 -0.001008 -0.002901 -0.004254 -0.002103 0.000483 -0.002013 
-0.091687 -0.006568 0.000574 0.001590 0.001254 0.001882 -0.005391 -0.003480 
0.039079 -0.011438 -0.007796 0.000834 0.003127 0.001765 -0.004191 0.000486 
-0.149591 -0.009420 -0.000757 0.003539 0.000509 0.000914 -0.001243 -0.000022 
0.046353 -0.027200 -0.007094 -0.002628 0.002450 -0.002262 -0.004767 -0.001571 
-0.203476 -0.020987 0.005939 0.000172 0.000618 -0.001819 0.007201 -0.003352 
0.057312 -0.031205 -0.010380 -0.005203 -0.000118 -0.001154 0.001412 -0.000989 
-0.231046 -0.031702 -0.003986 0.003126 -0.003994 0.002460 0.003765 -0.000737 
0.019402 -0.026136 -0.008361 -0.004999 0.000832 0.003097 -0.001675 -0.001082 
-0.242554 -0.016761 0.002431 0.001771 0.002153 -0.000463 -0.000547 0.000317 
-0.077504 -0.180655 0.020404 0.027708 0.002441 -0.002211 -0.001778 -0.000968 
-0.378697 0.030256 0.071577 -0.008070 -0.009702 -0.001016 -0.002933 0.002837 
-0.000548 -0.003082 -0.002863 0.004134 -0.000808 0.000121 -0.001573 -0.001033 
-0.019536 -0.009662 0.008892 -0.000027 -0.002331 -0.001667 -0.001711 -0.004345 
0.008826 -0.005977 -0.001801 0.003257 0.002323 -0.001337 0.004109 0.001080 
-0.016810 -0.002962 0.002136 -0.001081 -0.001385 -0.000472 0.000286 0.002408 
-0.001395 -0.003974 0.001806 0.003315 0.001055 -0.001823 -0.002494 -0.000016 
-0.008442 -0.001952 0.002399 0.003762 0.002991 -0.000199 -0.001988 0.002739 
0.000813 0.000055 -0.007097 0.001682 0.002984 0.006239 -0.000171 0.001222 
0.001211 -0.001496 -0.001853 0.001347 0.008409 -0.001813 0.000590 -0.001827 
0.001141 -0.004985 -0.000231 0.002610 -0.001176 0.000317 -0.002299 0.005924 
0.006103 -0.002709 -0.000609 -0.001138 0.001083 -0.000595 0.000765 0.001227 
-0.004005 0.005189 -0.009648 0.007451 -0.005411 0.001335 0.002940 -0.001219 
0.013647 -0.005536 0.000139 0.004781 0.000114 -0.006112 -0.002072 -0.001428 
-0.003423 0.000192 -0.008836 0.007117 -0.001196 0.002964 0.003362 -0.001890 
0.022739 0.001780 -0.004128 0.009379 0.003561 0.000139 0.000582 -0.000085 
0.001065 0.014430 -0.004980 0.006639 -0.005230 0.003371 -0.000136 -0.006058 
0.014031 -0.008322 -0.006257 0.004091 0.000913 -0.001455 -0.000887 0.001596 
0.022548 -0.004599 -0.003843 0.004189 -0.001929 0.005274 0.001351 -0.003822 
0.016367 -0.003876 -0.000437 0.000099 0.003978 -0.004403 -0.004763 0.002273 
-0.042266 -0.041084 -0.003628 0.011113 -0.008891 0.001931 0.011229 -0.002460 
-0.058561 0.003515 -0.000075 0.000062 -0.000353 0.002249 -0.003482 0.006218 
-0.038666 -0.034698 0.002953 0.000971 0.000760 -0.000540 0.004384 -0.002363 
0.238887 -0.011001 -0.003595 -0.002137 0.000754 -0.001877 -0.000357 0.003543 
-0.037266 -0.010678 0.000163 0.000609 0.001176 0.000713 -0.001899 -0.001583 
0.155678 -0.008485 0.000714 -0.002769 0.001782 -0.000154 0.003522 -0.001675 
-0.013484 -0.001360 0.000916 0.000670 -0.001427 -0.000300 -0.001635 0.000920 
0.058268 -0.000206 0.001834 0.001714 -0.002894 -0.000389 -0.001077 0.000001 
0.003713 0.004169 -0.000092 -0.000218 0.003060 0.001823 -0.001332 0.003364 
-0.023337 -0.001388 -0.002982 -0.003602 0.001147 -0.003709 0.001766 0.000638 
0.021839 -0.008806 -0.001553 -0.002195 -0.002291 -0.000074 0.000665 -0.000315 
-0.092151 -0.006112 -0.000949 -0.000904 0.002379 0.000514 -0.004294 -0.006263 
0.040155 -0.011580 -0.007010 0.000835 0.005733 0.003954 -0.004818 0.000804 
-0.151271 -0.009927 -0.000402 0.003121 0.000631 -0.000868 -0.001542 0.001188 
0.047502 -0.027351 -0.007425 -0.002820 0.003845 -0.001966 -0.000702 -0.000471 
-0.204152 -0.021173 0.004200 0.000759 0.000506 -0.001937 0.004820 -0.001071 
0.057258 -0.032827 -0.010651 -0.005320 0.000780 -0.000671 0.002311 -0.001694 
-0.232561 -0.030959 -0.005449 0.002113 -0.002536 0.001480 0.002736 -0.000111 
0.017793 -0.023005 -0.007708 -0.005941 0.001124 0.001821 -0.000329 -0.002502 
-0.244142 -0.015432 0.000230 0.001798 0.000087 0.002030 0.000323 0.003014 
-0.066802 -0.182494 0.018138 0.028534 0.002544 -0.001249 -0.004577 -0.001567 
-0.372391 0.024332 0.074268 -0.008168 -0.010144 -0.002102 -0.004318 0.000724 
-0.038832 -0.024578 0.006778 -0.002978 0.003322 0.000166 -0.001482 -0.003443 
-0.155444 0.018474 0.002105 -0.000424 0.000082 -0.002075 -0.001392 0.000884 
-0.028380 -0.007297 0.003139 0.002000 -0.000040 -0.001632 -0.003143 0.003349 
-0.107172 0.019217 0.001133 0.003543 -0.001982 0.003432 0.001622 -0.000924 
-0.007967 -0.000236 0.000141 -0.002774 -0.001936 0.000256 -0.003594 -0.000484 
-0.039852 0.012403 -0.000942 0.001109 -0.000044 -0.004825 -0.001055 0.001701 
0.006181 0.003775 -0.001242 0.002638 -0.000115 0.001453 -0.000731 0.005412 
0.003677 0.007627 -0.004782 -0.003784 0.003735 -0.000754 -0.003726 0.000648 
0.010439 -0.002703 0.000457 -0.000650 -0.000022 -0.000154 -0.000467 0.002628 
0.047608 0.010929 -0.007325 -0.003763 -0.001816 0.001898 0.001034 0.001593 
0.022621 -0.008808 -0.004895 0.002821 -0.002381 -0.002002 -0.002193 -0.003703 
0.079965 0.016645 -0.002142 -0.009289 -0.001097 -0.000440 0.005076 -0.000151 
0.029669 -0.013544 -0.003236 0.004150 0.002445 -0.001542 -0.008628 0.001252 
0.114495 0.021531 -0.009697 -0.014014 -0.007685 0.004060 0.003136 -0.006247 
0.022271 -0.008423 0.005165 0.009145 -0.002227 -0.012697 -0.011260 0.002286 
0.124951 0.021175 -0.008067 -0.013879 -0.002460 0.007993 0.003130 -0.009171 
0.015635 -0.006994 0.005499 0.003697 -0.001669 -0.008432 -0.006363 0.003802 
0.105141 0.015539 -0.006745 -0.025511 -0.010166 0.010487 0.006477 -0.005070 
-0.018899 -0.064958 0.018020 0.007910 -0.015994 -0.012370 0.006613 0.019716 
0.133603 0.008911 -0.022326 -0.016227 0.006018 0.016544 -0.001114 -0.006627 
0.060695 -0.008907 0.001542 0.003977 0.001238 -0.001236 -0.001259 -0.001788 
-0.070833 0.003923 -0.000743 -0.001138 -0.001164 -0.001153 -0.001672 0.000528 
0.026783 0.002095 -0.001284 -0.003185 0.000919 -0.003187 -0.000955 -0.000155 
-0.043170 0.003213 -0.002776 -0.000504 -0.001475 0.000001 0.005662 -0.001328 
0.006134 0.004560 0.000094 0.000620 -0.000866 -0.000059 -0.003949 -0.000077 
-0.019251 0.003590 -0.001078 -0.002114 0.003171 0.001559 0.001377 0.000988 
-0.003770 -0.000938 0.001326 0.004222 0.000475 0.001490 -0.004206 0.003788 
0.004468 0.003855 -0.000976 -0.002194 -0.001297 0.001016 -0.000408 -0.002547 
-0.017462 -0.000982 -0.000782 -0.000414 0.000438 0.001889 0.000092 -0.001172 
0.018774 0.005947 -0.003113 -0.003648 -0.002997 -0.004780 0.001304 -0.001392 
-0.031090 -0.000306 0.004479 0.001088 -0.000796 -0.005994 0.000478 0.004605 
0.035162 0.004139 0.003710 0.000668 -0.001306 0.001373 0.001820 -0.001324 
-0.041527 0.007615 -0.002991 0.000818 -0.000146 -0.000651 -0.001964 -0.000861 
0.053560 0.000826 -0.000298 -0.001825 -0.000737 0.000051 -0.002066 0.001752 
-0.055424 -0.002890 -0.003164 -0.003447 -0.000689 0.002052 0.002013 0.001574 
0.059164 -0.005387 0.002917 0.001371 -0.002727 -0.001984 0.000067 -0.001959 
-0.063893 0.014397 0.004550 -0.006209 0.003116 -0.002666 0.000519 -0.003902 
0.072387 -0.010768 0.004712 -0.002143 -0.002750 0.003232 -0.002403 -0.001326 
-0.185263 0.077154 -0.013816 0.000286 0.005165 -0.005955 0.003511 -0.003616 
0.093331 -0.026723 0.030439 -0.015059 0.011968 -0.002652 -0.002498 -0.003193 
0.056741 -0.000485 -0.000849 -0.000970 0.001399 -0.001927 0.000439 -0.001183 
-0.046027 0.000819 0.000082 -0.002986 0.002468 -0.004961 0.000022 -0.000800 
0.028640 -0.000367 0.004078 0.000008 -0.001753 0.001061 0.001520 0.000334 
-0.029272 0.001757 0.003642 0.000400 0.002264 0.002288 0.001733 0.001250 
0.013688 0.005339 -0.003236 0.000557 0.001870 -0.001701 0.004662 0.000089 
-0.014599 0.003915 -0.005381 0.001786 0.001158 0.000101 -0.000090 -0.001734 
0.000364 -0.001642 -0.000611 -0.004432 -0.003961 -0.000922 0.001492 0.001107 
0.006396 0.002962 0.001835 -0.000535 -0.001804 -0.002340 -0.001302 0.003627 
-0.018406 0.002101 0.003128 0.002822 -0.006804 0.000811 0.000456 -0.000770 
0.011353 0.006493 -0.000919 -0.000294 -0.000811 0.004048 0.001790 -0.002550 
-0.024969 0.003186 0.002064 -0.003105 -0.001944 0.000948 -0.000507 0.001225 
0.028248 0.003422 -0.003301 -0.000446 0.002613 -0.004527 -0.000269 0.004810 
-0.037140 0.005993 -0.000953 0.001172 -0.006321 0.003396 0.001970 0.001573 
0.035369 0.001177 -0.002581 -0.004522 0.001436 0.000979 -0.000542 -0.003544 
-0.056005 0.004156 -0.003642 -0.002931 -0.001268 -0.002814 -0.001125 0.002757 
0.043142 -0.002182 -0.002465 0.000981 -0.001332 0.004240 0.000259 0.001136 
-0.044112 0.017347 0.002227 -0.003420 0.004400 -0.000822 -0.003475 0.000892 
0.052606 -0.003961 0.007036 0.002595 -0.005748 0.002836 -0.000496 0.000696 
0.047434 -0.003061 -0.000342 -0.001488 0.001527 0.002254 0.006913 0.004176 
0.001581 -0.000730 0.001881 0.005073 -0.004434 0.002342 0.001192 -0.002739 
0.021666 0.001136 -0.006989 -0.001289 -0.000459 -0.001101 -0.001995 0.002526 
-0.020013 -0.004961 0.004490 -0.005683 -0.001073 -0.002750 -0.002939 0.003798 
0.010683 -0.006124 -0.002525 0.001358 -0.004953 0.005188 -0.001495 -0.006374 
-0.010851 0.000843 -0.003536 0.001485 -0.002613 0.000523 0.000610 0.005064 
0.006370 -0.002967 0.000669 0.002126 -0.002017 0.001851 0.003255 0.000917 
-0.004999 0.003684 -0.002106 0.002441 0.002211 0.002469 -0.002111 -0.003480 
0.000668 0.001094 -0.001153 0.001338 -0.000767 -0.002003 0.002667 0.003242 
-0.000289 0.000910 0.003773 -0.002827 0.000017 0.002173 0.000130 0.000090 
-0.007686 0.002434 0.001089 0.005251 0.002453 0.000002 -0.002470 0.000993 
0.007291 -0.001849 -0.001659 0.000155 0.001748 0.001580 -0.003542 -0.000780 
-0.005785 -0.003209 0.001864 -0.002964 -0.000300 -0.000345 -0.002258 -0.007481 
0.012626 -0.000947 0.005672 -0.000149 0.001892 0.004667 -0.005819 -0.003328 
-0.015926 0.003024 0.006585 -0.000774 0.001743 -0.001212 -0.000662 -0.000430 
0.015261 0.000586 -0.001674 0.001159 -0.002268 0.003370 0.000491 -0.001142 
-0.021655 -0.004494 0.001542 0.005522 0.001776 -0.001269 0.000045 0.000392 
0.017067 -0.000169 -0.000436 0.004291 0.000596 0.003379 -0.002960 0.003188 
-0.007965 -0.012043 0.004642 -0.000949 0.001659 0.005203 -0.004629 0.003066 
0.031885 -0.001010 -0.004608 -0.000013 -0.002621 0.005302 0.001710 -0.003630 
0.009681 -0.002079 -0.001478 0.009106 0.001514 -0.003866 -0.000461 0.006535 
0.136331 -0.001542 -0.007063 -0.002308 0.010954 0.002253 -0.005866 -0.000678 
0.002534 0.001539 -0.002502 -0.000187 0.000440 0.002786 -0.004772 -0.000053 
-0.035796 -0.003963 0.000338 -0.000339 -0.000945 -0.000828 -0.000531 -0.004153 
-0.001223 -0.000656 -0.000152 0.000103 -0.001771 0.003264 -0.001592 -0.001402 
-0.027399 -0.004484 0.001441 -0.002065 0.000416 0.000044 -0.004403 -0.002007 
0.002230 -0.001035 -0.004991 -0.004964 -0.001794 -0.001909 -0.000978 0.002887 
-0.013706 -0.000787 0.000405 -0.003311 0.001491 -0.000365 0.004239 0.000856 
0.004599 -0.001051 0.003126 0.001417 -0.001709 0.001277 -0.000631 0.001335 
0.003876 -0.002949 0.002349 -0.003215 0.001363 0.000153 0.002510 0.006508 
0.002843 -0.001438 0.004881 -0.003388 0.004079 0.004036 0.002033 -0.002028 
0.021843 -0.002379 -0.001069 -0.001567 -0.002255 -0.002165 -0.000487 0.001868 
0.002747 0.002035 -0.001712 -0.001402 0.001001 0.000334 0.000205 -0.000991 
0.034275 -0.001149 -0.000077 0.003193 -0.001673 0.003361 -0.003359 0.000977 
0.014566 0.003940 -0.006338 -0.000837 -0.001761 -0.005301 0.000481 0.000623 
0.045517 -0.001523 0.001748 -0.002587 -0.002446 0.002759 -0.000768 0.002004 
-0.003650 -0.005240 -0.001161 -0.003226 0.002351 0.004103 0.004023 -0.001118 
0.051653 0.000939 0.002047 -0.003772 0.003469 0.001250 0.000524 0.000909 
-0.006230 0.011093 0.000125 -0.007334 -0.001525 0.000176 -0.001834 0.000653 
0.070053 -0.005118 0.001693 -0.003981 0.001807 0.002132 0.003482 0.002234 
0.015581 0.024773 0.000449 -0.007828 0.001777 0.002070 -0.000076 -0.000707 
0.080216 -0.004835 0.007712 -0.008687 0.003750 0.003340 0.005704 0.001557 
0.061641 -0.011981 -0.001795 -0.001785 0.004753 0.000354 0.000029 -0.002719 
-0.138091 -0.005516 -0.001012 -0.001811 -0.000056 -0.004343 -0.000556 0.000687 
0.023234 -0.003897 0.000453 0.002563 -0.001338 0.000836 0.003021 0.003925 
-0.082480 -0.002462 0.000278 0.000417 0.004020 -0.002335 0.000415 -0.002206 
0.011779 -0.001968 0.003372 0.001894 -0.003728 0.000551 -0.001449 -0.000781 
-0.037220 0.001006 -0.000376 0.000137 -0.000144 0.000625 0.001793 -0.003243 
0.000903 0.001999 -0.000589 -0.003342 -0.004354 -0.005481 -0.000566 -0.006610 
0.011498 -0.001424 0.003567 -0.000735 0.000133 -0.001243 -0.000550 -0.000018 
-0.018114 -0.001866 0.001614 0.001807 -0.000019 -0.005248 -0.003236 0.003050 
0.043022 0.000577 0.004194 -0.001072 -0.000467 0.001125 0.003700 -0.004065 
-0.023318 -0.004462 -0.003221 0.000566 -0.004077 0.001354 -0.003123 -0.000903 
0.087158 0.005390 0.004482 -0.001012 0.002714 0.003327 0.001004 -0.001202 
-0.038445 -0.007110 0.000080 0.001945 -0.002928 0.003568 -0.000294 -0.000931 
0.122193 -0.003070 -0.000949 0.000896 -0.000666 0.000317 0.000662 0.000190 
-0.066925 -0.006114 -0.000011 -0.002591 0.003205 -0.002911 -0.000696 -0.001309 
0.145534 -0.010152 0.004407 -0.002196 -0.003754 0.001364 0.001397 0.000201 
-0.064789 -0.011743 -0.001159 -0.000980 0.000842 -0.001627 0.003645 0.000653 
0.160786 -0.010757 -0.004372 0.001297 0.003283 -0.001938 -0.000080 0.000954 
-0.107044 -0.072758 0.013323 0.007417 -0.005378 -0.001952 -0.000057 0.001296 
0.239345 -0.031387 -0.020573 0.006028 -0.001135 -0.005853 0.001150 0.001368 
0.021760 -0.005468 -0.003056 -0.000801 -0.003042 0.001497 0.001012 -0.003990 
-0.022172 0.000362 0.000062 0.003494 0.000370 0.005614 0.002175 -0.000199 
0.016630 -0.003040 -0.004236 -0.000446 -0.002248 -0.002072 0.000183 -0.000337 
-0.019979 0.008111 0.000864 0.001438 -0.002246 -0.003239 0.003144 0.001654 
0.006679 0.002284 0.001954 0.004589 -0.001662 0.003737 0.002005 0.001947 
-0.003093 -0.000578 0.007614 0.001139 0.003594 0.003167 0.001239 0.000660 
-0.002002 -0.002092 -0.000322 -0.000504 0.000845 -0.000425 0.003320 0.003510 
-0.000058 0.003366 -0.001530 0.000173 0.000259 -0.003738 0.000801 -0.004600 
-0.009516 -0.002351 -0.002734 0.002345 0.004280 0.005578 -0.002861 -0.000726 
0.006414 0.002138 0.006144 -0.000120 -0.001823 0.003776 0.000093 -0.000299 
-0.018899 0.006366 -0.000455 -0.003004 -0.000186 -0.001193 -0.003500 0.003989 
0.015018 -0.002785 -0.000148 -0.000184 -0.003510 -0.000999 0.003847 0.001719 
-0.013098 0.001651 0.002360 -0.000771 -0.000743 -0.001124 -0.002666 0.000729 
0.015297 -0.006459 0.005842 0.002136 -0.000279 0.011552 -0.001490 -0.001976 
-0.018010 0.001502 -0.003039 0.001485 0.003651 -0.000875 -0.003693 0.007219 
0.017287 -0.001107 -0.001041 0.001434 -0.000650 0.001147 -0.002730 -0.000862 
-0.008108 0.017276 0.011275 -0.004600 0.003799 0.003145 -0.001100 -0.004371 
0.014668 0.000308 0.007194 0.005101 -0.004285 0.000618 -0.001895 0.002094 
0.060889 0.031076 0.003317 -0.004377 -0.005472 -0.002240 -0.003369 -0.009016 
-0.038461 -0.013974 0.000234 0.000461 0.001187 0.005408 -0.001055 -0.002498 
0.027474 -0.004259 -0.005397 0.000461 0.000994 0.001465 -0.000108 0.001901 
-0.019576 0.000828 0.003221 0.001975 0.001954 -0.003519 -0.001693 -0.001521 
0.008888 0.002549 -0.004590 0.003373 0.001113 -0.001527 -0.002163 -0.000089 
-0.015700 0.006031 0.005461 -0.001210 -0.002138 0.002338 0.001439 0.001026 
0.009189 0.000279 0.002056 0.000069 -0.000998 0.000974 -0.000639 0.001222 
-0.007485 -0.000497 0.000647 0.000404 -0.001004 -0.000884 0.001855 0.002857 
0.002624 -0.003238 0.001935 -0.000058 -0.006059 -0.001273 0.000774 -0.000460 
-0.000899 0.004182 0.001152 -0.000984 -0.001720 0.001374 0.001349 0.001626 
-0.008639 0.003758 0.000286 -0.004601 0.003313 -0.002330 0.002666 0.002112 
0.009118 0.002693 0.002618 -0.000668 0.001617 0.000540 -0.000063 0.001816 
-0.009227 -0.003947 -0.000897 -0.008039 0.002966 0.003050 -0.001619 0.000198 
0.013272 -0.003829 0.005786 0.001265 0.001718 0.006328 0.003353 -0.003421 
-0.026525 0.003205 0.001558 -0.007838 -0.000067 0.003464 0.001694 0.003446 
0.016024 0.001752 -0.000274 -0.006359 -0.001482 0.003943 0.001580 -0.004846 
-0.023187 -0.002861 -0.004096 0.001992 0.005548 0.003818 -0.000564 0.003202 
0.010589 -0.006436 0.003397 -0.004390 -0.003313 0.001923 0.001465 0.003340 
-0.017022 0.016994 -0.000014 -0.004638 0.001838 0.001283 0.001201 -0.004746 
0.012254 0.002723 0.003264 -0.004390 0.003597 0.000040 0.004710 -0.009374 
-0.022502 0.074388 -0.004623 0.001377 0.004594 0.003757 -0.016323 0.002519 
0.069449 0.002318 0.009559 0.003774 -0.006675 0.004384 0.004015 -0.001081 
0.023588 -0.004284 0.002995 0.001442 -0.000092 0.000107 0.004556 0.001814 
-0.021052 0.000151 0.000964 -0.001032 0.001616 0.002700 -0.000113 -0.000732 
0.018857 -0.003357 0.002151 0.000872 -0.001688 -0.004611 0.003942 0.000433 
-0.016740 0.000011 0.000168 0.002854 -0.007300 0.000240 -0.001338 0.005310 
0.003921 0.001166 -0.003844 -0.000090 -0.000638 -0.000794 -0.000905 -0.003842 
-0.005947 0.006300 -0.002551 0.001145 -0.001679 -0.004515 -0.001496 -0.002961 
0.002296 -0.003678 0.002620 0.000186 -0.003214 0.000077 -0.000962 -0.001382 
0.007553 0.006057 0.001448 0.004428 -0.000544 0.003879 -0.002582 -0.003280 
-0.008826 0.005418 0.002757 -0.004923 0.002107 -0.000546 0.000203 0.001580 
0.000294 -0.000675 0.002243 0.004284 -0.002705 0.001306 0.002555 -0.002476 
-0.015629 0.002024 0.000488 -0.003247 -0.002166 0.003577 -0.003066 0.004462 
0.014404 0.003159 0.006764 -0.000260 0.001886 0.007927 0.002715 0.000396 
-0.015023 0.001205 -0.000056 -0.003169 -0.000716 0.006560 -0.003323 -0.002198 
0.015169 -0.000188 -0.002236 -0.001096 -0.004797 0.004000 0.002059 -0.002168 
-0.022415 -0.003285 -0.000961 -0.002710 0.004427 0.001680 -0.002728 0.001695 
0.018557 0.003785 0.001500 0.000949 -0.004396 0.006010 0.001178 -0.000872 
-0.013051 0.005719 -0.005402 -0.004168 -0.008176 0.010159 -0.002400 0.002289 
0.023826 0.002204 0.003502 0.001172 -0.006423 -0.000800 -0.001833 -0.003128 
0.059577 0.066240 0.009928 -0.010667 0.004913 0.002377 -0.003151 0.002455 
-0.013415 -0.008872 0.002568 0.003302 -0.012244 -0.001586 0.002617 -0.003550 
0.022150 -0.003247 0.005481 0.001502 0.003802 -0.000256 -0.000829 -0.000052 
-0.014100 0.003597 0.004769 0.000562 -0.001710 -0.002774 -0.001395 -0.001621 
0.009908 -0.002984 0.000663 -0.003660 -0.005155 -0.001624 0.001533 -0.001953 
-0.009266 0.006818 0.001258 0.003831 0.003846 0.000583 -0.001170 -0.007366 
0.002613 0.002690 0.001080 0.000850 0.000058 -0.000278 -0.003108 0.001775 
-0.007690 0.001935 0.000099 0.000899 -0.002391 0.000361 0.001214 0.000787 
0.000162 -0.003020 0.000668 -0.004846 -0.001735 0.000309 0.002447 0.004203 
0.006418 0.000943 0.003331 -0.003182 0.001748 0.001287 -0.001820 0.000388 
-0.008423 0.000036 -0.000136 -0.000906 -0.000497 0.000120 0.000782 0.000067 
0.008260 0.002213 0.000172 0.002347 0.000463 0.002783 0.001526 0.003629 
-0.013435 0.002042 0.002425 -0.001416 0.001336 0.000619 -0.002092 0.005355 
0.011720 -0.002504 0.001821 0.002521 -0.000379 0.004764 0.000353 -0.000694 
-0.014842 0.000623 0.003297 -0.004042 -0.000973 0.001284 -0.000409 0.001185 
0.012809 0.001821 0.001864 0.000560 -0.002694 0.000466 0.001002 -0.007328 
-0.011710 -0.001443 0.001533 -0.003730 0.000087 0.000158 -0.001249 0.003245 
0.008496 0.000217 -0.003990 0.003328 -0.006970 0.000533 0.001944 0.002641 
-0.014568 0.000208 0.002037 -0.005897 0.003248 -0.000851 -0.004118 0.002815 
-0.000486 0.001312 0.002513 -0.001011 -0.003432 -0.001266 -0.002931 -0.003664 
0.021198 0.025920 -0.009531 -0.010113 0.009100 0.004575 -0.001907 0.007986 
-0.019982 0.002108 0.004821 0.002128 -0.003414 -0.002185 -0.002446 0.003336 
0.021206 -0.000299 0.000140 -0.002514 0.000865 0.001308 0.001508 0.003768 
-0.018137 0.006656 -0.002462 -0.000513 0.002653 0.001585 -0.001013 0.000302 
0.012335 0.000326 0.000027 -0.000293 0.004165 0.001827 0.004054 0.000122 
-0.004990 0.003698 0.003013 -0.001488 0.001455 -0.000539 -0.000662 -0.003748 
0.006021 -0.001331 0.000179 0.000926 0.001148 0.001334 -0.000719 0.000113 
-0.009417 0.003207 0.002435 0.003164 0.002936 -0.001114 0.000611 0.001728 
0.000530 -0.002313 -0.005748 -0.003049 -0.003617 0.000797 0.000422 -0.000303 
0.004067 0.003304 0.000165 0.001476 0.003406 -0.000212 0.000405 -0.001099 
-0.007004 0.005690 -0.002011 -0.004988 -0.001136 -0.001764 0.004459 0.000134 
0.004757 0.002660 0.001120 0.004249 0.002182 0.001869 -0.002487 0.000329 
-0.003482 -0.001438 0.001716 -0.003366 0.000438 0.001095 -0.002270 -0.001543 
0.003748 0.000948 0.002439 -0.000257 0.000084 0.007357 0.002909 0.000377 
-0.016830 0.000115 -0.000874 0.000029 0.002366 -0.002533 -0.001941 -0.005981 
0.016795 -0.001761 0.002794 0.002403 -0.008272 0.004177 -0.002712 -0.002378 
-0.023728 -0.000793 0.001978 0.001587 0.003857 0.003743 -0.001630 0.001908 
0.014371 0.002895 0.000878 -0.002397 -0.000809 -0.000263 0.001709 0.002348 
-0.017224 0.019244 -0.006515 -0.006786 0.004784 0.002374 0.001405 0.003535 
0.012808 -0.001323 -0.001975 0.005200 -0.005177 0.006164 -0.002227 0.003192 
-0.052036 0.068492 -0.013150 0.006992 -0.003436 0.003150 0.000945 -0.000648 
-0.022084 0.001435 -0.002640 0.001021 -0.006565 -0.000908 0.004235 0.004755 
0.018087 -0.002259 0.002391 -0.004927 -0.003233 -0.001825 -0.001215 -0.001400 
-0.009311 0.001809 0.000896 0.002269 0.002737 -0.001925 -0.001577 -0.003237 
0.010749 -0.003530 -0.000220 -0.001986 0.002355 0.001496 0.002792 0.002399 
-0.002117 0.000903 0.001364 0.001081 0.000812 0.001077 0.002063 0.006466 
0.008397 -0.000241 0.000533 -0.001468 0.002464 0.002872 -0.003798 0.001285 
-0.003554 0.000811 -0.002780 -0.000455 0.001618 0.001952 -0.004350 -0.000977 
-0.000384 0.006112 0.000102 -0.003101 -0.000477 -0.001796 -0.003911 -0.000041 
0.002880 0.000905 0.001151 0.001717 0.004110 0.001085 -0.000700 -0.001126 
-0.005747 0.003353 -0.002154 -0.005370 0.001204 0.001217 -0.000194 0.002461 
0.005844 -0.003076 -0.000877 -0.000230 0.001704 0.001661 0.003070 0.000503 
-0.008732 -0.000382 -0.002898 -0.003328 0.001047 -0.002952 0.001951 -0.002590 
0.004280 -0.001694 0.000723 -0.000737 0.004771 -0.000421 0.003294 0.003022 
-0.002947 0.002196 -0.002178 0.001100 0.001545 -0.002570 -0.000449 0.000926 
0.000768 0.001096 -0.000785 -0.001163 -0.001757 -0.001488 0.003686 -0.001084 
-0.017986 0.007160 0.000091 0.004268 -0.000021 0.001146 0.004563 0.005939 
0.012937 -0.007150 0.006111 -0.001933 -0.002134 0.003133 -0.000007 -0.002756 
0.003139 -0.009673 -0.005028 0.003561 -0.001111 0.001107 -0.003641 0.001808 
0.016841 -0.000987 0.006431 0.003843 -0.004719 0.007008 -0.002134 0.002136 
0.009059 0.017718 -0.001529 0.000734 0.000461 -0.003706 -0.002451 0.006039 
0.073174 -0.004633 0.014729 0.001704 0.003322 0.000854 -0.002514 0.000296 
0.005864 -0.001049 -0.002053 0.001151 -0.000451 0.001778 -0.001881 0.004282 
-0.007674 -0.001915 0.001239 0.003966 -0.000642 0.001626 -0.004565 0.003087 
0.006151 -0.004577 0.005739 0.003682 0.003893 0.002601 0.000551 -0.002573 
-0.005074 0.002021 -0.000813 -0.000507 -0.000233 -0.002247 -0.002707 -0.001668 
0.003918 -0.001724 -0.002778 0.000508 -0.000329 0.000413 -0.000488 0.003991 
-0.002946 -0.000173 0.001520 0.002451 -0.005363 0.001798 -0.000942 0.001804 
-0.004665 -0.001190 0.001073 0.002177 0.002968 0.002584 0.003115 -0.001561 
-0.001221 0.003740 -0.004488 0.002683 -0.001991 0.001379 0.000851 0.004536 
-0.006894 0.003438 -0.000564 -0.001279 0.002838 0.000331 -0.003782 0.004682 
0.005230 0.003244 -0.000082 -0.001987 -0.003594 0.001599 0.000016 -0.002191 
-0.006918 0.005561 -0.000000 0.000864 0.003456 -0.000510 -0.003570 -0.001539 
0.008535 0.000163 -0.000794 0.002326 -0.002611 0.004654 0.000815 0.001633 
-0.015401 0.004877 0.000402 -0.002216 0.002364 0.002757 0.002181 -0.000796 
0.004864 -0.000101 -0.001962 0.002063 -0.001101 0.002203 -0.000280 0.006041 
-0.004449 -0.007293 -0.001130 -0.002420 0.004729 0.001240 -0.002370 -0.000284 
0.012127 -0.003277 -0.003986 0.003383 -0.005016 0.007435 -0.001994 -0.000793 
-0.004011 0.002161 -0.005287 -0.003115 -0.001529 0.006857 -0.001123 -0.000424 
0.003329 -0.000121 0.000848 0.005415 0.000796 0.006682 0.000207 0.005103 
0.022834 0.027659 -0.000366 -0.008538 -0.005827 -0.001187 -0.001471 -0.003162 
0.043353 0.000174 -0.001418 -0.001097 0.003943 -0.000570 -0.002629 -0.008672 
0.008574 0.002527 -0.002924 -0.001354 0.002223 0.000954 -0.001997 0.001395 
-0.008645 -0.000023 0.000948 0.000220 0.002221 0.004539 0.000660 -0.002153 
0.004660 0.003027 -0.003714 -0.000334 0.000737 -0.003531 -0.004761 -0.000210 
-0.006667 0.004940 0.000144 -0.002318 0.002690 0.002586 -0.003479 -0.003243 
0.003946 -0.003960 -0.000176 -0.003460 -0.000690 -0.003549 -0.001708 -0.001722 
-0.001843 -0.000085 0.004520 -0.001096 -0.000350 -0.001672 -0.001345 0.001023 
-0.001607 -0.000808 0.002561 -0.000670 -0.000636 -0.002359 0.001488 -0.000119 
0.005590 -0.000653 -0.003579 -0.002388 -0.001463 0.000694 0.001936 -0.002547 
0.000063 -0.001277 -0.001204 -0.000022 0.001771 -0.001304 0.001219 0.001504 
-0.002356 -0.002699 0.003643 0.001381 -0.002028 -0.003636 -0.004665 -0.002110 
0.000224 -0.001521 0.002493 -0.000290 -0.000348 0.003797 -0.000173 0.004662 
0.003700 -0.003027 -0.001909 0.001688 0.001268 -0.000948 0.003928 -0.000084 
-0.003062 -0.009621 0.001879 -0.004106 0.005407 -0.001769 0.000211 -0.000502 
0.005772 -0.009570 0.000276 -0.002749 0.000953 0.000941 -0.001024 -0.002535 
-0.008692 -0.000040 0.003955 -0.001074 0.002245 0.006379 0.002927 0.000572 
0.005564 0.004046 0.000237 -0.006092 -0.000256 -0.001283 0.004039 -0.001984 
-0.010278 -0.003595 0.002381 -0.003460 0.001615 0.009297 -0.004501 0.000261 
0.014281 0.003219 -0.001638 -0.000765 -0.002800 0.004255 0.007232 0.001981 
0.038313 0.076550 -0.003043 0.006924 -0.005195 0.000864 0.000591 0.002169 
-0.000349 0.008639 -0.001746 0.001603 -0.001794 0.006478 0.005870 0.004596 
0.002387 -0.002066 0.001440 -0.004009 -0.000151 0.001401 -0.001221 0.003629 
-0.014540 0.003615 -0.000312 0.001075 -0.003308 -0.000192 -0.005624 0.001607 
0.005709 0.001334 0.000968 0.001717 -0.000583 0.001949 0.000933 0.006266 
-0.007141 -0.000733 -0.002076 0.004342 -0.002096 -0.003276 0.003228 -0.001590 
-0.000080 -0.001486 -0.004059 -0.000861 -0.001873 0.001558 -0.001672 0.000548 
-0.006005 0.000010 0.004871 0.000767 0.000445 0.000353 0.001661 -0.002314 
0.003301 0.000866 0.000735 -0.002247 -0.000685 -0.000558 -0.001554 0.001101 
-0.004439 0.000790 0.001962 0.003346 0.003766 -0.000048 -0.000242 -0.003725 
-0.002847 0.003108 0.000250 -0.004473 -0.001962 0.001861 -0.001605 -0.000227 
0.000974 0.000290 -0.001629 0.000978 0.000945 -0.005058 0.003709 -0.001044 
-0.001531 -0.003912 -0.000884 0.002629 -0.000138 0.003698 -0.003125 0.004330 
0.006280 -0.003503 0.001234 -0.002412 -0.001385 0.000990 -0.000464 0.000723 
-0.007319 -0.002200 0.003225 -0.002324 -0.001426 0.001460 -0.002071 -0.002889 
0.014186 0.002765 -0.000393 0.001914 -0.001065 0.001330 0.002240 0.000479 
-0.002417 0.006511 -0.002565 -0.000737 0.003758 0.007441 -0.004663 -0.000893 
0.015413 -0.006278 0.002379 -0.002440 -0.006266 0.006169 -0.000451 -0.007818 
0.000675 0.007035 -0.005456 -0.007593 -0.007270 -0.001267 0.003362 0.000172 
-0.001041 -0.002928 0.004360 0.000886 -0.004863 0.008584 0.000093 -0.003512 
-0.023388 -0.037900 -0.004189 0.006677 0.003289 0.001207 -0.000811 0.002986 
0.084762 -0.006529 -0.000485 0.004185 -0.002038 0.003192 0.002797 -0.006332 
0.004058 -0.003454 -0.000879 -0.001497 -0.003147 -0.003237 0.001277 -0.002905 
-0.005927 0.003415 -0.002653 0.007800 0.000399 0.004436 0.002402 0.000006 
0.000153 -0.000058 -0.004136 -0.001091 0.002097 0.000659 0.000545 -0.001744 
-0.005437 0.005088 -0.000616 -0.001456 0.000339 0.001735 0.000205 -0.000144 
-0.001729 -0.002628 0.001296 0.002879 -0.002475 0.002773 0.006035 -0.001780 
0.000063 0.002094 -0.001749 -0.000266 0.002471 0.001306 -0.001759 0.004662 
0.006603 0.005934 -0.002398 0.001541 -0.003289 -0.005053 0.002516 -0.000306 
0.002679 -0.001562 0.000748 0.001129 -0.001348 -0.001169 -0.002378 -0.002823 
-0.007667 -0.002278 0.002896 -0.001155 0.003625 0.002349 -0.007222 -0.003251 
0.008415 -0.003766 0.003753 -0.007448 -0.003883 0.000264 -0.002299 0.000167 
0.001979 -0.000506 0.001013 -0.001483 -0.000421 0.004432 -0.004237 0.000453 
0.008370 -0.001777 -0.001173 -0.003114 -0.001678 0.002523 -0.005555 0.001472 
-0.008989 0.005782 -0.001463 0.002902 0.002814 -0.000403 -0.004172 -0.000611 
0.003037 0.002909 0.006921 0.000939 0.001635 -0.003112 0.001226 0.000728 
0.001245 0.003807 -0.003387 -0.002741 0.002109 0.002391 -0.004735 -0.004240 
-0.013658 0.003578 0.000926 0.002604 -0.003834 0.004901 0.000164 -0.001187 
0.008962 0.014135 -0.003902 0.001462 -0.006777 0.005349 0.001737 0.003147 
-0.002023 0.007062 0.002063 -0.002901 -0.011102 0.002208 -0.000607 -0.001600 
-0.031421 0.016891 -0.013217 -0.000676 -0.007358 0.006178 -0.005696 0.001650 
-0.009707 0.003030 -0.003737 -0.000627 -0.004841 0.002996 -0.000148 -0.002251 
-0.003523 -0.000341 -0.001152 0.001317 0.000416 -0.000886 0.003258 -0.001349 
-0.008274 0.000121 0.001018 -0.000941 0.002901 0.005471 0.000366 0.000803 
-0.004358 0.000374 0.001332 0.000268 -0.000982 0.002345 -0.000647 0.003484 
-0.007066 -0.001982 0.001189 0.001431 0.001696 -0.000429 -0.001501 -0.003447 
-0.002530 -0.000785 -0.003683 -0.000951 0.000170 0.001069 -0.000701 0.000602 
-0.002241 0.001525 -0.000643 -0.000397 0.002400 0.001840 -0.000098 -0.000175 
0.006775 0.002823 0.001492 0.001640 -0.003778 -0.000875 -0.000144 0.002374 
-0.003234 0.000966 0.004323 0.003539 0.000889 -0.001665 -0.000373 -0.001252 
-0.002196 -0.006425 0.000103 -0.000202 -0.002336 0.000632 -0.001625 -0.003944 
0.004425 0.003219 0.004575 0.006129 -0.003985 0.001845 -0.002532 -0.003690 
-0.000356 0.000836 -0.001215 -0.002113 -0.001522 0.004169 0.002977 -0.004363 
0.001690 -0.000408 -0.003221 0.004512 -0.001551 -0.000802 0.003957 -0.003277 
-0.001435 -0.001673 0.001437 0.000192 -0.000363 0.001104 -0.002996 -0.001236 
0.009436 -0.001098 -0.001165 0.000098 0.002140 0.002318 0.004604 -0.001416 
-0.002304 -0.001060 0.003002 -0.000892 -0.000859 0.000730 0.004588 0.000987 
0.006140 -0.002131 0.001476 -0.001806 -0.000657 0.000724 -0.001241 -0.000738 
-0.003647 0.002206 -0.006662 -0.007810 0.003247 0.004118 -0.004139 0.002938 
0.010902 0.002632 -0.004191 0.001256 -0.006642 -0.001081 0.000417 -0.004576 
0.034606 0.000965 -0.001343 -0.003981 -0.001829 0.003641 0.003944 -0.010709 
0.018511 -0.004240 -0.002149 0.002893 0.004794 -0.005680 -0.004651 -0.005794 
0.003479 -0.000084 0.001419 -0.001685 -0.005449 -0.003830 0.001780 0.001075 
-0.018651 -0.001173 -0.001972 -0.000554 -0.000230 -0.000025 0.003034 -0.003902 
0.002174 -0.006430 0.002311 -0.000189 -0.002741 -0.000529 0.001487 0.001404 
-0.015919 0.000983 -0.002445 -0.003889 0.000658 -0.003587 0.000176 -0.001825 
-0.000088 -0.003763 -0.001138 0.000500 -0.000291 0.001214 -0.000788 -0.005786 
-0.009573 -0.000902 -0.000922 0.001782 0.001687 0.007158 -0.001462 0.000911 
0.004483 -0.003387 0.001407 -0.000029 -0.002817 0.000955 -0.001466 0.002664 
0.001576 0.003505 -0.003745 0.002999 0.001636 0.000503 -0.001305 -0.004561 
-0.000558 -0.000669 0.005649 0.000689 0.002155 0.001490 0.003049 -0.000492 
0.004602 -0.000757 0.001562 -0.000502 -0.001241 -0.000812 -0.001171 0.005260 
-0.005616 0.002816 0.000276 -0.004699 -0.001789 0.000154 -0.000619 0.002566 
0.016115 -0.003948 -0.001027 0.000674 -0.001768 0.003467 -0.000125 -0.002461 
0.012319 0.005113 -0.000265 -0.003220 -0.002367 0.008196 -0.000298 -0.003515 
0.013005 0.004516 0.003405 -0.001836 0.000177 0.008596 0.000737 -0.001891 
-0.002276 0.010571 -0.003941 0.003344 0.003692 0.002671 -0.001589 -0.004470 
0.027954 -0.001825 -0.001516 -0.002969 0.000640 0.007597 0.000375 -0.003437 
-0.016410 0.020394 -0.000249 -0.011670 0.000318 0.002190 -0.004976 -0.003730 
0.023850 -0.006475 -0.001779 -0.003632 0.006046 0.006921 0.002960 -0.002376 
0.079415 -0.018732 -0.007728 -0.008886 -0.000082 0.004917 0.011570 -0.002470 
0.067781 0.017498 0.011515 0.002042 -0.009187 0.008250 0.006985 0.003033 
-0.004352 -0.010031 0.000241 -0.004233 -0.001030 0.002127 -0.001027 -0.003525 
-0.037382 -0.000456 0.002519 -0.003975 0.005391 -0.003098 0.000264 -0.001926 
-0.000348 -0.004025 0.001325 -0.004969 0.000450 0.001655 -0.006586 -0.000274 
-0.017877 -0.002779 -0.001487 -0.004544 -0.002029 0.003734 0.002182 0.000469 
0.005627 -0.001115 0.001294 -0.004110 -0.007159 0.000123 -0.002480 0.000805 
-0.007104 0.003350 0.003488 -0.006282 0.004089 0.001042 -0.000565 0.000364 
-0.000521 0.003108 0.004185 -0.001748 -0.008161 0.003163 -0.000774 -0.000075 
0.006067 -0.005428 -0.001602 -0.005281 0.000885 0.000105 0.002708 0.000060 
0.002919 0.006460 0.004988 0.001776 -0.008956 0.004531 -0.003187 0.006074 
0.014345 -0.001282 0.002510 -0.010108 0.000781 0.003335 0.001110 0.000742 
-0.000243 0.008476 -0.000453 -0.003130 -0.005204 0.003224 -0.001839 0.006694 
0.028319 -0.000368 0.004719 -0.005424 -0.001030 0.004213 0.000359 -0.003142 
0.012041 0.012206 0.002142 -0.006467 -0.002084 0.001343 -0.002050 0.002724 
0.038645 -0.004321 0.000774 -0.012967 0.002401 0.002664 -0.000956 0.005062 
0.017384 0.006277 0.003274 -0.003294 -0.002599 0.004729 -0.002775 -0.001477 
0.046202 0.001427 0.002434 -0.015094 0.001739 -0.000253 0.000928 -0.003390 
0.034408 0.023213 0.009146 -0.004048 -0.004986 0.002318 0.000336 0.003305 
0.072056 -0.013542 0.016197 -0.015378 0.005777 0.004139 0.005868 -0.009789 
-0.036620 0.060577 -0.006621 0.006692 0.000766 0.003214 -0.018109 0.000398 
-0.017093 -0.018673 -0.006685 -0.024225 -0.005625 -0.000428 0.001378 0.000688 
-0.008917 -0.011274 0.002207 0.004629 -0.004378 0.000702 0.004686 0.000039 
-0.052499 -0.004366 0.001474 -0.003962 -0.000588 0.003766 -0.001150 -0.002573 
-0.008236 -0.004010 -0.000389 0.008153 0.000026 0.004654 0.002451 0.005436 
-0.038385 -0.001925 0.004706 -0.004003 -0.002684 0.008098 0.003108 0.000593 
0.000487 0.000504 0.002704 0.003721 -0.002576 0.006109 0.002318 0.005331 
-0.014440 -0.003741 0.006158 -0.008180 0.005217 0.004643 0.005588 -0.001511 
0.004094 -0.005145 0.001057 0.001620 -0.005721 0.009292 0.007291 -0.000333 
0.007798 -0.001539 0.008739 -0.004370 0.003544 0.003333 0.004625 -0.005521 
0.007515 0.006485 -0.006251 0.000131 -0.006217 0.006169 0.001329 0.006742 
0.023220 0.003475 0.007021 -0.002659 0.012923 0.009805 0.003238 0.004029 
0.005202 -0.007700 -0.002582 0.001211 -0.009699 0.009452 -0.001075 -0.002509 
0.043515 0.000351 0.015686 -0.008560 0.008236 0.010892 0.004141 0.002151 
0.012955 -0.007328 0.001125 0.001054 -0.015729 0.010250 0.000242 0.002236 
0.060999 -0.001751 0.021296 -0.012152 0.020712 0.012524 0.007316 0.002591 
0.011358 -0.003881 0.005427 -0.002249 -0.021039 0.014620 0.005965 -0.003185 
0.072955 -0.006139 0.019432 -0.011331 0.018504 0.012689 0.002852 -0.005891 
0.012557 0.013502 0.002700 -0.007306 -0.017347 0.014956 -0.001061 0.008350 
0.080321 0.002092 0.034495 -0.019550 0.022638 0.011819 0.006578 -0.004466 
-0.034002 -0.013500 0.011492 -0.024225 -0.004441 0.009565 -0.012959 -0.005386 
0.108386 -0.005748 0.033153 -0.019537 0.019222 0.009130 0.005087 -0.009011 
-0.002185 0.003168 0.015520 -0.014480 0.007560 0.012879 0.011190 0.008304 
-0.028161 -0.030938 0.017799 -0.002682 0.029277 0.016823 -0.008544 -0.011788 
0.008491 0.005943 0.022494 -0.004332 0.003240 0.007660 0.022755 0.006791 
-0.016558 -0.040994 0.024203 -0.004121 0.022162 0.023766 -0.004706 -0.005170 
0.011474 0.003708 0.014262 -0.008596 0.004152 0.005855 0.021446 0.012351 
0.012999 -0.035749 0.016062 -0.000083 0.028655 0.021036 0.001334 -0.005782 
0.001589 0.007501 0.011660 -0.010771 -0.000504 0.006451 0.020562 0.007680 
0.029344 -0.042838 0.025075 -0.003289 0.024518 0.021387 0.005157 -0.011156 
0.007380 0.003958 0.019556 -0.021309 0.009168 0.005502 0.018249 0.017452 
0.055828 -0.035063 0.034567 -0.002771 0.033417 0.031570 0.000090 -0.004333 
0.015543 0.008317 0.017541 -0.021615 0.002399 -0.002466 0.014849 0.020080 
0.072692 -0.037473 0.029845 -0.004868 0.034980 0.036747 0.001405 -0.006321 
0.028326 -0.001153 0.025717 -0.024613 0.012881 -0.008095 0.009384 0.010691 
0.088523 -0.035464 0.036381 -0.004823 0.038283 0.033209 0.008688 -0.001003 
0.007502 -0.011585 0.024148 -0.021993 0.006206 0.009316 0.017026 0.015588 
0.086593 -0.046760 0.046293 -0.001336 0.029318 0.028276 0.008052 0.000911 
0.001353 -0.035470 0.018516 -0.025709 -0.000288 -0.000839 0.029973 0.023237 
0.107386 -0.047490 0.046716 0.001958 0.030950 0.027981 0.006740 0.009766 
-0.021040 -0.069470 0.012233 -0.040162 -0.014154 0.003983 0.003265 0.004132 
0.150714 -0.054369 0.058978 -0.006729 0.021119 0.046894 -0.001173 -0.003857 
-0.037216 0.001294 0.000116 -0.000938 0.001184 -0.001539 -0.003799 0.004412 
0.011995 -0.000457 0.005623 -0.003252 -0.000422 -0.000550 -0.001293 0.003092 
-0.038799 -0.002988 0.000438 -0.003678 0.002443 0.001704 0.004643 -0.001355 
0.017418 0.005744 -0.004063 -0.002006 -0.000397 -0.002452 0.005053 -0.001122 
-0.017119 -0.002337 -0.001380 0.002157 -0.002511 0.000438 -0.002987 0.001205 
0.011377 -0.002338 0.001610 0.002382 -0.002872 -0.004791 0.001900 -0.003917 
0.008545 -0.004516 -0.001101 0.000665 0.001848 0.000163 0.002927 -0.003160 
-0.001802 0.004266 0.003070 0.001334 -0.001617 -0.001429 -0.001614 -0.003956 
0.018824 -0.003584 -0.002153 0.002247 0.003454 0.003187 -0.000241 0.000389 
-0.005593 0.000511 -0.003845 -0.000529 -0.002641 -0.002982 0.001245 -0.002274 
0.039045 0.006488 -0.000033 0.001045 0.000439 0.002149 0.003571 -0.004520 
-0.018970 0.001870 -0.001448 0.002869 0.001156 -0.002399 -0.000329 0.002805 
0.055826 0.005055 -0.000576 -0.003366 -0.001836 0.000030 -0.000636 0.001206 
-0.010728 -0.000730 0.000076 -0.003153 0.000917 0.001818 0.000625 -0.003641 
0.059790 -0.000785 -0.000267 -0.001182 -0.000213 0.001785 0.002307 0.001795 
-0.022125 -0.002183 -0.004401 -0.001463 -0.003066 -0.004085 0.000140 -0.004245 
0.041709 0.004326 -0.001636 0.000304 0.000752 0.000580 0.000570 -0.002658 
-0.002090 -0.000628 0.001168 0.000749 0.004604 -0.003119 0.006148 -0.002643 
0.057111 -0.053841 -0.007986 -0.002704 0.002474 0.002240 0.003005 -0.000056 
0.017675 -0.001054 0.001132 0.003512 -0.002106 -0.002119 0.001054 0.000920 
-0.016503 0.003859 -0.000595 -0.000558 0.005228 0.000345 0.001000 0.001046 
-0.011021 0.004672 -0.003994 -0.002437 -0.001855 0.002452 -0.000047 -0.004041 
-0.011897 0.001342 -0.000641 0.002993 0.003740 0.006026 0.007704 0.004077 
-0.005714 0.002404 0.006126 -0.000996 -0.001673 0.005673 0.002014 0.001733 
-0.007129 -0.005572 0.003992 -0.003639 -0.000309 0.000571 -0.000546 0.001568 
-0.001313 0.002360 -0.001305 0.005315 -0.000241 0.002286 -0.003090 0.003128 
-0.004658 0.003293 0.002375 0.000487 0.003500 0.003338 0.001823 -0.000427 
-0.001447 0.002138 0.004841 0.000909 -0.002198 0.000771 -0.002137 0.001084 
0.002695 0.002206 0.002732 0.003846 0.003721 0.005932 0.002707 -0.004356 
0.000487 0.006934 -0.001113 0.000685 -0.000520 0.005280 -0.006741 0.003704 
0.007503 0.005213 0.002781 -0.003968 0.000876 0.001734 0.010114 -0.000445 
-0.003666 0.008682 -0.002018 0.000602 0.004465 -0.004196 -0.001931 0.004021 
0.011357 0.002598 0.006068 -0.001812 0.005066 0.000714 -0.000202 -0.000514 
0.012102 0.009272 -0.000464 -0.000286 0.005660 0.000889 -0.004267 0.002368 
0.025342 0.007970 0.003654 -0.007061 0.007489 0.009161 0.008356 0.007079 
0.000876 0.004565 -0.000747 0.001515 -0.003035 0.008036 -0.009409 -0.001386 
0.000921 0.002471 0.002718 -0.004197 0.011397 0.008475 0.007351 0.000405 
0.014460 0.003417 0.000251 0.003380 0.006620 0.004906 -0.005427 0.004970 
-0.109606 0.033754 -0.012088 0.003047 0.013224 -0.007486 0.005153 0.011806 
0.100749 -0.005525 0.015570 0.019453 0.006175 0.016776 0.005242 0.013658 
-0.039925 0.001763 0.001380 -0.002418 0.001851 0.003392 -0.003741 0.000697 
0.010020 0.000994 0.005122 -0.002133 -0.003020 0.000672 -0.002089 0.000807 
-0.040440 -0.003045 -0.001798 -0.003910 0.002988 0.001733 0.003850 -0.004589 
0.016265 0.007008 -0.001417 -0.003188 0.000248 -0.000967 0.001556 -0.001707 
-0.018879 -0.002104 -0.000705 0.000900 -0.002470 0.000506 -0.000916 -0.001021 
0.011035 -0.002422 0.000306 0.005161 -0.003808 -0.004993 -0.000278 -0.003356 
0.008133 -0.003585 -0.003548 0.000804 0.002682 0.001056 0.002303 0.001347 
-0.001710 0.005169 0.002375 0.002230 -0.002637 -0.004438 -0.000156 -0.002024 
0.020299 -0.004037 -0.003785 0.000956 -0.000402 0.001582 0.000232 0.000521 
-0.004526 -0.000561 -0.004578 -0.002457 0.000595 -0.002114 -0.001029 -0.001854 
0.041499 0.005594 -0.000871 -0.000560 0.001380 0.001812 0.005856 0.000856 
-0.019957 0.002893 0.001482 0.003384 0.002086 -0.002531 0.003446 -0.000287 
0.057437 0.005408 -0.000229 -0.003406 -0.002489 -0.000985 0.002081 0.002684 
-0.008501 0.000535 -0.001025 -0.003177 0.000778 0.003185 0.004074 -0.001106 
0.064468 -0.003298 0.001010 -0.002013 -0.001491 0.000178 0.004056 0.002107 
-0.020446 -0.003308 -0.004625 -0.001022 -0.003142 -0.006319 0.001441 -0.002445 
0.041375 0.006924 -0.001186 -0.000043 0.000318 -0.002150 0.000664 -0.003855 
0.001341 -0.001997 -0.000044 -0.000520 0.003140 -0.001294 0.004329 -0.000997 
0.037540 -0.049259 -0.007952 -0.001855 0.002395 0.002137 0.001684 0.001072 
0.039507 -0.000611 -0.000669 0.001624 -0.003640 -0.000722 -0.000190 0.001204 
0.070798 -0.000202 -0.004787 0.000554 -0.000981 -0.002566 -0.000202 -0.000080 
0.052714 -0.011126 0.001047 0.001172 -0.001244 -0.001343 0.003860 -0.000059 
0.049666 0.001263 -0.001604 -0.000317 -0.000647 0.001447 -0.000162 0.004312 
0.032408 -0.012854 0.000072 0.003145 -0.000951 -0.001007 -0.002051 -0.001305 
0.019164 0.001397 -0.003148 0.000416 -0.001992 -0.001557 0.002079 -0.002027 
0.018630 -0.010144 -0.000559 0.001703 0.002589 -0.001042 -0.000716 0.002114 
-0.006237 -0.004844 -0.002215 -0.000744 -0.003098 0.003365 -0.003863 0.003531 
-0.007676 -0.014473 0.002878 -0.001670 0.002551 -0.000375 -0.002570 -0.000192 
-0.029484 -0.002232 0.004251 -0.001998 0.002059 0.001204 -0.002635 0.005827 
-0.023778 -0.012436 0.002764 0.001772 -0.000145 -0.003882 0.001870 0.000575 
-0.048368 0.004182 0.001539 -0.004475 -0.000180 0.003831 -0.002141 -0.002638 
-0.036179 -0.008489 0.002696 0.004858 -0.002867 -0.004286 0.008915 0.003171 
-0.059033 0.000608 -0.008414 -0.004621 -0.010529 -0.009843 -0.004108 0.004733 
-0.037041 -0.011195 0.002039 0.005720 -0.009134 -0.016757 0.017037 -0.000912 
-0.064044 0.002133 0.000464 -0.008335 -0.011485 -0.009767 -0.005325 0.001240 
-0.047365 -0.004886 0.002128 0.001227 -0.006725 -0.031563 0.022746 -0.001974 
-0.065111 -0.022851 -0.008445 -0.000847 -0.022972 -0.020550 0.000297 0.005964 
-0.044658 -0.013742 0.014103 -0.001221 -0.007755 -0.035011 0.034498 -0.000328 
-0.036046 -0.043196 -0.010753 -0.001496 -0.023774 -0.031492 0.003747 0.005959 
-0.027620 -0.015992 0.016513 -0.014197 -0.001211 -0.046589 0.025607 0.003460 
-0.005845 0.002007 0.000275 -0.001080 0.000067 -0.001200 0.000502 -0.000879 
0.011265 -0.004619 0.004511 -0.003146 0.000652 0.001337 -0.003305 0.000011 
0.000097 0.000770 0.002827 -0.001982 0.000560 0.001964 0.003063 -0.004500 
0.004806 -0.003726 -0.000116 -0.000809 -0.003631 0.000704 -0.001805 -0.001741 
0.000974 -0.000652 -0.000412 -0.000600 -0.001013 0.000255 -0.001194 0.003416 
0.001786 -0.005765 0.000252 0.001584 0.002429 -0.001206 0.000285 0.002042 
0.002329 -0.000720 0.000951 -0.000948 0.001750 -0.004898 -0.000562 0.002704 
-0.005051 -0.006057 -0.003491 -0.001191 -0.003074 0.000602 0.004526 -0.001195 
-0.001513 0.002420 0.001680 -0.002256 -0.001617 0.002020 0.000831 -0.000168 
0.000443 -0.005601 -0.000670 -0.000006 0.002342 0.000508 -0.002988 0.001706 
0.002245 0.002148 -0.000273 0.001332 -0.006223 -0.002874 0.002657 0.000180 
-0.002185 0.000731 -0.001982 -0.000453 -0.004104 -0.002695 0.003066 0.005004 
0.009830 -0.003846 -0.002104 0.005541 0.001539 0.002344 -0.003201 -0.000649 
-0.009177 -0.004257 0.000533 -0.002922 -0.002180 0.001505 -0.002426 -0.000108 
0.000998 0.003528 -0.000481 0.001020 0.002186 -0.000275 0.000244 0.000442 
-0.011292 -0.001425 0.002967 -0.000555 -0.002408 -0.002617 -0.001439 0.003942 
0.013031 -0.002175 -0.001275 -0.001622 -0.000667 0.001206 -0.000911 0.003049 
0.006302 -0.002155 0.003234 -0.000152 -0.000190 -0.002831 0.002114 0.000984 
0.042364 0.013805 -0.000861 -0.000423 -0.003242 -0.005590 -0.012182 0.001130 
-0.079198 -0.008195 0.001754 -0.003300 0.001721 -0.013200 -0.003416 -0.000525 
-0.031601 -0.001783 -0.001480 -0.001689 -0.000824 0.001885 -0.002529 0.000686 
0.035347 0.001388 0.000206 -0.004488 -0.003119 -0.000855 -0.004869 -0.004412 
-0.013312 -0.002652 0.002054 -0.004006 -0.004073 -0.002281 0.001301 0.001641 
0.019560 0.001709 -0.000572 -0.002154 0.002545 0.001335 0.007668 -0.007576 
-0.007094 0.003320 -0.000518 0.002511 0.004688 0.004968 -0.000777 0.001557 
0.006832 -0.000940 0.001905 -0.001475 0.000216 0.005298 0.002282 0.001847 
0.001407 -0.000440 -0.001028 -0.001549 -0.000264 -0.003556 -0.000602 0.002428 
-0.005929 0.000462 -0.000564 -0.004957 0.004415 -0.004795 0.001515 -0.001596 
0.007255 0.005502 -0.003040 0.000480 -0.002750 -0.001889 -0.002433 -0.000429 
-0.007883 -0.003376 -0.004025 -0.000104 -0.000451 0.003219 0.000282 -0.000222 
0.007772 0.005883 0.000211 0.000805 0.000558 0.002567 0.002912 0.001084 
-0.022149 0.004528 -0.001311 -0.000359 -0.000482 -0.000287 0.001370 -0.006777 
0.019709 0.001912 0.003258 -0.000593 -0.000829 0.003100 0.001142 0.003764 
-0.028086 0.001589 0.002291 -0.001921 -0.008247 0.000963 -0.000700 -0.000008 
0.015114 0.005202 -0.001332 -0.001771 -0.002771 -0.006472 -0.002985 0.000786 
-0.040357 0.002419 0.000186 -0.002522 0.000953 -0.001353 -0.001470 -0.000517 
0.048930 -0.000540 -0.001837 0.001588 -0.000539 -0.000181 0.003281 -0.001911 
-0.059832 -0.005011 -0.003071 0.004812 0.001892 -0.001884 -0.002382 -0.001178 
0.060200 0.004861 -0.002368 0.002516 -0.002735 -0.007081 -0.001628 0.000775 
-0.052159 -0.007411 0.003721 -0.000097 0.000037 -0.001998 -0.003631 -0.000441 
-0.006261 0.000424 -0.003167 -0.000765 0.003092 0.002353 -0.001447 0.001080 
0.001607 0.001604 0.000211 -0.000846 -0.006000 0.000362 -0.000216 -0.000064 
-0.009287 -0.000733 -0.003697 -0.001293 0.000538 0.000224 -0.002308 -0.001430 
-0.001800 0.001259 -0.003189 -0.000539 -0.003129 -0.006299 0.002561 -0.002199 
-0.000128 0.001229 -0.002900 0.000105 0.002993 -0.002683 -0.002564 -0.002759 
0.002074 -0.000170 -0.001683 -0.001323 0.001779 0.002509 -0.002610 0.000147 
0.000681 -0.000392 0.001935 0.003326 -0.001098 0.001001 0.000048 -0.000422 
0.002257 -0.003677 -0.000711 0.004280 -0.001973 -0.002539 0.000473 0.001276 
0.001724 -0.000195 -0.002075 -0.009785 -0.000383 -0.004587 -0.004017 0.001400 
0.002547 -0.001808 0.003317 0.003268 0.000216 -0.000188 0.002618 -0.001848 
0.009053 -0.003027 -0.000265 -0.000306 0.002920 0.004336 0.002716 0.001098 
-0.003875 -0.001845 0.002704 -0.000325 0.001071 -0.002893 -0.001349 0.002429 
0.006457 0.006068 0.002235 -0.003103 -0.002218 0.002680 0.005876 0.001673 
-0.003472 0.001007 -0.001584 0.000619 -0.003121 0.003644 -0.002836 0.004201 
0.001597 0.000332 0.002829 -0.000825 -0.004916 -0.002442 -0.000866 -0.002115 
-0.001387 -0.001726 0.000057 0.000152 -0.004797 -0.001702 0.001641 -0.000583 
-0.002565 -0.007782 0.002359 -0.000393 -0.000935 -0.003305 -0.001227 0.002241 
0.015300 -0.001126 -0.001066 -0.003162 0.001222 0.003292 -0.001362 0.000556 
-0.012109 -0.026372 0.002804 -0.008435 -0.000243 0.001509 -0.003126 -0.000188 
0.027150 -0.004922 -0.000689 -0.001100 -0.005527 -0.001189 -0.004516 0.002187 
0.008742 -0.001326 -0.003586 -0.002535 -0.000287 -0.003197 0.000299 -0.002877 
-0.001384 -0.001131 0.004760 -0.003347 -0.000321 0.000544 0.001960 0.001533 
0.001242 0.000080 -0.002566 -0.000595 -0.001127 -0.001591 0.000552 -0.001407 
-0.001448 0.003924 0.000357 -0.004999 0.003978 0.004614 -0.004608 0.001486 
0.004556 0.001928 -0.000401 0.003513 -0.001901 0.001517 -0.000241 0.001319 
0.005474 -0.004236 -0.002193 0.000411 0.001390 0.000181 0.001733 -0.000542 
-0.000372 0.002354 0.002179 0.001016 -0.003869 -0.001637 -0.003562 -0.001067 
0.000617 -0.006501 -0.001131 0.003223 -0.000414 0.003193 0.002056 0.004755 
-0.002735 -0.001693 0.000946 -0.000084 0.001017 0.000032 -0.000468 -0.000505 
0.003176 -0.007932 0.001090 -0.001534 -0.003178 0.002225 0.003029 -0.001837 
0.003515 0.000486 0.000522 0.005870 0.003800 -0.000152 0.000733 -0.000844 
0.002024 -0.005903 0.001242 -0.001214 -0.001313 -0.000791 0.000089 0.003215 
0.002288 -0.002657 0.000944 -0.001563 -0.001885 -0.000569 0.002455 -0.000841 
-0.002479 -0.004972 0.002597 -0.001824 0.000437 0.001388 -0.000733 0.002976 
-0.003835 -0.003146 0.005845 -0.002350 -0.004582 -0.000396 0.002261 -0.000407 
0.009195 -0.010997 0.003210 -0.001016 -0.000142 0.001476 -0.000910 0.000213 
0.002467 -0.005599 0.002034 -0.000474 0.002529 0.002756 0.002778 0.005302 
-0.014818 -0.007936 0.002338 0.000595 0.006536 -0.002833 0.004006 0.001940 
-0.044087 -0.009431 0.000061 -0.002914 -0.001912 -0.003975 0.000773 0.006269 
-0.037083 -0.001923 0.002938 -0.000269 -0.003088 -0.003494 0.003561 0.000741 
0.001951 -0.003010 0.003556 0.002530 0.000798 -0.003741 -0.000129 -0.000354 
0.045980 -0.001626 -0.000361 -0.002301 0.004368 -0.000863 0.002020 -0.000593 
0.004369 0.000237 -0.002367 -0.004090 -0.000694 -0.005342 -0.001879 -0.001430 
0.022113 0.000081 -0.002663 -0.002749 -0.002972 -0.000243 -0.000846 0.001741 
0.003907 -0.002367 0.002645 -0.000232 -0.001607 -0.001882 0.003462 -0.003782 
0.013516 -0.002533 0.004334 -0.005564 -0.002076 0.002793 -0.000212 0.000237 
0.001433 0.002099 -0.000360 0.001395 0.002748 0.002174 0.004826 -0.002542 
-0.006254 -0.000508 0.002369 0.000775 0.000197 -0.002795 0.000768 0.001384 
-0.003515 -0.000805 0.001171 -0.001876 0.001749 0.002170 -0.005361 -0.001246 
-0.012021 -0.005691 -0.000538 -0.002007 0.000254 0.002496 0.001799 -0.000978 
-0.004145 -0.002156 -0.000017 0.002838 -0.001129 -0.002651 0.002010 -0.000520 
-0.029036 -0.002000 -0.001282 0.002530 -0.003259 -0.002537 -0.000026 -0.001337 
-0.000465 0.004086 -0.000623 0.001515 -0.001239 -0.005107 0.002402 0.001327 
-0.038697 -0.001089 0.001682 -0.003230 -0.000497 0.000845 0.000439 0.003844 
-0.013938 0.003717 0.001239 -0.004645 0.003406 -0.002283 0.000851 -0.000708 
-0.046361 0.000439 -0.000348 -0.001258 -0.000086 -0.003823 0.000445 0.002682 
0.006017 -0.018782 0.001786 0.001633 0.000562 0.000202 -0.000982 -0.002433 
-0.048059 -0.008230 -0.001439 -0.004097 0.001012 0.000705 0.001826 -0.001282 
0.010894 -0.022400 -0.002255 -0.002118 -0.005341 0.002518 -0.001331 0.002599 
-0.099799 -0.001413 0.006553 -0.003203 0.000286 0.000166 0.000176 -0.000823 
-0.012425 -0.001666 0.003018 0.000044 0.001251 0.000916 -0.002010 -0.000949 
0.014724 -0.006123 0.000234 -0.002480 0.006612 0.000403 0.000948 0.000469 
-0.008464 -0.001810 0.001848 -0.003222 0.008075 0.000308 0.004154 0.003226 
0.005541 -0.001858 0.001904 0.002531 -0.000632 0.000881 -0.002674 0.001448 
-0.004277 -0.000003 0.006209 0.001815 -0.001959 0.001655 0.001277 0.002956 
-0.000186 0.003360 -0.000487 -0.002420 0.000759 0.003821 -0.000983 0.001567 
-0.000748 0.000352 -0.001569 0.002862 0.003537 -0.002191 0.000736 0.002315 
-0.002465 -0.003446 0.001421 -0.002083 0.001082 -0.001897 -0.000374 -0.000522 
0.000871 -0.002597 0.001117 -0.001224 0.001781 -0.003389 0.000925 -0.003603 
-0.001347 0.000089 -0.000534 0.002895 0.000278 -0.003465 0.000921 -0.000446 
0.001585 0.007576 0.004204 0.004391 0.002864 0.001758 -0.000996 -0.001700 
-0.003592 0.002044 -0.001557 0.003361 0.001225 0.002420 0.002404 -0.000396 
0.007519 -0.002201 -0.000987 0.002537 -0.003879 -0.001629 0.001809 0.000569 
-0.006217 -0.002383 0.003160 0.001158 0.000099 -0.005183 -0.002134 -0.002094 
0.000653 0.006747 -0.001988 0.003727 -0.002914 -0.007072 0.002008 0.006853 
-0.016766 -0.000838 0.001835 0.000774 -0.002734 -0.002318 0.000953 -0.001159 
0.018165 0.008550 0.001356 -0.004130 -0.000117 0.000024 -0.003742 -0.000240 
-0.027163 -0.001098 0.001073 0.001004 0.002664 -0.000862 -0.003931 -0.003435 
-0.059456 0.062911 -0.004582 -0.006290 -0.004208 -0.010921 -0.004507 0.001385 
-0.050266 0.006371 -0.004075 -0.000691 -0.007175 -0.007578 0.004919 0.002811 
-0.015396 0.000530 0.001262 0.002604 0.002894 0.002232 -0.002516 -0.001532 
0.009297 0.003525 0.000824 0.001638 0.003863 0.001577 -0.001229 0.000913 
-0.005100 -0.001940 -0.003341 0.002213 -0.001042 0.001739 -0.000162 -0.001535 
0.004591 -0.002761 -0.001547 -0.002920 0.004944 0.003657 0.001790 0.000933 
-0.000363 0.002449 -0.001105 -0.003584 0.002115 0.001085 -0.001577 0.002687 
0.005137 -0.000780 -0.000072 0.000677 -0.000051 0.001921 0.000670 0.000064 
0.004058 -0.004364 0.006427 0.001377 -0.002824 0.002856 0.006614 0.000308 
-0.001940 0.003552 0.006714 -0.000866 0.002829 0.003684 -0.004620 -0.002491 
0.004448 -0.002796 -0.000546 0.004388 0.003850 0.002364 -0.000800 0.002417 
-0.004377 -0.002238 0.000330 0.004687 0.002660 0.001284 -0.000867 -0.002994 
0.005498 -0.008328 0.000639 0.001392 0.003010 -0.000148 -0.001084 0.002072 
-0.013047 0.002246 -0.001623 -0.002407 -0.000996 -0.002458 -0.002406 0.000327 
0.008213 0.000502 0.002408 0.003796 0.001466 -0.001877 -0.003678 0.003519 
-0.010727 -0.006267 -0.000068 -0.003454 -0.004217 -0.003637 -0.001540 -0.001620 
0.010449 0.004295 0.004473 0.002956 0.009711 0.002764 0.000863 0.001079 
-0.015874 -0.002917 0.001070 0.001515 0.001622 -0.002037 0.005995 -0.000415 
0.026796 -0.004098 -0.001170 -0.002227 0.000572 -0.006433 -0.003749 0.002604 
-0.012269 -0.005077 -0.001387 -0.008563 0.004225 -0.003330 0.002921 -0.003301 
0.054084 0.049902 0.004707 0.002603 0.001264 0.002602 -0.001583 0.005670 
0.044847 0.005886 0.008259 0.007736 -0.003781 -0.005836 -0.006675 -0.002657 
-0.013901 -0.004459 0.001829 -0.005968 0.005664 -0.002713 -0.003221 -0.000245 
0.014520 -0.001437 0.000922 -0.000633 0.004329 0.004091 -0.001212 0.004573 
-0.002401 0.001748 -0.003614 -0.000730 0.002634 0.000171 0.000989 0.002159 
0.011521 0.004811 0.006271 0.000237 -0.000745 -0.004496 -0.005569 0.000343 
-0.006562 -0.001918 0.000978 -0.003248 -0.000714 0.000014 0.001370 -0.002726 
0.004199 0.000997 -0.000887 0.001686 0.005326 0.001585 -0.002831 0.000229 
0.000477 0.000862 -0.000952 -0.000614 -0.002801 0.002771 -0.001831 0.003462 
-0.002122 0.003610 0.003693 0.000725 -0.003989 -0.000458 0.002642 0.002863 
0.003115 -0.003131 0.005093 0.000706 -0.001466 -0.003656 -0.002273 0.000598 
-0.005517 -0.004147 0.003287 -0.000603 -0.001916 0.003270 0.004797 -0.000740 
-0.001849 -0.002172 0.001680 0.004730 -0.001207 -0.000527 -0.002837 0.003169 
-0.018120 0.001311 0.001574 0.002330 -0.002427 -0.005747 0.000314 -0.004256 
0.007916 -0.002336 0.002265 -0.003308 0.007874 -0.001343 -0.007127 0.000754 
-0.017314 -0.002726 0.001725 -0.004189 -0.002459 -0.006741 -0.002488 -0.003367 
0.003906 -0.006659 -0.001178 0.002705 0.003891 -0.002199 0.002189 -0.002163 
-0.015011 -0.000304 0.001613 -0.000989 0.004494 -0.006823 0.002353 -0.003005 
0.018050 -0.019544 0.002981 0.001347 0.004019 -0.000383 -0.003325 -0.003072 
-0.024550 0.001279 0.001035 -0.004871 -0.003237 -0.006574 -0.004917 0.006733 
0.110675 -0.029685 -0.005812 0.008027 -0.001098 -0.009274 -0.002107 0.002705 
-0.057021 -0.006414 0.005644 -0.008527 0.005107 0.002498 0.003292 0.001598 
-0.014627 0.002828 -0.002806 0.001374 0.000909 -0.001342 -0.003902 0.000958 
0.016188 0.006386 -0.001726 0.000256 -0.001744 0.000183 -0.003122 0.001265 
-0.003592 -0.006808 0.002594 0.002238 -0.000060 0.001434 0.002331 -0.002859 
0.015446 -0.002052 -0.000806 0.001547 0.001369 0.001713 0.000143 0.002716 
-0.002844 0.003451 -0.002195 -0.001186 -0.001785 0.002017 -0.000524 -0.000412 
0.002377 0.004077 0.006352 0.004088 -0.001956 -0.003188 0.002115 0.000107 
0.003564 0.000753 0.001113 -0.000244 -0.003938 0.007019 -0.004415 -0.001219 
-0.003589 -0.001363 -0.000726 -0.001775 -0.000495 0.001548 0.001246 0.000496 
0.005141 -0.000230 -0.000642 -0.003413 0.006974 0.003116 -0.003114 -0.000954 
-0.003518 0.001743 0.000214 0.002683 -0.001846 -0.000493 -0.000402 -0.002564 
0.005937 0.006359 -0.002202 0.005065 0.004508 -0.001127 -0.002445 0.004281 
-0.009777 0.004750 0.002107 -0.000243 -0.000649 -0.005747 0.000560 0.000691 
0.009219 -0.004526 -0.000873 0.001126 0.002505 -0.007987 -0.000617 -0.005006 
-0.009421 0.000285 0.002311 -0.008699 -0.000811 -0.005608 -0.005673 0.000332 
0.013027 -0.014761 -0.001052 0.002577 0.006096 0.002494 -0.005421 0.001206 
-0.020142 0.002417 0.006086 -0.000331 0.001468 -0.004687 0.003084 -0.000974 
0.020053 -0.017380 -0.001226 0.000671 0.003923 -0.009151 -0.006894 -0.003169 
-0.022661 -0.001068 0.002328 -0.003090 0.000207 -0.008307 0.002466 0.003891 
0.069630 -0.046929 -0.004948 0.011088 0.000902 -0.006076 -0.005653 0.006745 
-0.021906 -0.002258 -0.000652 0.005757 -0.011992 -0.011421 0.007402 0.006711 
-0.009724 -0.003429 0.000191 -0.001008 0.004307 -0.002661 -0.001068 -0.003206 
0.018169 0.002288 -0.000693 -0.005192 0.008619 0.001227 -0.000067 0.000238 
-0.001393 -0.002054 0.000978 0.004028 -0.001345 0.005898 0.000972 -0.003642 
0.002183 -0.000555 -0.001051 0.001730 0.003137 0.001754 -0.002944 -0.002303 
-0.001930 -0.003401 -0.000761 -0.002988 0.000869 -0.003265 -0.001054 -0.000824 
0.004630 0.001843 -0.000400 -0.003521 -0.001457 -0.003496 0.000039 -0.002710 
0.003617 -0.000545 -0.001501 -0.002480 0.001726 0.000718 0.000146 -0.000016 
-0.000302 0.005801 -0.002731 0.003141 0.004791 0.003676 0.002115 0.001752 
0.005728 -0.003393 0.003809 -0.002194 0.003640 -0.007001 0.001770 -0.003197 
-0.005329 -0.001053 -0.001567 0.002549 0.000097 0.001112 0.001094 0.002227 
0.002673 -0.003859 -0.002121 0.001813 0.001501 -0.000705 0.001035 -0.002363 
-0.008815 -0.000014 0.003818 0.002020 0.000845 -0.003232 0.001388 0.001088 
0.009062 -0.000383 -0.003203 -0.009988 0.006819 0.003810 -0.003329 -0.001078 
-0.020074 0.000812 0.004500 0.000940 0.008677 -0.010140 -0.004271 -0.002146 
0.006159 0.000563 0.005061 0.002881 0.006145 0.000667 -0.000950 0.002318 
-0.017126 -0.001451 0.007008 0.002902 -0.005224 -0.008843 -0.001508 0.003062 
0.016884 0.004496 0.001433 0.003657 0.005452 -0.000229 -0.005411 -0.003001 
-0.013278 0.003219 0.004052 0.005782 0.004489 -0.012641 -0.005525 0.002800 
0.034051 -0.048826 0.002698 0.002503 -0.005921 -0.001589 -0.003168 0.007709 
0.007761 0.002891 -0.003660 0.007813 0.004208 -0.008857 0.002222 0.004810 
-0.000906 0.001934 0.001375 -0.002754 0.001222 -0.000563 0.004320 -0.000448 
0.004762 0.001678 0.000905 -0.002179 -0.003083 0.000895 0.000255 -0.003771 
-0.005480 0.001635 0.000788 -0.001553 -0.001377 0.000305 -0.000137 0.002224 
-0.000380 0.004154 0.002415 0.005683 0.000654 -0.001727 -0.001475 -0.003458 
-0.005037 0.001069 -0.003482 -0.001092 -0.001896 0.000273 -0.001413 0.000687 
0.001889 -0.003855 -0.002455 -0.001165 -0.000118 0.002624 0.000790 -0.000897 
0.002060 0.004684 -0.000327 0.002166 -0.001023 0.000407 -0.002904 -0.001894 
0.003345 0.001809 -0.001109 0.005257 -0.002063 0.002771 -0.005480 0.003041 
0.007340 -0.005055 0.003322 0.002532 -0.000866 0.001952 -0.004042 -0.000059 
0.001871 -0.000127 -0.001964 0.004432 0.001768 0.004941 -0.001648 -0.006044 
0.009260 0.003933 -0.000366 -0.001062 0.006419 0.000362 0.001512 0.001023 
-0.011347 -0.002021 -0.002823 0.000009 -0.001316 -0.009129 0.002354 0.001214 
0.005894 0.000121 0.000485 -0.002097 0.001376 -0.005425 0.000967 -0.006051 
-0.006316 0.002659 -0.003958 -0.000205 0.000969 -0.005198 0.003418 0.002073 
-0.001458 0.001635 0.002783 0.002339 0.000962 -0.001837 -0.000173 -0.000144 
-0.001673 -0.001902 -0.004184 -0.002758 -0.002873 -0.010139 -0.001316 0.002530 
-0.002791 0.008081 0.001707 0.001065 -0.001326 -0.000017 0.005041 -0.000366 
0.012744 0.003959 0.004443 0.004142 -0.008123 -0.007053 0.000874 -0.001998 
-0.016238 -0.008911 -0.001538 0.000060 0.005413 0.002131 -0.012242 -0.001063 
-0.030702 0.002705 -0.002274 0.005870 -0.001966 -0.010679 0.006014 0.003589 
-0.010064 0.005479 0.007359 0.002851 0.002819 -0.003145 0.005852 -0.003195 
-0.000381 0.003837 -0.003062 0.001645 -0.000019 0.004443 0.005752 0.001036 
-0.003069 0.004303 0.001769 -0.000175 0.000722 -0.003272 -0.002353 0.001888 
-0.005718 -0.001072 -0.000698 0.000484 0.000195 0.002735 -0.004426 -0.003944 
0.003675 0.002284 -0.002850 0.000785 0.001088 0.001211 -0.002715 0.004268 
0.003450 0.002048 0.000274 -0.000318 -0.002401 0.003419 0.002432 0.002365 
-0.000789 -0.001113 0.002940 0.001622 0.000584 0.002611 -0.005356 0.002715 
0.000213 0.004266 -0.001631 -0.000567 -0.000322 0.002383 -0.000617 -0.003793 
0.001539 -0.003651 -0.000762 0.003579 0.001818 -0.001976 0.003925 0.003812 
0.001152 -0.003461 0.004821 -0.003016 -0.006847 -0.001696 -0.003432 0.001939 
0.006001 0.003992 0.001302 -0.001680 -0.002195 -0.005796 0.000554 -0.001574 
0.003170 0.000130 -0.001785 0.000621 -0.000996 -0.002077 0.004061 0.001150 
0.009215 -0.004652 0.002512 -0.003086 0.001160 -0.000751 0.005433 0.003537 
-0.000966 0.002445 0.005071 0.004206 -0.000724 -0.007115 -0.001769 0.004093 
-0.002993 -0.004196 0.000413 -0.000991 0.001494 0.003363 0.002702 -0.002439 
-0.000786 0.001766 0.003824 -0.002124 0.001012 -0.002135 0.000501 0.006321 
0.006025 -0.017242 0.005244 -0.001025 0.000370 -0.004975 0.001113 -0.003386 
-0.016916 0.003470 0.006987 0.004969 -0.000201 -0.005081 -0.003950 0.004337 
0.046586 -0.046470 -0.005704 -0.003857 -0.001367 -0.004789 -0.003382 0.002129 
0.018785 0.005366 0.002303 -0.010343 -0.000677 -0.005537 -0.002319 0.003714 
0.005552 -0.005543 0.001010 0.002511 -0.003943 0.000735 0.002541 -0.003636 
-0.001633 -0.002696 -0.003524 -0.001038 -0.002525 0.000479 -0.001617 0.000685 
0.004217 -0.000342 -0.000311 0.001202 -0.000073 -0.000668 0.000443 0.000248 
0.007572 -0.002884 0.003481 -0.001084 0.004797 0.001690 0.000594 0.001187 
0.002267 -0.000227 0.000185 -0.001582 0.000237 -0.001836 -0.000941 0.001603 
0.003120 0.001735 -0.000607 -0.005068 -0.001105 -0.001488 -0.000332 0.000393 
-0.000309 -0.002271 0.001327 -0.000205 0.000556 -0.002283 -0.002369 -0.002067 
-0.002857 -0.002785 0.004103 -0.002998 0.000517 -0.000546 -0.003903 0.001717 
-0.006365 -0.001331 0.001902 0.003157 -0.000107 0.000343 0.001354 -0.000596 
-0.003773 -0.002281 -0.002049 -0.000203 0.002019 -0.005187 0.000779 0.003599 
0.006129 0.000059 0.001316 0.002679 -0.000128 -0.001561 0.005144 0.000948 
-0.009995 0.004205 -0.000288 0.000337 -0.000199 0.002894 -0.000359 0.001862 
0.001570 0.002013 0.000422 0.001381 -0.003367 -0.000201 -0.000961 0.003408 
-0.007583 -0.002969 -0.003915 -0.004234 -0.000157 -0.005645 0.002960 0.003543 
-0.001688 -0.001603 0.004530 0.002724 -0.002289 0.000443 -0.004306 0.001720 
-0.000581 -0.003745 -0.004263 -0.000650 -0.005126 -0.004074 0.004535 -0.000126 
-0.009046 -0.014918 0.006040 0.000126 0.005120 -0.005549 -0.002891 0.006009 
0.016345 -0.003339 -0.000555 0.002691 -0.004629 -0.009824 0.005109 0.005741 
-0.035621 0.024752 0.001307 -0.003019 -0.005013 -0.008660 -0.003921 -0.006924 
0.013671 -0.000902 0.003573 -0.004133 0.001613 -0.000965 -0.004929 -0.000219 
-0.002509 -0.003215 -0.004940 -0.001058 -0.001869 0.000767 -0.004050 0.001017 
0.003454 0.003445 -0.000445 -0.000865 0.000968 -0.001506 0.004905 -0.000111 
-0.003519 0.002755 -0.001088 0.001112 0.003823 0.000928 0.004786 -0.000644 
0.002730 0.000976 -0.000261 0.005973 0.000384 0.001205 -0.002359 0.005221 
-0.000708 0.003164 -0.000940 0.005588 0.000433 0.003451 -0.000395 -0.000893 
-0.003540 0.001376 0.001692 0.000807 0.002818 -0.001900 -0.000532 -0.003926 
0.002992 -0.002147 0.002857 -0.004383 0.000531 -0.003137 -0.001666 -0.002055 
0.000298 -0.000209 0.005518 0.000450 -0.001425 -0.002626 0.001168 0.000908 
0.001072 -0.000498 0.003377 0.003113 0.003350 0.002763 -0.000317 -0.004007 
0.006501 -0.003864 -0.001357 -0.002129 -0.002095 -0.004062 -0.004811 -0.000504 
-0.002469 0.004474 0.000056 0.002890 0.000638 -0.003826 -0.001528 0.006061 
0.003360 0.000460 -0.002935 -0.002492 0.001369 -0.000577 0.000741 -0.000467 
-0.002951 0.002476 -0.002521 -0.000017 -0.003249 0.000617 -0.003597 -0.000910 
0.009151 -0.002332 -0.002184 0.000308 -0.001725 -0.007563 -0.005326 -0.001738 
0.001587 -0.000120 0.004787 -0.003152 0.004308 -0.007047 -0.002917 -0.000793 
-0.008580 -0.000945 0.001900 -0.009199 -0.004457 -0.009082 -0.002067 0.002436 
0.011510 0.021231 0.000356 0.000417 0.000625 -0.006024 -0.002619 -0.001748 
-0.001105 -0.000368 0.007461 -0.003446 -0.002320 -0.003634 0.000750 -0.001599 
-0.012248 0.065388 0.002113 0.004579 -0.002916 0.001728 -0.005479 0.006292 
0.024094 0.002466 0.004860 -0.005494 -0.000926 -0.002603 0.000144 0.009278 
-0.006000 -0.001916 0.000125 -0.003401 -0.001502 -0.004248 -0.002174 0.001099 
-0.006626 0.003601 0.003027 -0.002349 0.005806 0.002080 -0.002268 0.000825 
-0.005954 -0.001272 -0.002797 0.000260 0.004916 -0.001691 0.002934 -0.000774 
-0.003828 0.006603 -0.000377 0.001591 0.000827 -0.003412 -0.000089 -0.000961 
0.001098 -0.000580 0.000411 -0.003962 0.001997 0.003526 -0.004312 0.001304 
-0.005415 -0.001798 0.001794 0.001463 -0.001496 -0.004082 0.002147 -0.001968 
-0.000846 0.001183 -0.000518 0.003157 -0.000424 -0.002154 -0.000620 0.000297 
0.000754 -0.001243 -0.003281 -0.001971 -0.000510 -0.000033 -0.002773 0.004305 
0.001400 -0.005103 -0.001802 -0.002390 0.001677 -0.000083 0.001892 -0.000248 
-0.004052 -0.001291 0.002041 0.001059 0.001297 -0.005577 -0.003638 -0.003086 
0.002156 -0.003119 0.005070 -0.001193 -0.002190 -0.003307 0.000055 -0.000593 
-0.003763 -0.001059 -0.001312 0.000484 -0.002530 0.001104 0.000176 0.001226 
0.004148 0.001923 0.003278 -0.000475 -0.000921 0.000899 0.001244 0.001025 
0.004393 0.002923 -0.002554 -0.000013 0.000362 -0.006402 -0.004231 -0.000719 
0.011941 0.000025 -0.000975 -0.002521 -0.003328 0.002146 0.002270 0.005516 
0.006538 0.003153 0.004320 -0.001059 -0.003813 0.001901 0.004200 -0.001556 
0.003147 -0.017086 0.001102 0.004449 -0.002851 -0.007264 -0.003872 0.007124 
0.024574 -0.000729 -0.000610 -0.000457 0.002776 -0.005357 -0.000603 0.001343 
0.008050 0.004314 0.006550 -0.001599 0.000437 0.003951 -0.000923 0.004361 
0.024074 0.000544 0.001391 -0.002080 0.000728 -0.000063 0.001196 -0.006552 
0.000062 -0.002304 0.005350 -0.003036 0.001707 -0.000178 -0.002843 0.001495 
0.001438 -0.000172 -0.000704 -0.001226 -0.000733 -0.000833 -0.000684 0.001034 
0.001959 0.001913 0.000390 0.005783 -0.005426 -0.001423 0.000487 0.000517 
-0.001943 0.003843 -0.001022 -0.000296 0.000282 -0.000746 -0.000858 0.001686 
0.001929 0.004671 0.000299 -0.000231 -0.000420 0.001733 -0.000377 -0.000276 
-0.000345 -0.002015 -0.001184 0.000986 -0.002353 0.005946 0.001725 0.003504 
-0.002835 0.001080 0.000535 0.001027 -0.006107 0.002098 -0.001202 0.002571 
0.006753 0.002095 -0.000475 -0.004580 0.002596 0.001149 -0.004146 -0.000813 
-0.009814 -0.000722 -0.001152 -0.002260 0.000971 0.001292 -0.002119 -0.004995 
0.002145 0.004182 -0.001568 -0.005446 0.004610 -0.000592 -0.002657 0.001662 
0.003934 -0.003853 0.003475 -0.001653 -0.000130 0.003608 -0.007515 0.001752 
-0.001133 0.002879 -0.001354 -0.002813 0.003871 -0.000800 0.000679 0.004202 
0.002965 -0.006860 0.000189 -0.002051 0.002926 -0.002226 0.001584 0.001871 
-0.011406 0.000435 0.002785 -0.001589 -0.007464 -0.002793 0.002902 0.000340 
-0.002640 0.005230 0.003903 0.001662 0.003171 -0.004896 -0.001563 -0.003043 
0.002123 -0.003969 -0.002577 -0.002610 -0.003924 -0.001804 -0.000759 -0.001391 
0.013081 -0.013905 -0.000543 0.002030 0.007296 -0.003216 -0.000045 -0.001799 
-0.009773 -0.002501 0.000834 -0.004984 -0.000643 -0.003280 0.003123 0.009922 
-0.028843 -0.070900 0.007578 -0.004550 0.004814 0.007453 0.001895 0.007756 
-0.070390 0.004605 -0.001320 -0.005940 -0.001839 0.008475 0.002237 -0.001016 
0.000166 0.005012 -0.004514 -0.001311 -0.001382 -0.000418 -0.005605 0.000229 
0.002800 -0.000833 -0.003110 -0.002989 0.000147 -0.000078 -0.001608 0.002362 
-0.009153 0.001765 -0.002393 -0.003245 -0.000710 0.004602 -0.002136 0.002602 
-0.003015 0.003188 -0.000185 -0.000814 0.004177 0.004761 0.005977 -0.003106 
0.002675 0.003663 -0.004850 -0.000046 -0.002306 0.004376 0.000548 0.001138 
0.000583 -0.002189 0.002530 0.003912 0.005770 -0.002087 -0.000934 0.002653 
0.001136 0.002352 -0.000618 -0.000124 0.005236 -0.005449 0.003155 -0.004454 
0.002167 -0.001308 0.000496 -0.003714 0.001706 -0.000872 -0.001834 -0.005817 
-0.003330 0.003119 0.001294 0.000346 0.003382 -0.003625 0.001301 0.002651 
0.003241 -0.001648 -0.001013 0.005976 -0.001455 -0.002150 0.000543 0.000368 
0.006827 -0.006233 0.002156 0.000458 -0.001264 -0.000515 -0.002139 0.000086 
-0.004454 0.001819 0.001985 -0.004307 -0.004437 -0.002847 -0.001696 0.000487 
0.009530 -0.004631 0.003853 -0.003271 0.003341 0.002681 -0.003548 -0.001044 
0.005666 -0.003315 0.008258 -0.000142 -0.000999 -0.004495 -0.000686 0.003922 
0.006623 -0.000214 0.006249 -0.001910 -0.001067 -0.003205 -0.006743 -0.000902 
-0.002926 -0.002833 0.010512 -0.001767 -0.002239 -0.002041 -0.003913 0.000856 
0.019871 -0.013533 0.001373 -0.006341 0.005986 -0.007055 -0.003378 -0.002282 
0.002966 -0.002493 0.004835 -0.002826 0.002037 -0.004097 0.004593 0.003274 
-0.015882 -0.034606 0.008382 -0.002513 -0.002933 -0.006261 0.005407 -0.011722 
0.058553 -0.004590 0.002396 -0.005842 -0.000069 0.000284 -0.002081 0.002581 
-0.001050 0.002479 0.000778 0.000115 0.004080 -0.002620 -0.002041 0.000090 
0.004450 -0.002225 0.002645 -0.004357 -0.000790 0.000554 0.000104 -0.002556 
-0.003917 0.001379 0.001037 -0.001835 0.000898 0.006332 -0.003174 0.000346 
0.004904 -0.002698 0.004414 -0.007237 0.000254 -0.001487 -0.001489 -0.003592 
-0.004881 0.000025 0.002351 0.000840 -0.002158 -0.003362 0.000239 0.001496 
0.006722 -0.013564 -0.000557 0.000670 0.001195 -0.001531 0.000976 -0.001861 
-0.002447 0.000471 -0.002092 -0.000612 0.002072 -0.002542 -0.003730 0.000688 
-0.007292 -0.011089 -0.000708 -0.002220 0.000346 -0.000440 -0.001045 0.001268 
0.004838 0.004307 0.002525 0.005184 -0.002566 -0.005637 0.000703 0.001338 
0.000723 -0.011084 0.007682 0.002099 0.002751 -0.004128 0.000806 0.001369 
0.011202 -0.002079 0.000569 0.002606 -0.001513 0.001114 -0.002653 0.002213 
0.002969 -0.013813 0.000363 -0.002335 -0.001625 -0.004310 -0.003924 0.000771 
0.010703 -0.004906 -0.000981 0.003106 -0.002941 0.001847 -0.000626 -0.002585 
-0.004906 -0.015764 0.003684 0.000458 0.002374 -0.004557 -0.000666 0.000070 
0.004685 -0.000143 0.005929 -0.001629 -0.003166 -0.004893 0.001038 0.004171 
0.005014 -0.018132 0.001299 -0.007259 -0.002025 0.000668 -0.008881 0.001706 
0.008768 0.004171 0.002254 0.002021 -0.002223 0.003065 0.009888 0.007234 
-0.028948 -0.014168 0.001557 -0.009978 -0.002432 -0.011798 -0.005032 0.003752 
0.004991 0.084038 0.011169 0.004874 0.009914 -0.008869 -0.002923 -0.000206 
-0.001216 -0.022255 -0.004104 -0.006149 -0.004327 -0.015322 -0.000010 -0.000783 
-0.000084 0.004544 0.002561 -0.003332 -0.003330 0.000387 0.004133 0.003486 
0.000482 -0.008324 0.000954 0.003101 0.004210 0.000034 -0.002366 0.002084 
0.004461 0.004903 -0.000663 0.004257 -0.001899 -0.001185 -0.001694 0.009922 
0.002869 -0.007441 0.004343 0.002972 -0.002072 -0.003636 -0.000110 0.002860 
0.000345 0.005322 0.004308 0.004577 -0.001167 -0.000735 -0.005162 0.006905 
0.002569 -0.008846 0.001399 -0.000404 0.000743 -0.000957 0.001310 0.000801 
0.001143 -0.003351 0.001592 0.002600 0.001386 -0.000321 0.001019 -0.000503 
-0.003174 -0.008495 0.005159 -0.002611 0.005476 0.000357 0.000081 -0.002609 
0.001341 -0.002697 0.002417 0.005352 0.001991 0.006963 0.000553 0.006174 
0.002082 -0.013009 0.010903 0.002703 0.005063 -0.002996 0.000236 0.003600 
-0.007244 -0.003915 0.003937 -0.001057 -0.004705 -0.003120 -0.000126 0.005225 
-0.001936 -0.011267 0.007976 -0.000081 0.009310 -0.007274 -0.002278 0.000744 
-0.012038 -0.000416 0.006551 0.000065 0.000117 0.000186 0.004644 0.004339 
-0.001155 -0.012322 0.008690 0.001465 0.007516 -0.006654 0.000823 0.004108 
0.005359 -0.001750 0.015059 -0.002852 -0.002600 0.002407 0.001178 0.009695 
-0.000637 -0.013084 0.011024 -0.005906 0.006536 -0.013654 -0.008209 0.003921 
-0.003463 -0.016657 0.017697 0.009516 -0.002812 0.003073 0.003366 0.001899 
-0.010370 -0.018562 0.015401 -0.006140 0.006134 -0.002478 -0.008388 -0.005015 
-0.003248 -0.049225 0.009310 0.003447 -0.014882 0.001475 -0.016154 0.006895 
-0.073718 -0.021105 0.020660 0.002505 0.002511 -0.013576 -0.008558 0.004655 
0.016685 -0.012596 -0.001535 0.015914 0.005972 -0.013108 -0.003208 0.000718 
-0.009001 0.006039 0.017636 -0.003393 0.000145 0.008528 -0.007142 -0.006514 
0.015764 -0.004960 -0.003306 0.010809 0.003232 -0.018520 -0.003125 0.000245 
-0.015974 0.001599 0.022697 0.006108 -0.000040 0.008160 -0.009088 -0.001932 
0.006102 -0.005983 -0.006673 0.012742 0.003544 -0.024686 -0.002920 -0.001463 
-0.010983 0.003189 0.021378 0.005917 -0.004126 0.017834 -0.009796 0.003460 
0.003920 -0.015879 -0.005948 0.008052 -0.001496 -0.027483 -0.003992 -0.001395 
-0.015155 -0.001186 0.024666 -0.001317 0.001154 0.020426 -0.016140 0.004070 
-0.000331 -0.017618 -0.002560 0.015821 -0.003905 -0.034472 -0.004122 0.001893 
-0.010958 -0.001294 0.033982 0.003998 0.002429 0.028845 -0.014664 -0.005300 
-0.004809 -0.015287 -0.010704 0.014397 0.003770 -0.034071 -0.001375 -0.005065 
-0.011045 -0.002602 0.038517 -0.000569 0.000898 0.026157 -0.011460 -0.001424 
-0.008179 -0.024948 -0.012275 0.009225 0.005167 -0.029254 -0.008476 -0.000902 
-0.009283 -0.003025 0.032401 0.006475 0.002333 0.037574 -0.016206 -0.005084 
-0.018114 -0.019093 0.002028 0.008175 0.001179 -0.028968 -0.013630 0.001607 
-0.013086 0.000688 0.029574 0.007891 0.013328 0.033048 -0.019754 0.001140 
-0.039977 -0.012095 -0.010603 0.020350 -0.014813 -0.020322 -0.008926 0.001407 
-0.008050 -0.000248 0.032082 0.011139 0.010834 0.023495 -0.036032 0.007325 
-0.012527 -0.081169 0.001338 0.001535 0.005927 -0.026465 -0.004672 0.036947 
-0.060348 -0.005420 0.057969 0.006530 0.015491 0.042240 -0.010368 -0.000648 
