0.146026 1.079530
0.181402 1.220842
0.150421 1.267142
0.102431 1.285908
0.122722 1.267500
0.076700 1.189506
0.077160 1.094874
0.049774 1.015914
0.016745 1.009719
-0.036219 1.164260
-0.406593 1.103041
-0.308086 1.203054
-0.189466 1.262205
-0.063326 1.269195
-0.034227 1.248030
0.023549 1.201990
0.055227 1.121017
0.027111 1.016678
0.033013 1.023329
0.011414 1.139520
0.013217 0.889947
0.010107 0.935976
0.013049 0.971542
0.016603 0.978544
0.033402 0.959777
0.016403 0.955529
0.014779 0.953739
0.028646 0.931678
-0.006232 0.935298
0.107337 1.033831
-0.007792 0.896819
0.015483 0.958524
0.033083 0.961600
0.030780 0.973339
-0.014082 0.980220
-0.045160 0.978610
-0.017003 0.964895
-0.014914 0.960796
0.043394 0.979099
0.159007 0.841081
0.144461 1.080040
0.178363 1.218088
0.146740 1.263546
0.099565 1.281627
0.114990 1.265201
0.073326 1.187017
0.073531 1.095051
0.044709 1.013225
0.019838 1.013811
-0.055887 1.153477
-0.404713 1.102969
-0.308712 1.202437
-0.192879 1.261507
-0.068786 1.266799
-0.031389 1.244564
0.029299 1.199537
0.057123 1.118411
0.029707 1.014342
0.023967 1.028620
0.000156 1.150990
-0.000709 0.704728
0.012688 0.702715
0.012236 0.707902
0.016438 0.705693
0.015898 0.708433
-0.005279 0.704056
0.012502 0.709901
0.053044 0.705409
0.006246 0.725570
-0.012850 0.783544
-0.065845 0.709456
-0.100717 0.707717
-0.136341 0.706169
-0.205540 0.712432
-0.232243 0.704631
-0.255784 0.714235
-0.288219 0.706943
-0.299133 0.705579
-0.339225 0.758840
-0.471804 0.746309
0.014703 0.706265
0.020181 0.704779
0.032109 0.693490
0.037161 0.684642
0.019458 0.681623
0.036017 0.684620
0.044094 0.677815
0.048181 0.676758
0.053929 0.650989
-0.028412 0.680805
-0.018017 0.700695
-0.019835 0.705135
-0.042642 0.700269
-0.058911 0.693500
-0.074985 0.690333
-0.097818 0.693477
-0.096900 0.688619
-0.093927 0.675470
-0.080173 0.699761
-0.111396 0.679274
0.007863 0.697015
0.013187 0.693729
0.021483 0.705172
0.034378 0.708194
0.034450 0.709822
0.046130 0.712852
0.059749 0.715300
0.061537 0.706773
0.073167 0.655291
0.342481 0.676504
-0.014133 0.694261
-0.036976 0.703308
-0.023205 0.704108
-0.037288 0.718847
-0.056948 0.721131
-0.054314 0.714839
-0.072608 0.702040
-0.049307 0.701974
-0.107097 0.694942
-0.179813 0.732982
0.008878 0.696203
-0.000038 0.719231
0.017219 0.754908
0.027802 0.794065
0.027153 0.821668
0.032977 0.806800
0.024945 0.806587
0.010465 0.753593
-0.010764 0.772049
0.145422 0.644051
-0.007571 0.692502
-0.010616 0.716232
-0.018015 0.761480
-0.026098 0.793958
-0.030231 0.833372
-0.031355 0.804807
-0.036001 0.791848
-0.018118 0.752447
-0.007275 0.697019
-0.031656 0.748771
0.026317 0.710370
0.028962 0.733921
0.023724 0.780408
0.029152 0.823098
0.017813 0.851560
0.012535 0.837631
0.019240 0.804628
0.014253 0.777148
-0.018002 0.705941
0.117402 0.670780
0.059750 0.701217
0.057005 0.733958
0.066960 0.772818
0.051045 0.812744
0.038900 0.840339
0.020690 0.839832
0.005890 0.803661
0.019127 0.768821
0.022784 0.745882
0.081280 0.724489
0.024894 0.662693
0.033929 0.699429
0.050004 0.747312
0.066773 0.767583
0.050326 0.772102
0.062985 0.756404
0.079733 0.719992
0.087699 0.681133
0.067939 0.654298
0.262044 0.705908
-0.010468 0.664504
-0.042068 0.693408
-0.058257 0.739432
-0.108083 0.785811
-0.141887 0.789661
-0.169367 0.770575
-0.198000 0.736719
-0.174573 0.672255
-0.206449 0.675237
-0.291883 0.773199
0.005812 0.716296
0.019190 0.710609
0.018781 0.693438
0.012001 0.697558
0.009848 0.690566
0.027947 0.704040
0.017996 0.697747
0.019946 0.704026
0.022593 0.711136
0.138249 0.793389
-0.004002 0.700136
-0.019759 0.710809
-0.013172 0.703404
-0.016591 0.711032
-0.044894 0.713506
-0.028789 0.688822
-0.046486 0.686615
-0.028688 0.706624
-0.011996 0.732343
-0.067654 0.664261
0.002746 0.708009
0.003035 0.700516
0.002669 0.705611
0.017854 0.699420
0.015779 0.710291
0.026807 0.700374
0.030431 0.702145
0.000703 0.717240
0.026883 0.648099
0.113116 0.730848
-0.003631 0.702217
-0.023344 0.703598
-0.007686 0.710367
-0.018927 0.706581
-0.011675 0.706284
-0.029285 0.709764
-0.011811 0.708163
-0.023099 0.710011
-0.090916 0.698413
-0.219352 0.607342
0.002206 0.709190
-0.003754 0.699758
0.005068 0.710355
0.027167 0.702797
0.019445 0.709330
0.018744 0.705049
0.019691 0.695806
0.032401 0.708012
0.114582 0.667290
0.165626 0.664161
-0.010558 0.704977
-0.008920 0.700727
-0.014652 0.704484
-0.016233 0.707086
-0.023982 0.701707
-0.025994 0.705744
-0.023931 0.713326
-0.009542 0.721657
-0.044950 0.685789
-0.110983 0.829925
0.005224 0.716758
0.012705 0.705846
0.010023 0.709694
0.010834 0.702028
0.010510 0.711431
0.012237 0.709046
0.049065 0.709660
0.027331 0.704665
-0.039784 0.670431
0.195357 0.639796
-0.019709 0.700609
-0.035484 0.705652
-0.001882 0.706602
-0.020084 0.709966
-0.018172 0.723823
-0.022089 0.716783
-0.037430 0.714806
-0.027345 0.713554
-0.050090 0.668355
0.114512 0.682892
0.006362 0.703098
0.002815 0.705656
0.011631 0.701382
0.008103 0.714537
0.020426 0.719360
0.017928 0.704605
0.012763 0.721837
0.053558 0.707290
0.038955 0.709494
0.158516 0.626365
-0.008444 0.710006
0.000084 0.713610
-0.016491 0.707036
-0.011813 0.711669
-0.022731 0.706653
-0.012001 0.718112
-0.037958 0.716646
-0.020380 0.716505
-0.035828 0.675955
-0.114247 0.673568
0.008131 0.707983
-0.004921 0.709961
-0.003479 0.720250
0.022010 0.721440
0.016604 0.727194
0.013707 0.721100
0.027428 0.722468
-0.004765 0.697028
-0.027847 0.690092
-0.023725 0.691455
-0.004418 0.701709
-0.018922 0.706202
-0.007294 0.711511
-0.003595 0.712294
-0.007184 0.716075
-0.025755 0.722052
-0.024633 0.717045
0.016078 0.718839
-0.030786 0.738209
-0.115903 0.700608
-0.001880 0.704368
-0.006646 0.710113
0.011365 0.713231
0.018937 0.720241
0.008781 0.726733
0.009530 0.717956
0.003866 0.716468
0.024994 0.720421
0.025334 0.726974
0.027258 0.689595
-0.011817 0.709129
-0.010992 0.703871
-0.012294 0.716627
-0.017300 0.717398
-0.025812 0.732740
-0.001969 0.721136
-0.024955 0.723200
0.002339 0.716557
0.037900 0.707673
0.207643 0.762101
-0.004715 0.707506
-0.011304 0.709379
0.003791 0.717472
-0.008793 0.724182
0.007549 0.726067
0.030021 0.727283
0.015394 0.733060
-0.035068 0.714368
-0.027931 0.730996
0.008649 0.615058
-0.013384 0.705194
-0.004471 0.707932
-0.004719 0.716644
-0.009774 0.724791
-0.009193 0.732455
-0.019531 0.731708
-0.010323 0.728267
-0.021931 0.719248
-0.000545 0.684248
-0.202927 0.731736
0.010817 0.708620
0.012439 0.706867
0.017564 0.730322
0.005879 0.724592
-0.000775 0.728725
0.012536 0.722774
-0.003558 0.729231
0.019916 0.716497
-0.031366 0.704455
0.089671 0.662631
0.004902 0.700188
0.018836 0.709252
0.000401 0.719893
-0.011032 0.720343
-0.001786 0.738714
0.002342 0.733630
0.004778 0.728133
0.013053 0.713251
-0.021835 0.698003
-0.040147 0.691877
0.013615 0.706638
0.010110 0.711247
0.006169 0.722017
0.024738 0.731128
0.022889 0.730266
0.003963 0.735166
0.008590 0.732847
0.010305 0.722130
0.052129 0.718155
0.259172 0.576424
-0.002435 0.704331
-0.011769 0.707696
-0.017715 0.728598
-0.018567 0.725368
-0.022388 0.736134
-0.022475 0.733313
-0.028210 0.723345
-0.045815 0.725048
-0.004504 0.735453
0.120943 0.707337
-0.004873 0.709284
0.004194 0.715726
0.003296 0.714547
0.009008 0.737887
0.014568 0.749318
-0.005385 0.726578
0.007646 0.726090
0.011004 0.730566
-0.031958 0.717483
0.025193 0.695295
-0.000587 0.700947
-0.009382 0.711805
-0.011208 0.723657
-0.008372 0.725461
-0.009175 0.740091
-0.013317 0.739303
-0.020412 0.734202
-0.005476 0.740536
-0.021167 0.711770
-0.001382 0.665921
0.014489 0.711583
0.017538 0.713865
0.008345 0.723049
0.000007 0.737035
-0.000544 0.740566
0.013689 0.747129
0.008123 0.727210
0.010787 0.716343
-0.000366 0.763711
0.237085 0.652033
0.021705 0.701614
0.014443 0.711864
0.015609 0.718079
0.010344 0.731726
0.003986 0.731095
-0.001733 0.732666
-0.019492 0.738189
-0.000244 0.716314
0.045844 0.680165
0.076832 0.777280
0.031707 0.715634
0.030070 0.722024
0.030534 0.729674
0.036840 0.736160
0.019744 0.727171
0.016403 0.738624
0.006267 0.735279
0.021617 0.718247
-0.039502 0.709037
-0.136339 0.591052
0.071710 0.694428
0.041311 0.708296
0.047274 0.711986
0.045747 0.726095
0.027445 0.729355
0.016930 0.731443
0.016168 0.729983
0.008471 0.712975
0.024645 0.737391
0.075916 0.666916
0.031801 0.711518
0.009507 0.709943
0.004013 0.720318
0.009177 0.719816
-0.015832 0.738436
-0.005195 0.741772
0.011634 0.719822
-0.027158 0.715988
-0.023893 0.680555
0.112545 0.813748
0.082766 0.699642
0.074450 0.712050
0.070970 0.714974
0.044258 0.722856
0.044987 0.729583
0.035309 0.734798
0.032699 0.717632
0.016859 0.704478
0.005986 0.742076
0.031965 0.645250
0.044709 0.694254
0.038397 0.701264
0.026788 0.699437
0.018029 0.711479
0.046429 0.718970
0.049340 0.710658
0.015185 0.725738
0.041759 0.720558
0.141761 0.750064
0.030251 0.647917
0.116762 0.707836
0.112989 0.709078
0.115403 0.707595
0.093318 0.711261
0.087126 0.701649
0.070286 0.708089
0.049817 0.702250
0.070752 0.703664
0.083929 0.678544
-0.046482 0.822492
0.060974 0.958197
0.078622 0.932442
0.051203 0.935235
0.053407 0.935483
0.046156 0.929436
0.017157 0.919262
0.031500 0.930468
0.016634 0.883398
0.112250 0.874114
0.239521 0.939414
-0.014959 0.952049
-0.000779 0.934558
0.002495 0.938743
0.001301 0.931522
0.003476 0.920545
-0.005238 0.905455
0.015879 0.918193
0.005674 0.893642
-0.014421 0.906707
0.046077 0.900654
-0.011640 0.894159
-0.017670 0.948939
0.001771 0.968461
-0.007445 0.979310
-0.032319 0.978592
-0.035669 0.984705
-0.027644 0.973740
-0.041218 0.957049
-0.017615 0.960262
0.178005 0.865047
-0.000516 0.889068
0.002748 0.946599
-0.020492 0.968518
-0.003505 0.966836
0.000990 0.943226
-0.025821 0.959294
-0.008314 0.946101
-0.008656 0.965167
0.018658 0.969399
0.204029 0.880102
0.059330 0.959396
0.076339 0.933668
0.050422 0.937317
0.052280 0.940238
0.040972 0.929589
0.011797 0.921824
0.025817 0.933106
0.008827 0.887974
0.109414 0.879591
0.271871 0.952565
-0.014619 0.953351
-0.000885 0.935826
-0.000234 0.940745
0.000675 0.931287
0.004479 0.924601
-0.008841 0.909427
0.014386 0.922065
0.003630 0.899862
-0.009073 0.885764
0.080484 0.867226
0.001196 0.711392
0.002211 0.704596
0.016663 0.703455
0.004889 0.708254
0.008817 0.704375
0.018346 0.698866
0.027750 0.711645
0.038801 0.694738
0.024389 0.687985
-0.075740 0.707330
-0.006176 0.705752
-0.001141 0.705022
-0.009725 0.706597
-0.006694 0.703541
-0.017427 0.716105
0.002545 0.696445
-0.006083 0.700221
0.014255 0.698694
0.012500 0.702288
0.130294 0.662355
0.023151 0.710599
0.030195 0.711227
0.028174 0.710677
0.024117 0.712280
0.026327 0.697055
0.039095 0.704309
0.038127 0.713599
0.011348 0.692024
-0.079235 0.646908
-0.066731 0.664432
-0.004003 0.709673
-0.002906 0.716150
0.005574 0.716450
-0.004966 0.716345
0.021663 0.719867
0.005403 0.713625
0.016472 0.709753
0.021524 0.683676
0.018473 0.695081
-0.038960 0.854729
0.019255 0.711947
0.011649 0.715310
-0.008644 0.711082
-0.002110 0.709164
-0.005948 0.706970
-0.030449 0.706540
-0.023634 0.706335
-0.035008 0.712275
-0.036937 0.689342
0.111926 0.626320
-0.000321 0.711032
0.007103 0.713726
0.023838 0.702933
0.033101 0.718320
0.017245 0.718153
0.047220 0.718195
0.052098 0.705395
0.052817 0.702073
0.078826 0.661336
0.111115 0.628835
0.005904 0.703365
0.012835 0.703747
0.011619 0.710751
-0.000596 0.696613
0.004389 0.715232
0.009179 0.701898
-0.002923 0.707625
-0.004283 0.698557
0.042105 0.693052
-0.072877 0.591711
0.007623 0.712023
0.007765 0.704470
-0.006060 0.705886
0.007366 0.716928
0.019852 0.705327
-0.003521 0.712888
-0.017533 0.694129
-0.006242 0.706861
-0.027409 0.677774
0.092189 0.689507
0.019557 0.704136
0.009459 0.701073
0.014415 0.703896
0.019889 0.703725
0.041581 0.708401
0.014311 0.723256
0.025633 0.709496
0.011278 0.736561
-0.049390 0.738324
0.087331 0.490058
-0.010985 0.704540
-0.004791 0.706315
-0.006662 0.697560
-0.014291 0.687200
-0.006649 0.706652
-0.021173 0.709944
-0.023938 0.714559
-0.048013 0.680210
-0.031462 0.714281
0.130576 0.683546
0.032378 0.708940
0.032802 0.697202
0.024807 0.710434
0.019372 0.714962
0.028713 0.711345
0.018350 0.711392
0.022514 0.716891
-0.000165 0.688687
-0.055641 0.705639
-0.007554 0.543548
-0.002991 0.710685
0.004411 0.703488
0.010389 0.706352
0.012887 0.716128
0.023378 0.725173
0.021316 0.707921
0.020038 0.693784
0.030162 0.700165
0.036669 0.705997
0.162621 0.736029
0.023903 0.707364
0.007324 0.704633
-0.008039 0.703564
0.013378 0.696321
-0.026385 0.715065
-0.007173 0.713619
-0.016776 0.696621
-0.005848 0.712739
0.048503 0.775032
0.097385 0.642810
0.002453 0.708329
-0.000636 0.713707
0.009873 0.711795
0.013811 0.711333
-0.002596 0.718503
0.019858 0.711556
0.024731 0.709450
0.038736 0.701992
0.002501 0.714107
0.120280 0.696617
0.009762 0.706252
0.008098 0.713349
0.006486 0.708361
0.004941 0.708497
0.006479 0.695378
-0.002926 0.705812
0.001077 0.702514
-0.030410 0.699386
-0.002974 0.702284
0.019556 0.774152
-0.005863 0.708851
0.000280 0.708505
0.007342 0.711189
0.008929 0.712847
0.013367 0.714529
0.003860 0.708362
0.039743 0.699489
0.015578 0.702122
0.035641 0.688289
0.059330 0.721763
0.010001 0.710080
0.001680 0.707031
-0.005920 0.700494
-0.011417 0.715372
-0.000949 0.711600
-0.028436 0.695444
-0.008071 0.706719
-0.038328 0.695454
-0.019504 0.665669
0.040749 0.670818
0.008582 0.705554
0.007928 0.704657
0.006497 0.710519
0.013773 0.709355
0.006011 0.713642
0.019955 0.717127
0.017067 0.719065
-0.001296 0.697388
0.092717 0.638199
-0.066178 0.785772
0.020750 0.707556
0.003750 0.707854
-0.000484 0.714800
-0.008066 0.712847
0.001604 0.715973
-0.021770 0.712874
-0.016131 0.715014
-0.012173 0.703435
-0.102208 0.650208
0.017882 0.549567
-0.002006 0.706312
0.007564 0.705894
0.013017 0.707463
0.012033 0.708368
0.015529 0.701893
0.042556 0.703354
0.014827 0.707490
0.020732 0.716196
0.018656 0.674490
0.078150 0.736123
-0.007907 0.707714
0.005429 0.706837
-0.010038 0.705804
-0.007935 0.717744
0.008995 0.705424
-0.009413 0.703615
-0.013149 0.704408
0.009460 0.709839
-0.009830 0.727850
0.088894 0.689674
0.001572 0.705658
0.006622 0.705654
0.014898 0.707305
0.028519 0.713688
0.009331 0.708107
0.017897 0.699598
0.021783 0.694934
0.038637 0.704369
0.001466 0.712743
0.071046 0.644383
0.003824 0.702800
0.007428 0.704261
0.009197 0.712183
0.004127 0.707150
-0.001418 0.705698
0.012616 0.695444
-0.000299 0.705724
0.015738 0.710177
-0.001974 0.717216
-0.114599 0.704531
0.007764 0.710021
0.013966 0.709697
-0.006319 0.708401
0.004288 0.714422
0.019309 0.700050
0.005245 0.711201
-0.008501 0.711670
-0.014184 0.708543
0.004297 0.705861
-0.015483 0.603781
-0.007246 0.703969
0.002189 0.705880
-0.000540 0.710175
-0.017280 0.698571
0.005464 0.705240
-0.019657 0.702404
-0.008866 0.700411
-0.019499 0.708348
-0.007123 0.690777
0.085766 0.657261
-0.001155 0.708746
-0.000988 0.702836
-0.008170 0.711912
0.003190 0.700499
-0.003298 0.706359
-0.015749 0.705815
0.002693 0.701382
-0.007763 0.708778
-0.057351 0.716335
0.085438 0.674870
0.005840 0.707329
0.004551 0.704160
-0.000558 0.702647
0.005176 0.704546
-0.002862 0.716368
0.006667 0.697392
-0.010275 0.713356
0.017512 0.709335
0.075940 0.646944
0.018681 0.769935
0.009306 0.711327
-0.005695 0.710171
0.011101 0.705582
0.005747 0.711883
0.012640 0.709152
-0.006595 0.710693
-0.008733 0.696377
0.006777 0.703004
0.004544 0.693828
0.040715 0.739334
0.011642 0.703961
0.007231 0.703347
0.008778 0.706253
0.015210 0.699915
0.002567 0.695087
0.007400 0.707722
0.023203 0.701602
-0.008352 0.701350
0.065763 0.705780
-0.020165 0.785504
0.009477 0.707674
-0.003436 0.705918
-0.002636 0.713373
0.008806 0.706558
0.007422 0.704408
0.002658 0.702944
-0.019434 0.694316
-0.015652 0.713680
-0.008331 0.715248
0.168088 0.730688
0.006662 0.706962
0.009805 0.702239
0.006203 0.706292
-0.006687 0.703178
0.002566 0.710002
0.013974 0.704530
-0.005980 0.701036
-0.019909 0.706799
-0.043554 0.691795
-0.113866 0.657312
0.001787 0.705964
0.019864 0.712484
-0.002228 0.702845
0.000404 0.702874
0.004325 0.702997
0.007256 0.708221
-0.009080 0.706432
0.024633 0.689713
0.025458 0.685015
-0.091587 0.787025
0.006175 0.708910
-0.002283 0.711800
-0.010545 0.705479
0.017446 0.712731
0.020035 0.707087
0.000877 0.699914
0.005586 0.701679
-0.016763 0.730520
-0.019422 0.726902
0.049167 0.581683
0.002086 0.706081
0.001274 0.709521
0.015818 0.696248
-0.010694 0.705057
0.012654 0.713996
-0.003384 0.716863
-0.000329 0.710062
-0.010749 0.691449
-0.014873 0.724745
0.135168 0.546453
0.018544 0.704003
0.015870 0.699476
0.009253 0.705287
0.013125 0.710235
0.013760 0.712899
0.012457 0.718991
0.027077 0.705097
0.013478 0.718423
-0.027389 0.703288
0.005930 0.664705
-0.014175 0.705884
-0.005618 0.718298
0.001393 0.708341
-0.007153 0.702376
-0.007900 0.709211
-0.006581 0.705983
-0.013119 0.712908
-0.023545 0.704015
-0.034481 0.710096
0.065659 0.749843
0.023595 0.709185
0.019179 0.708219
0.030204 0.709687
0.010101 0.703819
0.027340 0.705638
0.009767 0.719110
0.020634 0.708214
0.019436 0.717159
-0.050994 0.711417
0.017731 0.621602
-0.016883 0.705582
-0.001845 0.703653
-0.020496 0.701827
0.004400 0.703746
-0.002391 0.706236
0.000705 0.711196
0.000715 0.710859
-0.014080 0.709787
0.000679 0.680205
-0.077597 0.675922
0.011682 0.710817
-0.010213 0.703943
0.006033 0.703649
0.004606 0.705075
0.014123 0.699812
0.004566 0.718625
-0.014333 0.717453
0.009549 0.710215
-0.020196 0.713208
0.204669 0.667946
0.006705 0.702291
0.012613 0.710253
0.007817 0.713476
0.007561 0.703001
-0.012026 0.720448
-0.015826 0.709630
-0.020269 0.696632
-0.031559 0.703815
-0.014925 0.710293
0.105955 0.728136
-0.024170 0.689302
-0.023475 0.693056
-0.019997 0.695960
-0.009269 0.691720
0.027283 0.698415
0.007187 0.710717
0.030925 0.687618
0.015693 0.699770
0.026906 0.729339
-0.228588 0.756307
-0.044379 0.719252
-0.037273 0.717789
-0.065650 0.710717
-0.064189 0.718839
-0.039534 0.713055
-0.067588 0.707494
-0.076852 0.719556
-0.084616 0.709284
-0.030579 0.682534
-0.036732 0.648041
-0.044338 -0.034434 0.005776 0.005843 0.004019 0.006530 -0.007869 -0.004692 
0.241073 -0.023206 -0.013525 -0.012896 -0.004152 0.001664 0.011200 0.011666 
-0.045529 -0.017233 0.004471 0.012273 -0.006519 0.003187 -0.001493 0.008933 
0.152673 -0.002406 -0.004353 0.007256 0.011811 0.001171 0.002476 -0.000720 
-0.021495 0.006454 0.011360 0.000978 0.008147 -0.005912 -0.008499 -0.004795 
0.065122 0.002393 0.001923 0.005010 0.008231 0.011013 0.009810 -0.007377 
-0.009023 0.007931 -0.003950 0.003681 0.006433 0.006694 0.013284 -0.001886 
-0.033141 -0.010956 -0.011186 0.014106 0.006423 -0.009577 0.001504 -0.009593 
0.032703 -0.012367 -0.003144 -0.002252 -0.000348 -0.006845 -0.000382 -0.007673 
-0.092635 -0.010091 0.008098 0.009784 0.001762 -0.004737 -0.001824 0.008619 
0.052834 0.002362 0.007262 0.011591 0.012077 -0.002291 0.003446 0.002510 
-0.153357 -0.018566 -0.005925 0.004496 -0.008958 0.002419 -0.016418 -0.004599 
0.053924 -0.012086 -0.007444 -0.014417 -0.003052 -0.005633 -0.013817 -0.010047 
-0.202518 -0.025471 -0.011347 -0.007515 0.002277 0.013177 -0.011298 0.002941 
0.076024 -0.062018 -0.022944 -0.003142 -0.008373 0.010448 0.001636 0.013134 
-0.239314 -0.057296 0.002215 -0.000623 0.006084 -0.004827 0.002551 0.005380 
0.039216 -0.046574 -0.000900 0.010548 0.009734 0.010913 0.007165 0.007184 
-0.259903 -0.021065 0.011597 0.003226 -0.001976 0.004987 -0.007596 0.002934 
0.020490 -0.018616 -0.013981 -0.008570 -0.001196 0.011588 -0.003585 0.000005 
-0.312373 -0.008387 -0.015893 0.007462 0.009715 -0.006629 -0.003646 0.008108 
0.007712 0.002061 -0.003987 0.004978 -0.001578 -0.002587 0.007447 -0.007150 
-0.005529 0.001950 0.008725 -0.008952 0.006887 0.001169 0.001159 -0.005143 
0.003407 -0.013665 -0.006594 -0.002860 0.009733 0.000040 -0.011283 -0.003205 
-0.029953 -0.008365 -0.006729 0.001688 -0.001191 0.002088 -0.011191 -0.004442 
0.000768 -0.002236 -0.007600 0.002486 -0.003640 0.004064 0.003691 -0.007988 
-0.003137 -0.002270 0.000791 -0.005562 0.004051 -0.003801 0.002094 0.007181 
-0.006480 0.016076 -0.007539 0.011869 0.002752 0.005339 -0.003120 0.002441 
0.019684 -0.008059 0.000691 0.011838 -0.000092 0.002259 -0.007851 0.001476 
-0.011678 0.007684 -0.010483 0.000228 -0.013701 0.010809 0.003049 0.006686 
0.017178 -0.011210 0.000912 -0.003346 0.010521 0.002849 0.011915 -0.015386 
-0.000060 -0.020715 -0.021787 0.015484 0.001610 0.019672 -0.006472 0.001173 
0.003497 0.000116 0.009087 -0.004766 0.000472 -0.014079 0.003343 -0.004673 
-0.003793 -0.023597 -0.007955 -0.004104 -0.012512 0.006510 0.001145 -0.009149 
0.014118 0.018992 -0.006279 0.011510 -0.006829 0.006606 0.013984 -0.004668 
-0.010490 0.004417 0.016361 0.010610 -0.012545 -0.005365 -0.004310 -0.004417 
0.009788 0.008098 0.001569 0.029471 -0.009648 -0.003866 -0.018584 0.004211 
0.027720 -0.002423 -0.013388 -0.000991 -0.005242 -0.002463 0.013948 0.010247 
-0.006426 -0.012277 -0.013597 0.008181 0.005471 -0.003846 -0.006405 -0.001210 
-0.064477 -0.053475 0.007979 -0.015180 -0.008729 0.010237 0.028476 -0.006015 
-0.118052 -0.005343 0.005742 0.013537 -0.017879 0.011609 -0.017442 0.015834 
-0.046216 -0.036857 0.001403 0.007782 0.007405 0.008798 -0.000702 -0.006837 
0.243010 -0.024973 -0.015507 -0.014407 -0.002389 -0.003353 0.014614 0.006549 
-0.047398 -0.014351 0.010167 0.014047 -0.004726 0.006280 0.003090 -0.004748 
0.159665 0.002372 -0.014889 0.006846 0.014439 -0.000854 0.007940 0.009711 
-0.022551 0.003995 0.017372 -0.005474 0.014537 -0.006379 0.000312 -0.003070 
0.063855 0.002362 -0.003720 0.005405 0.006795 0.010790 0.022045 -0.005679 
-0.005499 0.005455 -0.000332 -0.000042 0.007007 0.008998 0.016787 -0.003048 
-0.033867 -0.009646 -0.010787 0.015454 -0.000001 -0.013753 0.001600 0.000806 
0.031671 -0.010861 -0.004779 -0.002109 -0.003218 -0.008797 0.008436 0.000654 
-0.095698 -0.009436 0.008566 0.014582 -0.002159 0.002000 -0.001518 0.005880 
0.052525 0.003470 0.005899 0.006698 0.007085 -0.007350 0.008453 0.000541 
-0.152335 -0.019630 -0.003905 0.005806 -0.008477 0.002851 -0.013210 0.006044 
0.052424 -0.011435 -0.005945 -0.017464 -0.001474 -0.006713 -0.010215 -0.009241 
-0.204544 -0.026617 -0.006799 -0.009646 0.001647 0.009932 -0.015269 0.001441 
0.076222 -0.066190 -0.022597 -0.002651 -0.009953 0.008810 0.007120 0.007896 
-0.241310 -0.054328 0.004560 -0.000612 0.008924 0.003992 0.003669 -0.000040 
0.035852 -0.042176 0.002526 0.003570 0.008064 0.008564 0.006518 0.004497 
-0.257834 -0.017489 0.010654 0.005462 0.002549 0.006957 -0.005039 0.009682 
0.034542 -0.008605 -0.014340 -0.009990 0.002542 0.010616 0.000170 -0.003589 
-0.301537 -0.014479 -0.017627 0.007967 0.003837 -0.010062 -0.002746 0.005564 
0.011290 -0.024684 -0.001427 0.009040 0.000408 -0.001206 -0.005756 -0.000575 
-0.203060 0.016416 0.014853 0.010399 0.001600 -0.003068 0.007407 0.013051 
-0.008227 -0.026776 0.000308 0.009954 0.010107 -0.004915 0.013382 0.013023 
-0.133640 -0.013315 0.005107 0.018884 -0.013286 -0.012856 0.000034 0.001378 
0.010257 -0.005438 -0.009334 0.003732 0.012541 0.014408 -0.000785 0.000617 
-0.082639 0.009509 -0.008007 0.002608 0.002649 -0.023758 -0.002078 -0.005415 
-0.006904 0.010864 0.009102 0.018245 -0.011431 -0.007677 0.007092 -0.005868 
0.024061 0.007535 0.008213 0.000578 -0.010066 0.008966 -0.002779 -0.008967 
-0.000000 -0.002323 -0.001863 0.010125 -0.009623 -0.002363 -0.012531 -0.000310 
0.080533 -0.002543 0.002067 -0.005185 0.011656 -0.011092 0.001578 -0.003162 
0.006089 -0.002812 0.012173 0.019123 -0.002301 -0.002274 0.010627 -0.000480 
0.140447 0.004490 -0.013210 0.016681 0.016411 0.002915 -0.008650 -0.009460 
-0.004560 -0.022860 0.006160 0.007304 -0.001298 -0.011127 0.017609 -0.006134 
0.141629 -0.012529 -0.023413 0.001950 0.001865 -0.010232 -0.011522 -0.007395 
-0.027537 -0.012182 0.002749 0.012951 -0.003728 -0.005667 -0.002599 0.008386 
0.164992 0.005649 -0.043067 0.020182 0.010528 -0.015473 -0.007176 -0.003262 
0.003523 -0.004111 -0.006722 0.017750 0.010043 -0.029062 0.009303 0.011107 
0.163111 -0.011605 -0.000778 0.011406 0.023758 0.016434 -0.020687 -0.020933 
0.004167 0.046603 0.026612 -0.002961 -0.007043 -0.009524 -0.005309 -0.019367 
0.172036 -0.014087 0.008362 -0.013639 0.011890 0.037610 -0.030855 -0.008214 
0.030019 -0.010969 0.000003 0.015662 -0.010575 0.004589 -0.004806 0.018891 
-0.081512 -0.009797 0.006391 -0.005596 -0.005590 0.003928 -0.006487 -0.010466 
0.010751 -0.007722 -0.004748 0.001740 -0.001873 -0.010647 0.003914 -0.009251 
-0.068684 0.014082 0.015185 -0.002370 -0.015495 0.003820 0.006576 -0.016846 
-0.007373 -0.005090 0.007089 -0.001453 -0.021416 -0.005586 -0.001277 -0.012374 
-0.018131 0.005759 0.004130 0.001033 0.011412 0.008961 -0.005410 0.005318 
0.012607 0.012020 -0.000590 -0.009318 0.003306 0.012841 -0.018223 -0.007330 
0.001539 -0.001944 0.017203 -0.004039 0.006420 -0.000459 -0.006960 0.005151 
-0.003538 0.005239 -0.000975 -0.004111 0.008361 0.001203 -0.012560 -0.001053 
0.033145 0.003667 -0.004673 -0.007768 -0.017881 -0.002016 -0.007764 -0.006954 
-0.013388 -0.002306 -0.002128 0.010218 -0.019891 -0.001833 -0.010236 -0.000578 
0.053225 0.012027 -0.006485 0.011854 0.001148 0.002531 -0.006836 -0.012450 
-0.018879 0.019751 -0.001302 0.006486 0.005005 -0.006504 -0.000713 0.004841 
0.072418 -0.003644 -0.002035 -0.010850 0.004125 0.005322 0.001096 -0.001843 
-0.021876 -0.000587 0.000247 0.004372 -0.006018 0.011554 -0.007991 0.000267 
0.052605 0.017821 0.000815 0.000741 -0.007250 0.002088 0.006370 -0.008906 
-0.030494 -0.011087 0.004058 0.003869 -0.000112 0.009150 0.011062 -0.005801 
0.063464 -0.008918 -0.010764 0.009430 -0.003630 -0.014859 0.010201 -0.000214 
0.021803 0.031101 -0.008930 -0.002692 0.020848 -0.009300 -0.001661 -0.009014 
0.084306 -0.000529 0.009777 -0.006336 0.018753 0.000112 0.026992 -0.021051 
0.044553 0.001867 0.005632 -0.002516 -0.002590 -0.007194 0.011540 0.001963 
-0.032741 -0.001670 -0.014302 -0.001488 -0.002203 0.004144 -0.006890 0.002138 
0.025056 -0.019562 -0.001440 -0.008339 -0.011639 0.001993 -0.011150 0.017948 
-0.024299 0.007733 -0.009386 0.001604 0.015230 0.005866 0.009627 -0.007141 
0.005038 0.001797 -0.009946 0.002560 0.013029 0.002690 -0.005191 -0.005018 
-0.021609 -0.008194 0.012385 0.010278 0.009120 -0.005462 -0.005534 0.005897 
0.003263 -0.015395 -0.004837 -0.014392 -0.006568 0.004026 0.003121 -0.003555 
0.007932 0.003301 0.004905 -0.009661 0.007065 0.001394 0.001581 -0.010868 
-0.024711 0.003034 0.004439 -0.000692 -0.010125 0.007047 0.001874 -0.016812 
0.025184 0.018273 -0.012190 0.013378 -0.012251 -0.002837 -0.011123 -0.000370 
-0.035490 -0.014209 -0.001206 0.000706 0.000275 -0.005508 -0.015598 0.021041 
0.013838 -0.005540 0.012409 -0.000902 0.007127 0.007568 -0.009736 0.008678 
-0.035535 -0.018762 0.007261 -0.015925 -0.013499 0.012075 -0.006234 -0.016435 
0.025670 0.014070 0.001105 0.000158 0.006241 -0.002483 0.005346 0.008230 
-0.067397 -0.000734 0.001433 0.000258 0.004360 -0.019905 -0.016490 -0.005116 
0.038902 -0.013820 -0.000369 0.006621 -0.005088 0.000572 -0.002494 -0.003487 
-0.037053 -0.007586 0.001426 -0.015226 0.011225 -0.005887 -0.001765 0.012025 
0.022640 0.002504 0.005935 -0.016392 0.022978 0.006048 0.008417 0.000865 
-0.090075 -0.032798 0.006965 0.000375 -0.007502 0.001635 0.000758 0.001602 
0.111823 -0.039281 0.012623 0.016898 0.001629 0.006059 0.006835 -0.006720 
0.015361 0.000103 0.008488 0.002606 0.000579 -0.010195 0.001342 0.008269 
-0.007593 -0.002317 0.005560 -0.004517 0.016916 -0.004047 -0.001483 0.006208 
0.012608 0.002142 -0.017609 -0.007429 0.004701 -0.002067 0.006846 -0.006675 
-0.012458 0.001172 -0.005505 0.006717 -0.002303 0.002982 -0.005745 -0.000842 
0.004752 -0.006029 -0.006198 -0.002508 0.000276 0.015235 -0.003276 -0.001105 
-0.010264 -0.001385 0.005849 0.005928 0.006544 -0.001240 -0.004983 0.003019 
-0.001643 -0.013751 0.008351 -0.002460 -0.007119 -0.007141 -0.010078 0.000619 
0.013413 -0.002836 -0.014193 -0.013127 -0.009969 0.008204 -0.000249 0.011502 
-0.004660 -0.006640 0.000204 0.009773 0.007294 0.010643 -0.009752 -0.010238 
0.017057 0.014834 -0.010917 0.007995 -0.010039 0.001974 0.001763 0.004703 
-0.030404 -0.001542 0.004558 -0.007452 0.000864 -0.021470 -0.010487 0.002715 
0.014980 0.000584 -0.007136 0.008107 -0.010044 0.009249 0.000059 0.011717 
-0.004689 0.002536 0.003627 0.007121 -0.004810 -0.001117 -0.005704 -0.006472 
0.015116 -0.012275 -0.002450 -0.001165 0.001088 0.011260 -0.007051 0.015401 
-0.013859 -0.001218 -0.011097 -0.011113 0.006493 0.004442 -0.000626 0.015228 
0.003148 -0.000760 -0.013591 -0.009374 -0.000105 -0.001936 -0.011874 -0.006711 
-0.012439 -0.028476 0.008728 -0.012118 -0.018492 -0.004411 0.007693 0.002124 
0.043363 0.000045 0.002161 -0.011251 -0.002704 0.001313 -0.009296 -0.015650 
-0.028818 0.047967 0.007728 -0.004621 0.007788 0.009804 -0.014701 0.009379 
0.067813 -0.005760 0.004641 0.005606 -0.005795 0.005580 0.007463 -0.004958 
-0.000908 -0.007688 -0.001088 -0.007926 0.004904 0.004003 0.001622 -0.008428 
-0.034982 -0.001297 0.004181 -0.002580 -0.003506 0.007922 -0.017571 0.006899 
-0.006235 -0.009663 0.004460 0.008024 0.003763 0.002882 -0.012120 0.015388 
-0.024240 -0.007218 0.000644 0.004607 -0.006770 0.013441 0.000062 0.001555 
0.001340 0.018071 -0.000935 -0.002431 -0.002834 -0.006921 -0.004362 -0.004388 
-0.010991 0.011451 -0.002157 0.008957 -0.007404 0.000613 0.011327 0.004725 
0.002681 -0.002185 -0.014317 0.007419 0.003184 0.016547 -0.007398 -0.016511 
-0.005709 -0.016912 -0.009146 -0.007229 0.004675 -0.002142 -0.007105 -0.006302 
-0.003831 0.010200 0.012639 -0.008031 -0.002069 0.013454 0.010674 0.001545 
0.033589 0.005787 -0.009445 -0.002474 -0.000494 -0.006594 0.007355 0.005455 
0.016069 0.010179 -0.004439 -0.011615 -0.010798 0.000192 -0.010328 -0.004703 
0.015891 -0.024136 -0.004779 -0.007304 -0.001283 -0.002262 0.004444 -0.000846 
0.016665 -0.005678 0.001922 -0.014293 -0.000048 0.001590 -0.001197 0.007906 
0.042410 0.014073 -0.003595 -0.005981 0.012718 0.007019 -0.002085 0.002835 
0.011699 -0.005382 -0.009780 0.004977 -0.007233 0.002383 -0.005313 -0.000184 
0.056030 -0.005978 0.005081 -0.005620 -0.008996 0.007506 0.010191 -0.008629 
0.044415 0.016343 0.002632 0.003386 -0.005990 -0.001516 0.000680 0.005763 
0.020872 -0.003705 0.002129 -0.015219 -0.004068 -0.005741 0.005677 0.013856 
-0.039747 0.104174 0.007928 0.013560 0.016008 -0.010550 0.010266 0.004319 
0.027183 0.009866 0.002400 -0.010303 0.008807 0.015576 -0.003450 0.026927 
0.058376 -0.015697 0.005191 0.004289 0.003549 0.007366 0.020650 0.002567 
-0.145912 -0.005466 0.001569 -0.011474 -0.000172 0.003079 0.005104 0.008167 
0.013660 -0.004985 0.006953 0.011168 -0.003108 -0.007572 0.000834 0.016331 
-0.093550 0.012797 0.004988 -0.005136 -0.017973 -0.004662 -0.004009 -0.027869 
0.006439 -0.017260 0.004922 -0.010046 0.003093 0.000362 0.003965 -0.002508 
-0.053067 0.000959 -0.010065 -0.002556 -0.000895 -0.007938 0.008528 0.007672 
0.008615 -0.006976 0.003508 -0.009815 0.005047 0.002943 0.006057 0.007224 
0.016022 -0.007284 0.007451 0.010042 0.008405 -0.000690 0.004006 -0.005234 
-0.022023 0.015774 0.003567 -0.003152 -0.000398 -0.002708 0.006816 -0.006614 
0.085469 0.015619 -0.000549 -0.010546 0.004421 0.000080 -0.020696 0.000633 
-0.027158 0.004435 -0.008538 -0.001659 0.012061 0.009539 0.005671 -0.010209 
0.103715 -0.000929 -0.003898 -0.012127 -0.001128 0.012062 0.005772 0.006633 
-0.029576 -0.001639 0.011142 -0.010307 -0.000652 -0.005708 -0.004229 0.004941 
0.130318 0.003936 0.004719 -0.008909 -0.008384 0.008413 -0.008060 -0.011065 
-0.055460 -0.014037 0.008258 0.003705 -0.016671 -0.001098 -0.001518 0.000336 
0.162244 0.000225 -0.006611 0.014152 0.001908 -0.005635 0.005379 0.003905 
-0.031206 -0.031149 -0.009050 -0.002174 0.001451 0.006335 0.005590 -0.022542 
0.161344 -0.013636 0.006309 -0.002298 0.008015 0.000778 -0.008814 -0.003009 
-0.066232 -0.057375 0.015911 0.000801 -0.003498 -0.009335 0.002923 -0.006466 
0.274164 -0.029590 -0.017317 0.002649 -0.001860 0.000587 0.005819 0.003937 
0.009233 -0.006551 0.012095 0.009720 -0.002745 0.001268 -0.024545 -0.011567 
-0.030985 -0.006930 -0.003082 -0.003022 -0.013108 -0.008639 0.006226 0.006973 
0.016649 -0.001086 0.002252 0.001665 0.007509 0.002093 0.001414 0.022211 
-0.016411 -0.007516 -0.002580 0.010440 0.013219 0.006547 -0.001377 -0.007622 
-0.005636 -0.003296 -0.005594 -0.003469 0.000724 -0.003544 0.007911 -0.005702 
-0.018467 -0.000064 0.007492 -0.008429 -0.005144 0.000333 -0.012608 0.002740 
-0.000687 -0.002730 -0.002058 -0.012960 0.000821 0.017969 -0.009852 -0.000215 
0.001706 0.016846 0.004757 -0.017644 0.009128 0.002462 0.003822 0.017601 
0.003676 -0.006599 0.006676 0.001464 -0.016171 0.013336 -0.001506 -0.020285 
0.012554 0.013380 0.005419 -0.001542 -0.002357 -0.003453 -0.007586 -0.009613 
-0.006379 -0.004529 -0.002228 -0.000418 -0.007847 0.004811 0.013596 -0.002388 
0.018610 -0.003558 -0.004098 0.007974 -0.006910 -0.006838 0.001112 0.004759 
-0.009986 0.001336 -0.001980 -0.011356 -0.003906 -0.002571 -0.003726 0.021979 
0.010060 0.000183 -0.003651 0.011365 -0.009740 -0.000931 -0.000777 -0.001823 
-0.011681 0.000279 -0.001053 0.001207 0.003238 0.002284 -0.003097 -0.013563 
0.018005 -0.001989 0.008031 -0.005599 -0.000409 0.000535 -0.003630 -0.011596 
-0.015539 -0.000198 -0.009096 -0.003334 -0.009599 -0.001619 0.000807 0.012410 
0.003994 0.003894 -0.005878 -0.019255 -0.001644 0.003230 0.019214 0.006591 
-0.026273 -0.036545 0.007434 0.004446 -0.018581 0.035087 -0.006353 -0.005867 
0.074639 -0.004259 0.030425 -0.010223 -0.032617 0.021992 0.001568 0.003045 
0.015905 0.006156 -0.008100 -0.001304 0.008284 -0.016080 -0.004683 -0.004494 
-0.003657 0.009252 0.003133 0.007567 0.020775 0.005097 -0.003244 -0.000748 
0.019592 -0.007305 -0.005538 -0.003579 -0.002345 -0.005564 0.005866 -0.004486 
-0.014720 0.009251 -0.015808 -0.015869 0.013536 -0.006324 0.002849 0.002190 
0.006975 0.003539 0.012375 0.009444 0.002984 -0.002562 0.002298 0.005872 
0.000021 0.008871 -0.007022 0.011174 0.007290 -0.002650 0.002655 -0.000652 
0.001468 -0.007522 -0.001106 0.012589 -0.017403 -0.004668 -0.009444 0.006421 
0.005641 -0.002477 0.005402 0.019818 -0.007481 0.013914 -0.000298 0.010195 
-0.006493 -0.012037 -0.000160 -0.022066 -0.008127 0.016431 0.006280 0.000040 
0.014734 -0.005481 -0.001375 0.009911 -0.007038 0.002104 0.002654 -0.001757 
-0.015563 -0.009288 0.009959 0.008558 0.004137 -0.007048 -0.001560 0.014822 
0.009436 -0.017113 0.006789 -0.005328 -0.014522 0.005374 0.002248 -0.010348 
-0.027494 0.008620 -0.001173 0.006164 0.002149 -0.002277 -0.012612 -0.013167 
0.000577 0.002765 0.012769 -0.001980 0.014269 -0.007639 0.004342 0.014594 
-0.047790 -0.009426 0.007768 0.016318 -0.011356 0.006758 -0.007312 -0.012362 
0.013728 -0.003122 0.007728 0.001266 0.005018 0.009913 0.001359 0.007266 
-0.001031 0.020140 -0.000870 -0.010844 -0.012413 0.009108 0.005030 0.012406 
0.003615 -0.013829 -0.018320 -0.001244 -0.009233 0.022952 0.006411 -0.015036 
-0.012476 -0.002760 -0.024194 -0.020847 0.010457 -0.023765 -0.002117 0.005991 
0.103105 -0.006225 0.014982 -0.025815 0.009378 0.006237 0.003232 -0.031632 
0.024297 -0.014792 0.006181 0.000022 -0.011753 0.003631 -0.003898 -0.005565 
0.003314 -0.006005 -0.013502 -0.004219 -0.011818 -0.004813 -0.006788 -0.011904 
0.020321 -0.007310 0.003075 -0.006629 -0.001807 -0.010191 0.013983 -0.009891 
-0.014542 0.001910 0.000182 0.018354 0.001105 -0.013916 -0.001975 0.003008 
0.005886 -0.001583 0.002147 0.007768 0.003065 0.001242 0.005850 -0.003869 
-0.005048 0.000065 0.004130 -0.001633 0.012463 0.001000 0.001071 0.009235 
-0.005736 0.007720 -0.004055 -0.007327 0.000364 0.012510 -0.000187 0.007482 
-0.001911 -0.002010 0.007726 0.010861 -0.011209 -0.006626 -0.005960 -0.004126 
-0.017640 0.012156 0.006997 -0.007467 0.008600 -0.007152 -0.004728 -0.003231 
-0.000100 -0.003791 -0.007166 0.001966 0.005189 -0.013253 -0.000509 0.004571 
-0.029453 -0.001102 0.004288 0.014191 -0.001023 -0.000140 0.010597 0.007324 
0.030111 0.002969 0.002490 0.000380 -0.002771 0.002703 -0.007810 -0.003210 
-0.008403 0.002702 -0.008697 -0.002978 -0.006364 -0.003848 0.005518 -0.016592 
0.023426 0.016444 0.006225 0.009775 0.011424 0.001390 0.011443 0.000924 
-0.014987 0.017324 0.022167 -0.001807 -0.019239 -0.009706 -0.004975 -0.005658 
-0.001286 -0.000728 0.009594 -0.004817 -0.013808 -0.009193 -0.012558 0.011345 
-0.031802 -0.037287 0.001890 0.015979 0.007130 -0.003257 -0.004163 0.015153 
0.014748 -0.000181 -0.000187 0.020154 -0.006331 0.015020 0.011248 0.006014 
-0.043966 0.124892 0.007792 -0.006209 -0.006419 0.023353 0.011327 0.030904 
0.028417 -0.021957 0.028946 0.005901 0.011206 -0.038060 0.006011 -0.012089 
0.031287 -0.004581 0.008068 0.000388 0.001657 0.000600 0.013679 0.003503 
-0.019659 0.014709 0.014419 0.000223 -0.008451 -0.002664 -0.007376 0.004012 
0.001976 -0.021793 -0.005026 -0.003455 -0.008971 -0.014898 0.001784 -0.006313 
-0.004482 0.005960 0.005465 -0.014769 0.013275 0.013741 0.000993 -0.008061 
-0.001418 -0.008570 -0.021265 -0.005271 0.012859 0.010015 -0.006621 0.001252 
-0.013678 0.008032 0.006724 0.000421 0.005070 0.002517 -0.011443 -0.005154 
0.000421 -0.010074 -0.014924 0.008320 -0.009847 0.003608 -0.002524 -0.004383 
-0.004137 -0.008876 -0.010566 -0.011209 -0.008478 -0.002527 0.008375 0.000727 
-0.012760 0.014833 -0.000544 -0.001527 0.008531 0.002359 0.011515 0.009207 
0.026838 0.019514 0.004128 0.006916 0.012469 -0.004198 0.001696 -0.001871 
-0.005319 0.003202 0.005184 -0.007556 -0.014736 0.001525 -0.009834 -0.008587 
-0.019537 -0.004007 0.011119 0.011239 -0.007826 0.010437 0.007733 -0.012140 
-0.008992 0.003056 -0.000683 0.017020 0.007864 0.003529 0.007879 -0.016533 
-0.012932 0.002949 0.000567 -0.001770 0.001162 0.003100 0.016089 0.004320 
-0.029253 0.012058 -0.006289 0.023243 0.016876 0.003107 -0.017114 -0.011080 
0.017605 -0.006277 0.007727 0.001907 -0.016467 0.021379 -0.002581 0.006661 
0.027802 0.044253 -0.005892 -0.002038 0.002704 -0.024300 0.031723 0.004887 
0.005058 0.003771 -0.005081 -0.001664 -0.004085 -0.008145 0.002143 0.014765 
-0.048339 0.006784 -0.033199 -0.032568 0.044814 -0.036480 0.021059 -0.024295 
-0.076169 -0.034181 -0.007272 0.014055 0.007276 -0.003001 0.017080 -0.019822 
0.021097 0.002507 -0.006494 0.002381 -0.000415 -0.009620 0.010293 0.010946 
-0.014816 -0.007304 0.014915 -0.007441 -0.007031 -0.001356 -0.001214 -0.003511 
0.021365 -0.002161 -0.006195 0.000764 0.004278 0.007105 -0.012146 -0.009242 
-0.016791 0.012111 0.001638 -0.004410 0.000458 0.000978 -0.004508 0.012954 
0.001318 0.020491 -0.013649 0.015551 -0.015486 0.005869 0.004940 -0.007203 
0.000614 0.006301 -0.000828 0.002569 0.002198 0.003236 0.003260 -0.003512 
-0.002543 -0.003937 -0.015991 0.000194 0.000868 0.009504 0.010676 0.003830 
-0.005662 0.014867 0.005069 0.001190 -0.001239 -0.015449 0.003176 0.004513 
-0.011413 0.005329 -0.003579 -0.004794 0.006325 0.015327 0.000823 0.005723 
0.010094 -0.005966 -0.011040 -0.000164 0.002371 0.003721 0.006925 0.007661 
-0.033694 -0.004806 -0.001383 -0.001935 0.008401 -0.000819 -0.000865 -0.015256 
0.004029 -0.007703 0.002214 0.005989 0.004701 0.008776 0.001688 0.011229 
-0.015566 -0.012160 0.010270 -0.000994 0.012277 -0.006650 -0.003063 -0.003671 
0.009762 0.003436 -0.010402 -0.003450 0.010121 0.001981 -0.014340 0.009226 
-0.022999 -0.016987 -0.017546 0.014887 -0.003788 0.006396 0.005692 -0.003793 
0.016167 -0.014359 -0.001955 0.011474 -0.016593 0.012447 0.004253 -0.012590 
-0.015752 -0.003530 0.000622 -0.002797 0.018797 0.009611 0.006192 0.003795 
0.002345 0.002001 -0.002209 0.004058 0.001896 0.003383 0.009557 -0.015638 
0.032906 0.022374 -0.002141 0.011252 -0.015606 -0.002110 0.006137 0.019475 
0.018291 -0.012907 0.015810 0.033619 0.037448 -0.028782 0.021310 0.010303 
0.014295 -0.009752 -0.007062 0.010709 -0.018853 -0.017581 0.017325 -0.015846 
-0.003915 0.002708 -0.002883 -0.010547 0.012170 0.012894 0.000791 -0.000109 
0.010428 -0.007181 -0.025201 0.007084 -0.008068 0.002590 -0.005376 0.010507 
-0.002975 -0.006680 0.009728 -0.004351 0.002774 -0.010820 -0.009998 0.006854 
0.027766 0.011594 0.006066 0.003693 0.004786 -0.000639 0.008855 -0.008966 
-0.005979 -0.001202 0.006360 0.012314 0.006191 -0.003599 -0.001318 0.002169 
-0.009481 0.010387 -0.001772 0.003126 -0.004908 -0.002200 -0.007513 0.013173 
0.010333 0.001070 -0.005906 0.003038 0.014243 -0.009471 -0.001439 0.001393 
-0.024897 -0.003342 -0.000437 -0.005026 -0.001518 0.001481 -0.006580 -0.002460 
0.017761 -0.005815 0.000377 0.012178 0.015116 0.003521 -0.002270 -0.012493 
-0.010532 0.001295 -0.018638 -0.006591 -0.001017 -0.004835 0.005478 0.008562 
0.003628 0.009826 0.001976 -0.010184 0.009313 0.004386 0.009640 0.002370 
-0.016441 -0.002135 -0.011417 -0.001481 -0.004203 0.001673 -0.002548 0.004745 
-0.023527 -0.003069 0.007594 -0.008858 -0.011290 0.002265 0.010171 0.002043 
0.002082 0.028557 -0.005987 -0.005581 -0.005541 0.008559 0.001118 0.000932 
-0.003096 -0.010655 0.014040 -0.001450 0.020187 0.009958 0.011166 -0.000625 
0.016142 0.005920 -0.009022 -0.000756 0.011017 -0.006732 -0.011452 0.009680 
0.010904 0.004280 0.009070 -0.011675 -0.018808 0.000238 -0.000813 0.001152 
0.001252 -0.031070 0.011675 -0.020514 -0.011847 0.008040 -0.031572 0.015679 
0.081885 0.012728 -0.025431 0.023699 0.028871 -0.008220 0.025927 0.026507 
0.010050 0.008865 -0.002636 -0.016991 0.016716 0.006950 0.009018 -0.005856 
0.000302 -0.002165 -0.000192 0.013304 -0.013372 0.004345 -0.001887 0.005748 
0.006984 -0.000854 0.004282 0.011493 -0.005718 0.002045 0.006931 0.009473 
-0.001901 0.006627 0.018069 -0.001206 -0.014393 0.000049 -0.002006 0.003111 
-0.001529 0.000864 -0.007767 -0.010630 0.002437 -0.012436 0.004156 -0.000665 
-0.006098 0.009163 0.006167 0.013069 -0.017413 0.002408 0.014571 0.002600 
0.009136 0.000126 -0.014070 0.018151 -0.013269 -0.019894 0.005984 -0.005417 
-0.005201 0.010915 -0.000162 0.008087 0.011236 0.005957 0.004417 0.003841 
0.008247 -0.009471 -0.000801 0.008582 0.000572 0.005677 -0.005645 -0.005649 
0.012515 -0.009215 0.006608 -0.002846 -0.003131 0.004711 -0.010523 -0.013104 
-0.017238 0.003143 -0.003122 0.000600 0.003892 -0.005705 -0.003059 -0.002837 
0.003976 -0.006292 0.009584 0.006641 0.006436 -0.001285 -0.004480 0.008380 
-0.009846 0.007014 -0.000001 -0.005408 0.002804 -0.002315 -0.005730 0.002515 
0.010494 0.011529 0.001871 -0.002801 -0.007196 0.008437 0.001807 0.004698 
-0.019250 -0.008534 -0.021989 0.011650 -0.011763 0.010296 -0.013717 -0.015111 
0.004339 -0.005921 0.004856 -0.004555 -0.009823 -0.009857 -0.021315 0.010208 
-0.021520 -0.027060 0.011154 -0.004999 0.014481 -0.016126 -0.036458 -0.013067 
0.020208 -0.017358 0.005776 -0.013216 0.002520 0.001543 -0.004505 -0.020836 
-0.027471 0.017612 0.010118 0.005444 0.005376 -0.015865 0.003359 -0.021060 
-0.064841 0.007241 0.023283 -0.007021 0.025423 -0.002541 0.001797 -0.017163 
0.000682 -0.000869 0.010290 0.011228 -0.011573 0.006138 0.005324 -0.005622 
-0.008432 -0.008093 -0.004023 0.001059 0.001130 0.015077 -0.001867 -0.003422 
0.010088 -0.019398 -0.010777 0.016600 0.013352 -0.011401 -0.004449 0.007638 
0.001266 0.002343 0.000596 -0.005430 -0.012746 0.003162 -0.008992 -0.007933 
0.004243 0.006429 0.002731 0.005848 0.002059 -0.000766 0.001266 0.000518 
-0.008587 0.006899 0.001370 0.004338 -0.006898 0.006520 0.004017 0.004292 
-0.009944 -0.000822 0.006784 0.001768 -0.005899 -0.023613 -0.012453 -0.009851 
0.017464 -0.005680 0.000095 0.005228 -0.014679 0.009925 0.000999 0.005647 
0.004255 -0.001731 0.005633 0.007506 -0.013369 0.004586 -0.005536 0.007007 
0.011189 -0.003991 -0.007001 0.009103 0.005665 0.004248 -0.001669 0.005810 
-0.027434 0.018710 0.013171 0.011319 0.002597 0.005011 -0.009469 0.011013 
0.011435 -0.007350 0.002384 0.002325 0.000801 0.009206 0.000385 0.012806 
-0.005922 0.000760 0.000561 -0.019552 0.000630 0.001986 0.005706 0.003939 
-0.005238 -0.006659 -0.000419 0.000468 -0.002173 0.010376 0.005973 0.009748 
0.003128 -0.002032 -0.010104 -0.010980 0.005998 0.009233 -0.004295 -0.009110 
0.003959 -0.000635 0.011907 0.005178 -0.001630 -0.006727 -0.007035 -0.001963 
0.007201 -0.022564 0.009990 -0.006741 -0.012823 -0.000010 -0.001981 -0.019799 
-0.000887 0.001432 -0.009932 -0.004728 -0.008377 0.009776 0.019854 -0.015568 
-0.031652 0.088506 0.017502 -0.001776 0.018973 0.019443 -0.010215 0.026304 
0.060662 0.018887 0.011831 -0.021593 0.001094 0.000283 0.010066 -0.008070 
0.003027 0.007357 -0.007233 -0.001880 -0.007926 -0.002667 -0.003202 -0.002541 
0.001933 -0.008115 0.004238 -0.009301 0.008856 -0.001452 -0.007884 0.000105 
0.001771 -0.007238 0.000931 -0.002506 0.012150 -0.008100 -0.006157 0.005610 
-0.005973 -0.003978 0.014527 -0.011048 -0.002674 -0.000244 0.013928 0.004753 
-0.010938 -0.004191 0.007965 -0.009597 0.012247 -0.002595 -0.004848 0.000394 
-0.002037 0.003344 -0.003801 -0.014696 0.003149 0.010348 -0.007586 0.001855 
0.010073 0.011907 0.004499 0.010975 0.004143 -0.016362 -0.000366 -0.011946 
0.005364 0.001391 0.002919 0.000705 0.004333 0.000749 -0.001724 -0.005266 
0.011513 0.007758 0.002501 -0.014512 -0.002317 0.006653 -0.010303 -0.010475 
0.002233 0.004414 0.008788 -0.005514 -0.013316 -0.009501 -0.014222 -0.009064 
-0.013557 0.001493 0.004311 0.006646 -0.005017 -0.002181 0.000748 -0.004037 
0.016043 0.006712 -0.008782 0.009099 -0.004564 0.012327 0.003632 0.005623 
0.022790 0.001435 0.011388 -0.006026 0.006976 -0.012942 -0.000660 -0.005875 
0.032682 0.005695 -0.000080 0.010106 0.008291 0.016501 0.005510 0.007703 
-0.008836 0.001750 -0.006170 -0.000745 0.015309 -0.014454 0.013194 0.012567 
0.006457 0.010253 0.002677 -0.008251 0.012376 -0.000980 0.018118 -0.004428 
-0.013303 0.020723 0.014387 -0.021929 -0.008636 0.003980 -0.016923 -0.009690 
0.000819 0.021516 0.006574 -0.002575 -0.018504 0.010114 0.012362 0.012910 
0.008585 0.048391 -0.016501 0.010547 -0.000474 0.012284 0.031941 0.003789 
0.056283 0.010104 0.002847 0.011937 -0.033676 -0.041683 0.004317 -0.003335 
0.007292 0.006489 0.005390 -0.001873 0.002113 0.001050 0.005206 -0.012369 
-0.016316 -0.006591 -0.000705 0.017729 -0.004874 0.008729 -0.003959 0.028865 
-0.004035 -0.012927 0.002208 0.004173 -0.002824 -0.002059 -0.000483 -0.002030 
-0.016665 0.002197 -0.003416 -0.008262 0.008439 -0.011869 0.004824 -0.002000 
0.001737 0.004846 0.001275 -0.010326 0.000728 -0.014974 -0.002041 -0.006869 
-0.006418 0.011296 0.004605 0.001232 0.002529 0.012537 -0.009466 -0.008515 
0.002207 -0.009946 -0.006676 -0.011900 -0.016299 0.008517 -0.018368 -0.006177 
0.011850 -0.008030 -0.004399 -0.006779 0.001006 -0.007360 -0.007517 -0.005038 
-0.007924 -0.008283 0.018147 -0.001131 -0.002737 0.008244 0.012279 -0.002856 
-0.003912 0.003317 0.014519 0.001801 -0.008551 -0.007843 -0.006370 0.009837 
0.003795 0.009868 -0.001019 -0.019570 0.016984 0.000808 0.000064 0.001723 
-0.005529 -0.009574 0.008637 0.002422 -0.005109 0.000288 0.001587 0.001405 
-0.004197 -0.006740 0.004844 -0.004435 0.010067 -0.008969 -0.006378 -0.003215 
0.006251 0.004998 -0.002735 0.007578 -0.005567 0.010122 -0.014269 -0.027679 
-0.001751 -0.015214 -0.005685 -0.003836 -0.001651 -0.013621 -0.004311 -0.001936 
-0.012375 0.004553 -0.019432 0.011083 0.001885 0.007022 0.004479 -0.003288 
-0.024542 0.033343 0.010224 -0.002496 -0.003471 0.003338 -0.012445 -0.003175 
0.026325 0.010977 0.001366 0.011892 -0.011323 0.013673 0.010765 -0.021727 
0.020638 0.079543 -0.022017 -0.008510 0.007884 0.009985 -0.041147 0.012115 
-0.021851 0.001606 0.013426 -0.015322 0.004939 0.029103 0.005532 0.015289 
0.003968 -0.017054 -0.000394 0.004518 0.002194 -0.011045 -0.000431 0.009547 
-0.010814 0.000661 0.005867 0.004328 -0.008070 0.006844 -0.008315 0.006064 
-0.002455 -0.010395 -0.010945 -0.003105 0.000566 -0.002571 0.002842 0.005703 
-0.002478 0.000626 -0.002803 -0.012572 0.008226 0.008654 -0.007142 -0.001623 
0.003327 0.005674 -0.000489 -0.016732 0.010133 0.004316 0.005346 -0.006540 
0.003526 0.004701 0.013117 0.003771 0.012569 0.006534 0.005068 0.005033 
-0.001394 -0.012532 0.004582 -0.000691 0.010037 0.003702 0.002273 0.015465 
-0.005014 0.004008 -0.012536 0.000152 0.004409 -0.000345 -0.004027 -0.015867 
-0.017044 -0.015703 -0.003702 0.010635 0.014497 -0.000901 0.000300 0.006390 
0.009688 -0.001426 0.002568 0.002913 -0.006673 0.006779 0.000978 0.003231 
0.000728 0.011591 -0.002918 0.010272 0.000332 0.006478 -0.008224 -0.008219 
-0.002851 0.006701 -0.010351 0.004437 -0.012771 -0.018132 -0.000301 -0.000233 
0.004013 0.004325 0.001373 -0.006180 0.007549 -0.014913 -0.000065 0.007062 
0.020284 -0.011640 0.001118 -0.001699 -0.014362 0.009001 -0.010865 0.006567 
-0.004562 0.011059 -0.019402 0.017387 -0.001631 -0.008966 -0.003252 -0.011935 
0.016500 -0.017348 -0.010866 -0.005784 0.027783 0.011433 0.016669 0.010490 
-0.010329 -0.005299 0.008485 0.012403 0.001371 0.014399 0.006298 0.005638 
0.002594 -0.001002 0.000471 0.005568 0.001078 0.012312 -0.017105 0.010040 
-0.047084 0.020485 -0.013273 -0.005450 -0.006551 -0.024002 0.015289 0.023321 
0.009556 0.010346 -0.014491 0.034107 -0.006883 0.020958 -0.010887 -0.027515 
-0.000350 -0.001858 -0.007040 -0.008426 -0.001654 0.005384 -0.003932 0.005076 
-0.025648 -0.012180 -0.015857 0.000328 0.007850 -0.001538 0.005945 -0.002827 
0.007945 0.012425 -0.003697 0.009852 -0.005246 -0.008864 -0.003658 0.004648 
-0.014632 -0.021892 0.002394 0.003364 0.015403 -0.000132 0.003620 0.001522 
-0.002786 0.001130 -0.010861 0.002609 -0.004127 0.000381 0.008486 -0.009269 
-0.014979 0.001760 -0.013241 0.011191 -0.002678 0.001058 -0.002558 0.002269 
-0.006660 -0.000431 -0.000012 -0.005464 -0.005466 -0.003633 -0.001682 0.013797 
0.007448 -0.006490 -0.015329 -0.003693 0.005798 -0.000235 -0.004135 0.009548 
0.007882 0.001256 -0.004208 -0.001702 -0.001207 0.000686 -0.007298 -0.000268 
0.011745 0.008719 0.007001 0.007758 0.006606 0.003457 -0.007040 -0.010229 
0.003488 0.000666 -0.008818 0.003071 -0.000758 0.000877 -0.001601 0.014485 
0.010067 -0.014480 -0.007129 -0.013033 0.007501 0.014354 -0.005735 -0.004733 
0.005974 0.003357 0.012280 -0.025275 -0.001912 -0.009816 0.005912 0.007132 
0.025489 -0.018002 -0.006488 -0.001663 0.005186 0.018072 -0.007280 -0.015645 
0.003250 0.008732 -0.010867 -0.002071 -0.026173 -0.002550 0.003762 -0.003928 
0.009989 -0.001491 -0.009476 -0.005494 -0.013671 -0.000221 -0.001097 0.011715 
0.026995 0.011444 0.008758 -0.007203 0.001312 0.000570 0.013080 -0.000220 
0.019184 -0.021452 -0.016333 -0.004683 -0.009400 0.016163 0.001599 0.021549 
0.006069 0.126993 -0.008650 0.042016 0.005117 -0.012829 -0.009705 0.011865 
0.008053 0.035564 0.024080 0.000404 0.018088 0.005970 -0.005268 0.029858 
-0.020122 -0.019469 -0.009033 0.000237 -0.009944 -0.005656 0.004945 -0.002860 
-0.049029 -0.003730 0.004767 -0.011378 -0.001829 0.014151 0.003136 0.001008 
-0.012421 -0.001992 -0.009568 -0.004336 -0.027969 -0.002336 0.000945 0.006332 
-0.020906 0.000908 -0.008144 -0.004339 0.013722 -0.011980 -0.010428 0.004053 
0.002819 -0.002603 0.001947 -0.006098 0.006286 -0.001874 0.004312 -0.000039 
-0.014272 -0.000510 0.004578 -0.010706 0.004779 0.014354 0.003773 -0.018452 
0.003894 -0.006851 -0.002026 0.012718 -0.012018 0.002352 -0.004386 0.002284 
0.007966 0.003281 -0.001960 -0.012948 -0.002510 -0.008367 0.000788 0.001524 
0.006833 0.020585 0.009015 0.010205 -0.016813 -0.023395 -0.006523 -0.012126 
0.015160 -0.002821 -0.019944 -0.009172 0.007932 0.000810 -0.004211 0.011497 
0.011285 0.009606 0.008756 -0.011872 0.001646 -0.001223 -0.010176 0.010568 
0.023028 0.002612 -0.005286 -0.007325 0.006720 0.015544 -0.000825 -0.004129 
0.043760 -0.002819 0.005725 0.009747 -0.014242 -0.006970 -0.009691 0.010017 
0.025368 0.009451 0.003910 -0.019924 -0.005430 0.019315 -0.006680 0.002964 
0.014374 0.015791 0.002173 0.020722 -0.010281 0.007491 -0.014247 0.007586 
0.067270 -0.023682 -0.007182 -0.012805 0.002997 0.016900 0.004414 0.013154 
0.037127 -0.002973 -0.014370 -0.006929 -0.005674 -0.001548 -0.006224 0.004566 
0.043368 0.000920 0.011917 -0.034085 0.004447 -0.012274 -0.007400 0.018878 
0.085706 0.039263 0.003553 0.005442 -0.013354 0.002230 0.012034 0.005104 
0.085580 -0.022564 0.010479 -0.021896 0.008805 0.032386 0.010021 -0.002308 
-0.013065 -0.000960 -0.000400 0.001267 -0.007104 -0.005013 -0.004273 -0.004959 
-0.048916 -0.007734 -0.004766 -0.005285 -0.001895 -0.010713 0.000722 0.007794 
-0.013086 0.011708 0.010607 -0.005761 -0.007553 0.001350 0.007886 -0.007874 
-0.021143 -0.020438 0.013989 -0.002511 -0.001537 0.014499 -0.011397 0.005805 
-0.007589 -0.002326 0.004684 0.002309 -0.015042 -0.011016 -0.000043 0.007701 
-0.018535 0.001885 0.016299 -0.005746 -0.001434 0.008685 0.002925 0.002303 
-0.000507 -0.006803 -0.008062 0.002189 -0.000427 0.002768 0.012331 0.010542 
0.000098 -0.003035 0.000901 -0.001741 0.007075 0.008024 -0.013030 -0.008433 
0.014679 0.013998 -0.009410 0.001070 -0.015445 -0.004819 0.006531 0.001794 
0.047182 0.005469 0.016034 -0.015333 0.012437 0.003765 0.009127 0.008346 
0.017027 -0.006861 0.009723 0.002725 -0.011669 0.012155 -0.011570 -0.011107 
0.030654 0.002430 0.004381 -0.006774 0.020338 -0.003577 -0.002620 0.005352 
-0.008986 -0.007751 0.002737 -0.010186 -0.027246 0.008120 -0.005649 0.009432 
0.058100 0.020245 0.026674 -0.006783 0.024724 0.025566 0.004211 -0.008490 
0.043264 0.014082 0.008486 0.009561 -0.028578 0.013993 -0.000631 0.014813 
0.081288 0.007603 0.020241 -0.021815 0.014970 0.004648 0.005684 -0.017888 
0.066268 0.024587 -0.005928 0.016871 -0.010972 0.018461 -0.001531 -0.003957 
0.042176 -0.004077 0.061923 -0.009123 0.015677 0.014943 -0.004060 -0.011454 
-0.056321 -0.027470 0.024627 0.001285 -0.000857 0.015231 0.014102 0.001820 
0.055010 -0.004804 0.019777 0.010332 0.016969 0.033923 0.026634 -0.028398 
0.007060 0.031658 0.023659 -0.011568 0.020724 0.032780 0.024892 0.010043 
-0.021101 -0.059636 0.004506 -0.014447 0.032721 0.023892 0.002927 0.002095 
0.013678 -0.006955 0.012023 0.016766 -0.004897 -0.018363 0.020472 0.010724 
-0.001336 -0.040906 -0.013298 -0.009195 0.026969 0.023209 0.009358 -0.008980 
0.008619 0.004421 0.002748 -0.020278 -0.008465 0.013521 0.011748 0.003229 
0.021809 -0.047306 0.020100 0.003638 0.039623 0.042554 -0.014945 -0.018202 
0.014013 -0.015813 0.031266 -0.014650 0.015442 -0.015876 0.030866 0.029997 
0.044674 -0.040742 0.029865 0.004580 0.049106 0.036514 0.023566 -0.002092 
0.006627 -0.016495 -0.013270 0.007230 0.005826 -0.019023 0.035750 0.014059 
0.067866 -0.055859 0.029012 0.002688 0.033288 0.040511 -0.008585 0.003199 
0.017274 -0.027942 0.004353 -0.004747 -0.000409 0.000417 0.007640 0.018037 
0.056035 -0.033540 0.045754 0.004979 0.041333 0.030253 -0.029527 0.016209 
0.015561 -0.027894 0.040884 -0.039966 -0.004927 0.005559 0.000786 0.025973 
0.091459 -0.022685 0.038736 -0.011668 0.032022 0.039320 0.034480 -0.000299 
0.025148 -0.052425 -0.012647 -0.032679 0.018894 0.007460 0.019433 -0.002067 
0.090671 -0.069274 0.039026 -0.008218 0.051271 0.003662 -0.005968 0.003461 
0.046562 -0.002995 -0.014509 -0.027970 0.043340 -0.001085 0.013857 0.020510 
0.090169 -0.045548 0.042540 -0.018624 0.078293 0.026549 -0.019192 -0.007734 
0.001685 -0.003305 -0.032830 -0.066234 0.051552 -0.075029 0.021307 0.025431 
0.095514 -0.048013 0.025063 -0.030318 0.048190 0.057188 0.025764 0.047236 
-0.018634 -0.004731 0.001695 0.016401 0.016132 -0.010037 0.001875 0.000804 
0.020569 -0.007588 -0.006982 -0.002261 0.004185 0.004073 0.003435 0.001570 
-0.036472 0.012711 -0.003533 0.009879 0.018490 -0.001668 -0.006116 0.010233 
0.009753 0.014505 0.002378 -0.009637 0.003295 0.003216 -0.005587 0.012601 
-0.003684 0.004428 0.005283 -0.002339 0.001374 0.005797 -0.009912 0.003612 
0.002050 0.001598 -0.009539 0.001969 -0.000028 -0.000545 -0.005175 -0.002970 
0.004443 0.003569 0.010823 -0.003286 0.014187 0.007513 -0.000702 -0.003819 
0.010325 0.022119 -0.004239 -0.006446 -0.004998 0.001270 -0.004328 -0.002197 
0.005935 0.003092 0.005151 -0.003229 -0.010212 -0.016421 0.008263 -0.011711 
-0.007762 0.002676 0.007964 0.013039 0.011391 -0.000579 -0.003712 -0.004823 
0.036512 0.009164 -0.009728 -0.002614 -0.014432 0.003547 -0.009517 0.000397 
0.005119 0.009959 -0.005062 -0.005169 0.001657 0.003024 0.007832 0.004184 
0.040815 -0.004366 0.009132 -0.007488 0.003557 0.010305 0.001698 -0.012132 
0.003088 0.006823 -0.003396 0.010747 -0.014900 0.007431 0.003837 -0.003415 
0.055358 0.019958 0.003063 -0.013756 -0.020407 -0.013879 -0.002039 -0.006881 
-0.021605 -0.014328 -0.000063 -0.008602 0.020164 -0.003259 0.014919 -0.005264 
0.032578 -0.001777 0.002489 -0.000018 -0.005110 -0.006330 0.013068 0.009428 
0.018429 0.004355 0.007038 0.002546 -0.002817 0.002748 0.003627 0.002276 
-0.114900 -0.039294 0.017425 -0.019467 0.001075 0.002439 -0.005649 -0.001057 
-0.081561 0.006496 -0.006219 0.011122 0.000897 -0.003067 -0.004787 0.009485 
-0.017526 0.000362 -0.022170 -0.017327 -0.004850 0.007033 0.010763 0.008451 
0.007232 0.005013 -0.000745 -0.008283 0.004218 0.000379 0.004102 0.005251 
-0.014012 0.009758 -0.005034 -0.014226 0.011763 -0.009218 0.022809 -0.000588 
-0.021555 0.015486 0.012501 0.005031 -0.013070 0.008803 0.011270 -0.008525 
-0.014245 0.002430 0.006672 0.000660 0.009469 -0.001017 -0.003076 -0.003809 
0.013345 0.012759 0.001174 -0.000672 -0.010331 -0.001477 -0.011901 0.000432 
0.019149 0.007901 0.000351 -0.008064 -0.004307 0.006700 0.022867 -0.004202 
-0.013855 0.005611 -0.011518 0.005244 0.004116 0.005677 0.011017 0.004353 
0.014935 -0.007595 0.011327 -0.009701 0.003017 -0.000532 0.009374 0.012274 
-0.001357 0.004760 0.000604 -0.003310 0.004985 0.000619 -0.003991 0.005698 
-0.013937 -0.000889 0.016184 -0.014065 -0.002745 0.015357 0.014720 -0.010893 
0.010480 0.001042 -0.014531 0.010727 0.002739 -0.020532 0.003330 0.013263 
-0.007327 -0.003659 0.003106 -0.002257 0.005558 -0.001801 0.020487 -0.008860 
0.014276 0.003511 0.003230 0.013822 -0.000245 0.009842 -0.005625 -0.008508 
0.023714 0.009339 -0.004674 -0.016772 0.018481 -0.005683 -0.022119 0.007200 
0.001537 0.019174 -0.001986 -0.002737 -0.018330 0.008717 -0.005867 -0.000729 
-0.017415 -0.015657 0.005304 0.024102 0.022579 -0.001892 0.003145 -0.021910 
0.004013 0.009043 0.002781 0.005094 0.014440 0.010469 -0.027885 -0.000148 
-0.027733 -0.024748 0.006906 0.007832 0.032878 0.008787 0.010849 0.009844 
-0.028380 0.023745 0.001181 0.034148 0.020491 -0.014045 0.000575 0.004524 
-0.020005 -0.008860 0.003029 0.004938 0.013145 -0.013031 0.015519 -0.006169 
0.020238 -0.011368 -0.004037 -0.003392 0.015225 -0.012582 -0.011256 -0.001433 
-0.035365 0.015406 -0.008394 0.003359 0.010069 0.000494 -0.021085 0.004785 
0.006316 0.017223 0.003743 -0.009282 -0.017489 0.001149 0.012402 0.012028 
-0.005598 0.001538 -0.002194 0.003330 0.004566 -0.007482 -0.002722 -0.002852 
0.005420 -0.001746 -0.009395 -0.002216 0.007110 0.004580 0.003097 0.003492 
0.006533 0.006329 0.012330 -0.001772 0.007841 0.005991 -0.008305 0.001608 
0.006755 0.021110 -0.001218 -0.009900 -0.005628 -0.012161 -0.009938 0.004427 
0.005980 0.004237 0.012594 0.005182 -0.010846 -0.010537 0.007068 0.004561 
-0.003722 0.002568 0.011259 0.008758 0.013507 0.003106 -0.004533 -0.005625 
0.037806 0.010147 -0.008563 0.005964 -0.011570 0.005213 -0.008551 0.003862 
0.007211 0.010886 -0.008968 -0.000806 -0.003309 0.005725 -0.001218 0.000858 
0.042732 -0.006063 0.007905 -0.013928 -0.005258 0.011737 0.008841 -0.004966 
0.005353 0.011282 0.000836 -0.000080 -0.002434 0.000615 0.014352 -0.003420 
0.058977 0.019179 0.000944 -0.014383 -0.019838 -0.009819 -0.015108 -0.002939 
-0.018997 -0.017535 0.012077 -0.009853 0.010986 0.003261 0.015382 -0.005588 
0.029516 -0.006605 -0.000301 -0.000404 -0.001642 -0.011264 0.011704 0.007374 
0.019834 0.007565 0.007461 -0.003252 -0.003217 -0.001932 0.011200 0.003283 
-0.116430 -0.040108 0.022133 -0.015507 0.001637 0.000820 -0.002947 -0.004608 
-0.085124 0.007943 -0.007626 0.011303 0.000833 -0.000803 -0.009640 0.011953 
0.021286 0.011589 -0.003132 0.009135 -0.013704 0.014207 0.002625 -0.008817 
0.004199 -0.012653 0.007981 0.003878 0.007836 0.013843 -0.003175 -0.004680 
0.005174 0.003786 0.007821 -0.012110 -0.012900 -0.001117 0.027296 -0.003313 
0.002829 -0.017494 0.011889 0.004667 -0.013171 -0.007096 0.000539 -0.008747 
0.005865 0.007903 0.001927 -0.003456 -0.005571 0.001763 0.019111 -0.004039 
-0.012005 0.008692 0.010560 -0.001481 0.004442 0.004511 0.001223 0.006267 
0.003631 -0.002233 -0.006612 -0.023148 -0.017763 0.014834 -0.009464 -0.010713 
0.002406 -0.008733 0.006547 0.000166 -0.000209 0.004225 -0.004432 0.000995 
-0.000818 -0.003245 -0.011369 0.010527 -0.002896 0.004409 0.003193 0.017247 
-0.006977 -0.012940 -0.004093 -0.001284 -0.003335 -0.013799 -0.004910 0.003761 
-0.009036 -0.004847 -0.000241 0.000063 0.010887 -0.003322 0.004765 -0.005606 
0.017896 0.016203 0.001299 -0.013787 -0.014256 -0.011196 0.005208 0.014885 
-0.029097 0.011869 0.000818 0.013844 -0.001869 -0.013885 -0.009061 0.009577 
-0.001256 0.010782 -0.001899 0.006593 0.022111 -0.027953 0.001760 0.000218 
-0.018668 0.002617 0.010868 0.002391 -0.006955 -0.028914 -0.000433 0.016514 
-0.001167 -0.010406 -0.012354 0.008543 0.002697 -0.053718 0.001264 -0.002799 
-0.017794 0.012853 -0.008125 -0.006378 -0.001206 -0.032678 0.023463 -0.000758 
-0.033244 0.002423 0.005787 -0.006111 0.010013 -0.037788 0.002037 -0.001234 
0.011664 -0.011066 -0.030410 0.005874 -0.014765 -0.044924 -0.025338 -0.026581 
-0.096430 -0.013455 0.013604 -0.010734 0.031275 -0.028504 0.035390 0.002711 
0.007523 -0.001130 0.010764 -0.011039 0.003783 0.004576 0.000651 -0.007663 
0.016553 -0.005613 0.003013 -0.002604 0.005894 0.009690 -0.005151 -0.003714 
0.010264 -0.025319 0.008253 0.000576 -0.010055 0.009654 -0.002102 0.007553 
0.002161 0.019929 0.005159 -0.005533 -0.005636 0.016069 0.009626 -0.007654 
0.002723 -0.008350 0.008333 -0.012095 0.011172 -0.002028 0.003539 0.001935 
0.008191 -0.015036 0.007043 0.005245 0.002519 0.004844 -0.005866 -0.000502 
-0.002322 -0.000095 0.010244 -0.004338 -0.000198 -0.006320 -0.000789 -0.009105 
-0.002521 0.005336 -0.007404 0.016118 -0.001102 -0.007170 -0.000450 -0.009870 
0.012534 0.004667 -0.001289 -0.005807 0.003139 -0.004291 -0.006341 -0.018427 
0.007170 -0.002314 0.001133 0.002393 0.003588 -0.011283 0.006408 0.009323 
-0.005992 0.008958 0.003249 -0.001925 -0.011788 0.000176 -0.002376 0.009393 
0.001612 -0.006869 -0.000476 -0.003660 -0.013647 0.004489 0.010704 -0.007235 
0.000788 -0.004018 0.001486 0.004564 0.003550 0.004738 -0.008602 -0.004686 
-0.000515 0.012606 -0.003982 -0.004433 0.016983 -0.016910 -0.006090 0.004069 
-0.013724 -0.003582 0.012669 -0.000598 -0.011443 0.005829 -0.015592 0.012337 
-0.020987 0.005287 0.002365 0.000203 -0.007040 -0.016001 0.005212 0.002274 
0.008218 0.011681 0.018353 -0.011452 0.001015 -0.006951 -0.005113 0.011010 
-0.017009 -0.002730 -0.008877 0.004490 0.002003 -0.010622 0.007660 0.001912 
0.056166 0.003960 0.006040 0.008840 0.004667 -0.014868 -0.021459 0.003277 
0.012217 -0.001924 -0.007422 -0.008312 0.003371 -0.005472 -0.006838 -0.001948 
-0.035792 -0.001741 -0.002367 0.004789 0.001635 0.005273 0.002451 -0.002787 
0.043659 -0.003307 -0.004577 -0.001667 -0.003864 0.011876 0.003549 -0.001753 
-0.041028 -0.001663 0.001831 0.019369 -0.000919 -0.009950 0.006162 0.001398 
0.029555 -0.002888 -0.012303 -0.004351 -0.014904 0.012621 -0.017127 0.007562 
-0.001356 -0.000805 -0.000255 0.006658 -0.005546 0.006416 0.013000 -0.020250 
0.002081 -0.001318 0.006880 -0.004706 0.004269 0.000803 -0.014178 -0.000907 
0.008553 0.005785 -0.003200 0.001946 -0.006671 -0.002608 0.007676 -0.000038 
-0.006515 -0.008173 -0.004265 0.006264 -0.006803 0.008943 0.012582 -0.005905 
0.003256 0.012363 0.001911 -0.003408 0.008739 -0.018951 0.010282 0.007793 
-0.006312 -0.010247 -0.007370 0.002457 0.012966 0.010216 0.001493 0.001356 
0.034211 0.000256 0.006468 -0.004178 -0.009072 -0.013450 -0.002193 -0.009757 
-0.032258 -0.004082 -0.003453 -0.001621 0.000027 -0.002058 -0.000098 0.000068 
0.022686 0.013515 -0.005535 -0.000118 0.002027 0.002790 0.000843 -0.007435 
-0.034249 -0.004150 -0.001156 -0.003662 0.006493 0.009685 0.003843 0.001843 
0.032515 -0.008021 -0.013329 -0.013244 -0.006483 -0.010230 -0.009500 -0.008014 
-0.047003 -0.022233 0.002538 -0.024346 0.015037 0.018078 -0.000454 0.002938 
0.042459 -0.005991 -0.013852 0.002099 -0.001903 -0.011168 -0.011716 0.003614 
-0.038379 0.006339 0.003293 0.006011 0.006212 0.004513 0.005528 0.019481 
-0.048353 0.039394 -0.010729 0.006065 0.010371 0.003087 0.008036 -0.008578 
-0.071619 0.021015 0.001297 0.000167 -0.022926 -0.007974 -0.012475 0.002862 
-0.013811 -0.003665 0.005636 0.001758 -0.003652 -0.010678 -0.000856 0.005910 
-0.008721 -0.007804 0.012578 0.006878 -0.002835 0.003797 0.009202 -0.019863 
-0.006787 -0.001958 -0.002612 0.017160 0.002843 -0.001589 0.012445 -0.002760 
0.005741 0.007200 0.004358 -0.003591 -0.007873 0.011275 0.008649 -0.011256 
-0.010683 -0.002897 0.003442 -0.004193 0.007310 -0.001224 0.003839 0.012338 
0.008758 0.000032 -0.000175 0.002209 0.002026 -0.000554 0.011626 -0.009369 
0.012376 0.001901 -0.002690 -0.007938 -0.012551 0.007238 -0.007047 -0.000034 
-0.012221 0.022222 -0.006750 -0.010465 -0.005342 -0.004075 0.002590 -0.006295 
0.001493 0.002393 -0.003976 0.006492 -0.008178 0.007343 0.011469 0.003474 
0.004192 -0.005090 -0.011144 -0.011592 -0.013903 0.005254 -0.004913 -0.009647 
0.004269 0.017400 0.014731 -0.003862 0.001877 0.018336 -0.008632 0.004484 
0.004058 0.007941 -0.020355 0.020283 -0.008566 0.020260 0.001810 0.006762 
0.010846 -0.011848 0.002456 0.004608 0.003900 0.002480 -0.000029 0.005934 
0.004583 0.005048 -0.006580 -0.011378 -0.000897 0.000655 -0.002891 -0.020448 
-0.011080 0.001090 0.001983 -0.012397 0.019809 0.006914 -0.011877 -0.003560 
0.008813 0.002629 0.009850 0.003764 -0.007939 -0.001346 0.007176 -0.007023 
-0.025659 -0.017995 -0.003968 -0.001681 -0.014451 0.001723 0.000878 0.000401 
0.031888 -0.003730 0.011122 -0.015399 -0.000202 -0.001875 -0.008533 -0.009375 
0.115366 0.056893 0.007855 0.004325 0.015671 0.006018 -0.000996 -0.015034 
-0.072805 -0.016875 -0.017586 -0.016142 -0.009391 0.014642 0.000567 0.005161 
-0.000315 0.015117 -0.004269 0.008681 0.006998 -0.005713 -0.001280 0.010041 
-0.012510 0.005494 -0.005178 -0.000268 -0.005448 0.000622 0.003138 0.014554 
-0.002846 0.013881 -0.005323 0.016165 0.008320 0.015175 -0.006307 -0.007381 
-0.016099 -0.005433 0.010415 -0.015534 0.001896 -0.003043 -0.001748 -0.005576 
0.018073 0.009690 0.000118 -0.001003 0.015695 -0.018578 0.001893 -0.003085 
0.004684 0.000292 0.000482 0.005141 0.002122 -0.014492 -0.006116 0.008562 
-0.011143 0.013913 -0.008826 0.001975 0.007561 -0.008049 -0.004026 -0.004159 
0.009433 0.003041 0.005617 -0.005963 0.002009 0.006992 0.001943 0.006360 
-0.004282 0.019801 0.018739 0.006940 -0.003300 0.010529 0.017020 0.010447 
0.009106 -0.011652 0.008641 -0.000458 0.007236 -0.009708 0.011101 -0.002822 
-0.004420 -0.018181 -0.011113 0.002627 0.007902 0.003031 -0.014274 -0.001455 
0.007117 -0.011150 0.001652 -0.003265 0.007135 -0.002586 0.006585 0.006980 
-0.009196 0.011810 -0.007423 0.003465 0.008179 -0.001263 -0.010812 0.007439 
0.023104 -0.008931 0.005096 -0.005118 0.008076 0.013645 -0.003839 0.010645 
0.006260 -0.008280 0.004005 -0.001966 -0.014343 -0.009491 0.003455 0.003286 
0.003169 0.005094 -0.016276 -0.004852 0.007420 -0.001400 -0.004642 0.004418 
0.024354 -0.009431 -0.018734 -0.001815 -0.012869 0.016877 0.002270 0.006583 
0.018070 -0.014843 -0.005694 0.012567 -0.005926 -0.007092 -0.000481 -0.001740 
0.033821 -0.077320 -0.024777 0.023519 0.009690 -0.008472 0.013777 0.006262 
-0.049022 -0.011167 0.023589 0.012446 -0.000912 0.002346 -0.004988 -0.006209 
-0.021948 0.004770 0.009559 0.016815 -0.013787 -0.008962 -0.008103 0.000076 
0.022563 -0.008958 0.000592 0.004834 0.009987 0.004206 -0.001691 0.006767 
-0.011602 -0.001938 -0.009225 -0.002747 0.006134 -0.012594 -0.006804 -0.012868 
0.016577 0.014562 -0.004707 0.005234 -0.002036 -0.027631 -0.008221 -0.000667 
0.009832 -0.014363 -0.004902 -0.018674 0.002892 -0.004292 -0.002448 -0.001282 
0.001275 -0.011688 -0.002538 -0.006565 0.000024 -0.001954 -0.000759 -0.003561 
0.000119 0.008574 0.010133 -0.006132 -0.025773 -0.002130 0.001936 -0.006454 
0.000435 0.010045 -0.011543 0.003373 0.004328 -0.002893 0.001171 -0.013208 
-0.005614 0.017350 0.007984 0.005132 0.002839 0.002667 0.001580 -0.007884 
0.004684 -0.000342 -0.006250 -0.010729 0.009668 0.001313 -0.001328 0.004849 
0.020574 -0.002876 0.002931 0.001810 0.005438 0.001941 -0.000440 0.011327 
-0.006886 -0.015111 0.000932 -0.000048 -0.016567 0.008481 -0.004016 0.011095 
0.003581 -0.003304 -0.000056 0.004260 0.003570 -0.001286 -0.012412 -0.015585 
-0.008649 0.003065 -0.007545 -0.003823 -0.016644 -0.016020 -0.004705 0.004020 
-0.005761 0.011140 -0.012294 0.011593 0.017487 0.012686 -0.016779 0.004604 
-0.037717 0.011754 -0.007856 -0.002739 -0.007019 0.000090 -0.006370 -0.008985 
0.020884 -0.024378 -0.004160 -0.008443 0.006374 0.022034 -0.006123 -0.008211 
-0.018696 0.018785 0.010893 0.003900 -0.003547 -0.004773 0.002567 0.007475 
0.063759 0.019716 -0.007347 -0.002782 0.022944 -0.009732 0.008101 0.001234 
-0.116444 -0.012523 -0.003697 0.010713 0.009031 0.001806 -0.014018 -0.002839 
-0.017938 0.005785 0.000189 -0.000968 -0.020249 0.002736 -0.000686 -0.002771 
0.022526 -0.013648 0.013722 -0.004684 0.015503 -0.010258 0.003558 0.002766 
-0.016218 0.002847 -0.002613 0.005320 0.001555 -0.004620 -0.006730 0.007506 
0.000869 0.001176 0.002529 -0.004225 0.001370 0.004966 0.001902 -0.004848 
-0.007935 -0.010026 -0.005579 0.003322 0.000046 -0.003287 -0.008083 0.006149 
-0.004788 -0.000224 -0.001966 -0.007504 -0.008925 -0.001283 0.008300 -0.001967 
0.010364 -0.006606 -0.011695 0.002001 0.003465 -0.000471 -0.006577 -0.007699 
0.001278 0.006424 -0.013951 0.001739 -0.013345 0.004575 0.006847 -0.008369 
-0.008686 0.007317 -0.000042 -0.003287 -0.001042 0.004384 0.002037 -0.009423 
0.003794 -0.000382 -0.009262 0.000530 -0.001912 -0.008488 -0.011149 -0.001567 
0.016572 -0.016904 0.004809 -0.002972 0.008631 -0.009262 0.010126 -0.001376 
-0.018661 -0.000239 0.006154 0.001504 0.005308 -0.005556 0.008491 -0.020946 
0.025981 -0.006944 -0.011588 0.010303 0.005800 0.008441 -0.006712 0.007303 
-0.022787 0.007553 -0.001712 -0.002997 0.003824 0.005650 -0.001135 -0.005546 
0.025130 -0.007029 0.001332 -0.012145 0.005710 0.000184 -0.003339 0.011056 
-0.026495 -0.012096 0.001185 -0.009948 0.003182 -0.021550 0.017606 -0.014651 
0.014316 -0.009097 -0.007232 0.010117 0.010015 -0.006396 -0.002913 0.009885 
0.015427 -0.009114 0.003332 0.001602 -0.013386 0.007803 -0.030691 0.001906 
-0.023290 0.051465 0.009758 0.011007 -0.001749 -0.003492 0.025217 0.032492 
-0.059576 0.008397 0.010417 0.001218 0.019550 0.029665 0.006671 -0.023116 
-0.032428 0.009076 0.014172 -0.006296 -0.005006 -0.000967 0.014082 -0.001303 
0.024744 -0.004423 0.003835 0.004078 0.021326 -0.000160 -0.000969 -0.002991 
-0.009291 -0.011990 -0.007308 0.001948 0.008599 0.001752 0.003237 0.015216 
0.002823 -0.001791 -0.015732 -0.006788 -0.002128 0.008645 0.009077 0.000458 
0.007679 -0.005461 -0.009118 0.014521 0.004526 -0.000619 -0.012033 -0.001667 
0.007998 -0.000710 0.003243 0.006104 0.006062 -0.005717 0.001485 0.008255 
0.010923 -0.009506 -0.001442 0.007344 0.000436 0.019876 0.002344 0.001617 
-0.002516 -0.002621 -0.009558 0.005112 -0.000008 -0.016087 0.003747 0.009750 
0.011469 0.001271 -0.017954 0.003415 0.002197 -0.002682 0.000649 0.003415 
-0.000480 0.001077 -0.006853 -0.001505 -0.015236 0.011543 0.012311 -0.009255 
0.014864 0.004867 -0.005480 0.009607 -0.001972 -0.008332 -0.003061 -0.013975 
-0.012305 -0.007475 0.001038 0.000945 -0.004525 -0.006723 -0.005842 0.002811 
-0.000997 0.018137 -0.013809 -0.025559 -0.009737 0.022655 0.004499 0.013399 
-0.029912 -0.001755 -0.006759 0.012045 -0.006653 -0.000715 0.008458 0.020952 
0.001397 0.011438 0.001935 -0.016264 0.016883 -0.006057 0.001594 -0.001228 
-0.022176 0.002051 -0.006335 0.020292 0.002681 0.006305 -0.013022 -0.009519 
0.016939 -0.003632 0.015055 0.016787 0.003758 -0.013593 -0.010576 -0.013340 
-0.048070 0.007697 0.028115 -0.014530 0.001314 0.012505 -0.008299 0.015649 
0.116647 -0.015244 -0.016614 -0.000619 -0.012183 0.026002 -0.000716 0.000035 
0.012542 -0.016911 -0.012123 -0.000178 0.013761 0.014259 0.010354 -0.000368 
-0.022697 -0.001949 0.002286 -0.019234 0.002136 0.003089 -0.007242 -0.004345 
0.011142 -0.011143 -0.012042 -0.014348 0.008068 0.000489 0.009512 0.011488 
-0.019635 -0.007661 -0.005974 0.002043 0.006051 -0.015212 -0.002542 0.005371 
-0.002780 0.001414 0.000984 0.005973 -0.014660 0.000216 -0.010285 0.001427 
-0.004940 -0.000030 0.003125 0.007469 0.009416 0.012079 0.003685 -0.007903 
-0.004885 0.016006 0.005270 -0.016813 0.008745 -0.003748 -0.006261 -0.006396 
0.011896 -0.000171 0.005207 -0.003825 -0.012572 0.003245 0.000511 -0.009271 
-0.002986 0.017386 0.005127 -0.003090 -0.009048 0.010771 -0.003617 0.001516 
-0.009545 -0.016095 -0.011081 -0.005074 0.000272 -0.020029 0.005845 0.017556 
-0.009922 0.014978 -0.003010 0.008641 -0.010497 0.000097 0.002249 -0.001408 
0.014824 0.025518 -0.008830 -0.003394 0.002825 -0.016272 0.002261 0.010995 
-0.005030 0.005896 -0.006026 -0.013540 -0.005674 -0.011726 -0.002820 0.005812 
0.011188 0.001244 -0.010195 -0.006451 -0.000000 0.005123 0.010610 0.002041 
0.004524 0.010197 -0.000532 0.008376 -0.006191 0.010534 0.010992 0.017704 
0.025870 0.005380 0.001454 -0.001010 0.014211 -0.012108 -0.013201 0.005926 
0.002177 -0.006661 0.007659 -0.004502 0.005658 -0.010577 -0.020233 -0.008888 
0.014115 0.000729 -0.003337 0.022892 -0.003234 -0.006947 -0.016456 -0.013068 
-0.034639 0.013736 0.010386 -0.001572 0.012432 -0.002137 -0.004007 0.021522 
0.012216 0.048801 0.030808 0.017295 -0.007510 0.008777 -0.027009 0.010130 
0.018040 0.003494 -0.038841 0.004692 -0.009693 0.017140 -0.022956 -0.001803 
-0.019531 -0.006840 0.002830 0.001731 -0.010640 0.001413 0.002596 0.007060 
0.014078 -0.000447 -0.011991 -0.000571 -0.000350 0.010250 -0.005438 -0.001460 
-0.018761 -0.002646 0.006705 0.005591 -0.001004 0.002848 0.005945 -0.002144 
0.021521 -0.007799 -0.000784 -0.002542 0.004121 0.008001 0.007179 -0.001242 
0.005375 0.007923 -0.007738 0.009271 0.007783 -0.007232 -0.013904 -0.006045 
-0.002107 0.001550 0.003302 -0.000626 0.007797 -0.003139 0.006255 -0.001451 
-0.003693 -0.000119 -0.001056 0.000988 -0.000952 0.001101 -0.001837 0.004955 
-0.003260 0.010988 -0.006064 -0.006541 -0.025852 -0.001007 0.001598 0.002146 
0.011706 -0.003944 0.000361 0.006674 -0.001117 0.002915 -0.005633 0.003756 
-0.008979 0.006870 -0.002180 0.000380 -0.009190 -0.021814 -0.003854 0.005806 
0.015321 -0.004527 -0.006963 -0.006791 0.003751 0.013039 0.012680 -0.009113 
-0.019654 0.012775 -0.003229 -0.006117 -0.005715 -0.006130 -0.004698 -0.014680 
0.033462 0.001527 -0.004153 -0.007091 0.003164 0.012805 -0.028836 -0.001308 
-0.010142 -0.016062 0.001803 0.008715 -0.008332 -0.006188 0.001388 -0.013555 
0.008958 0.024550 0.004150 -0.021128 0.010646 -0.023875 0.005342 0.005303 
-0.011682 -0.005081 0.008373 0.006711 0.003792 -0.004343 0.024911 0.001583 
0.090288 0.014217 -0.003549 0.004981 -0.003756 -0.024105 -0.005350 0.016838 
-0.001383 0.000049 -0.009051 0.008924 -0.009494 -0.006916 -0.014850 0.002039 
-0.020370 0.028099 -0.037389 -0.013514 0.018440 -0.025742 -0.010571 -0.003475 
-0.110094 0.024486 0.006717 0.008890 -0.011540 -0.020483 0.032456 0.033789 
0.001552 0.012404 0.012414 0.004641 0.001481 0.003310 -0.006758 -0.000709 
0.021976 -0.003874 -0.005130 -0.001430 -0.007590 -0.002682 -0.000898 -0.021691 
-0.018892 0.012992 -0.003951 -0.007526 -0.000354 0.010175 -0.003680 -0.004606 
0.018281 0.006707 -0.007065 -0.004620 -0.034228 0.000402 0.004979 0.010316 
0.008152 -0.003102 -0.001112 0.007242 -0.001940 -0.001518 -0.003688 -0.006788 
0.011872 0.003008 -0.006926 -0.004971 -0.007988 -0.001812 -0.003388 0.020377 
-0.010273 -0.000385 0.004119 -0.004823 0.015410 0.018138 0.005793 -0.004224 
0.005335 0.003677 0.003075 -0.007210 0.000105 0.009981 -0.000379 0.013359 
0.002267 -0.000083 -0.004745 -0.004612 -0.003292 -0.002079 -0.001702 -0.003650 
-0.008934 -0.010507 -0.010850 0.026263 -0.001824 -0.004739 -0.003803 -0.006207 
0.023776 -0.002102 -0.004597 -0.007087 0.016575 -0.009802 -0.000984 -0.021012 
-0.014753 -0.004763 0.009429 0.012889 0.004172 -0.021423 -0.009003 -0.001429 
0.004343 0.012227 -0.007169 -0.006440 0.011344 -0.009335 -0.007763 0.002980 
-0.013737 0.006420 -0.006462 0.014608 -0.015120 -0.004787 -0.017174 -0.008830 
-0.006052 0.003207 0.012358 -0.001723 0.006848 0.021692 0.006965 -0.010063 
-0.028021 0.009514 0.012946 -0.004242 -0.007876 -0.020656 -0.007490 -0.004092 
-0.016189 -0.003890 0.019865 0.012883 0.024167 0.017099 0.004083 0.002817 
0.015000 0.002613 -0.000751 -0.010656 -0.013768 -0.013158 -0.001478 0.015424 
-0.041265 -0.010682 0.005296 0.020640 0.017749 -0.001510 0.004457 0.009092 
-0.029026 0.037160 -0.036910 0.020272 -0.022801 -0.015082 -0.009982 0.004897 
0.000150 -0.004807 0.004754 -0.000382 -0.008989 0.000980 -0.014793 -0.009981 
-0.001970 0.001066 -0.003396 -0.005981 -0.000156 -0.005053 -0.006046 0.005300 
0.001177 0.013632 -0.011713 0.017119 -0.004404 0.006423 0.003121 0.000743 
0.006931 0.011748 -0.001476 0.003466 -0.003874 0.005414 0.015652 -0.017694 
-0.010261 -0.006926 0.007135 0.005193 0.003041 0.009843 0.010893 -0.001308 
0.006418 -0.001051 -0.005474 -0.010497 -0.000984 -0.000018 0.003328 0.015543 
0.006855 -0.005065 -0.007432 0.012742 -0.005530 -0.006275 0.007819 0.010167 
-0.004264 0.004121 0.001435 -0.004227 0.006228 0.011890 -0.008627 0.002548 
0.008626 -0.009690 0.006585 -0.005727 0.014062 -0.006178 0.006936 0.004145 
-0.005780 0.007913 -0.000110 -0.011243 -0.011169 -0.006747 -0.011367 0.005349 
-0.001441 0.001346 0.005706 -0.004756 0.005788 0.021407 0.001249 -0.000429 
0.017176 -0.020487 -0.005983 0.014721 0.003998 0.000977 -0.012509 -0.018674 
-0.008392 -0.012695 0.015906 0.001090 0.010111 0.005956 0.010548 -0.012822 
0.019671 -0.012766 0.002013 0.002374 0.011823 -0.008707 -0.014442 -0.006588 
-0.005954 -0.005280 -0.002724 0.001650 -0.010231 0.008560 0.016565 0.003426 
0.006794 -0.007890 -0.000708 -0.001507 0.005231 -0.014846 -0.004277 -0.012800 
-0.009956 -0.000705 0.009132 0.013152 -0.016390 -0.001004 0.005961 -0.004319 
-0.012204 -0.002546 -0.003933 0.000327 -0.004288 -0.015722 0.001743 0.007370 
0.064542 0.013597 0.011860 0.036963 -0.020887 -0.001416 -0.022706 -0.012316 
0.027773 0.018952 -0.011108 0.036686 -0.008486 -0.026852 0.003600 0.029761 
-0.007928 0.003953 0.004777 0.000293 0.000828 0.011308 0.014882 0.006733 
0.001750 0.002818 -0.002390 -0.005542 0.004041 0.005241 0.006962 0.000597 
-0.023219 -0.004357 0.005770 -0.003356 0.004584 0.016295 -0.004782 0.002551 
0.000267 -0.007391 0.006613 0.008809 0.004210 -0.000139 0.009766 0.002752 
0.002533 0.004375 -0.015710 0.000124 0.001553 0.006354 -0.019164 0.012734 
-0.003552 -0.005816 -0.003538 0.010171 -0.001704 -0.000893 -0.002341 -0.020036 
-0.003334 0.009561 -0.006668 -0.002876 -0.002444 0.010014 -0.002452 0.005816 
-0.003417 0.000342 0.006495 0.005074 0.003277 0.019699 -0.017133 0.001134 
-0.016576 0.001674 -0.001187 -0.011744 0.002142 0.003236 -0.010164 0.000996 
-0.001273 0.016267 0.000176 -0.003161 0.003900 -0.000135 -0.000282 0.012010 
0.013303 0.011017 -0.002895 0.014887 -0.000516 0.005480 0.012820 -0.007502 
-0.006760 0.004617 -0.005335 -0.010599 -0.008472 -0.012792 -0.007811 -0.009947 
0.005776 0.003441 0.007030 -0.015305 -0.003423 0.000625 0.023418 -0.010636 
-0.011533 0.005190 0.004168 -0.001636 -0.000705 -0.011004 0.001860 0.005677 
-0.009205 0.009291 0.005782 -0.015269 -0.009531 -0.001746 -0.017535 -0.008523 
-0.000059 0.002504 0.005387 0.009106 0.018481 0.021346 -0.001637 0.000600 
-0.055036 -0.007082 -0.003206 -0.019381 -0.021506 0.015956 0.022444 -0.001694 
0.004431 -0.012775 0.014001 -0.009973 -0.009281 -0.014003 0.008589 0.007335 
-0.035760 0.025125 -0.035819 -0.018050 0.017973 -0.006683 0.016415 -0.013749 
-0.035483 0.002903 -0.003847 -0.014857 -0.009503 -0.005513 0.006898 0.001970 
-0.004731 0.007485 -0.012797 -0.017125 -0.005050 -0.011185 0.010468 0.011739 
-0.002362 0.004974 -0.005334 0.001247 -0.002472 -0.002675 0.006598 0.000579 
0.007011 0.000161 0.007333 -0.001536 -0.004874 0.021706 -0.003181 -0.010050 
-0.002169 0.003319 0.004352 0.019275 0.006820 0.008940 0.018735 -0.003354 
-0.013929 -0.008554 -0.007261 0.002381 0.004076 0.017096 -0.011371 0.006501 
-0.004775 0.005854 0.012171 -0.018348 -0.002618 0.005548 -0.005771 -0.003931 
0.002568 -0.002226 0.002684 0.014165 0.001761 0.002296 -0.003130 0.012807 
0.000948 0.001855 -0.008852 -0.014073 0.011472 0.017229 0.003400 -0.003100 
-0.006993 -0.005395 0.006108 0.016595 0.004932 -0.003746 -0.011707 0.004006 
0.011907 0.013502 0.003375 -0.011100 0.004330 -0.005614 -0.003047 0.003007 
0.000142 0.009440 0.010414 0.008317 -0.005311 0.005058 0.005367 -0.011631 
-0.011323 -0.014256 -0.002999 0.013492 0.024385 0.009770 -0.011974 0.016976 
0.005981 -0.024494 0.010560 -0.001762 0.012477 0.004229 0.011455 0.001203 
0.002023 0.002876 0.015168 -0.003586 -0.006716 0.009702 0.014896 0.007486 
-0.009478 -0.001692 0.000479 -0.011680 0.014789 0.005407 0.008530 -0.004243 
0.000652 0.006631 -0.013643 -0.008749 0.000683 0.002997 -0.022144 -0.003244 
-0.016650 -0.028091 -0.002569 -0.009406 -0.002334 0.020052 -0.002048 0.008965 
0.027803 -0.002601 -0.001528 -0.015492 0.009244 -0.016604 -0.009664 -0.016761 
0.021549 -0.061738 0.028916 0.023322 0.020889 -0.022630 0.015020 0.025223 
-0.000976 -0.028816 -0.010276 -0.006142 -0.017254 0.011910 -0.011716 -0.006483 
-0.012869 0.008161 -0.006604 -0.004953 0.003328 -0.008974 -0.009770 0.014926 
-0.013381 -0.003864 0.008832 0.000825 0.001985 0.003042 0.005131 -0.008871 
0.003397 0.007887 -0.003600 0.010427 0.005337 -0.001816 0.007097 0.014077 
-0.000887 -0.004293 -0.006494 0.005015 -0.007955 -0.001725 -0.004101 0.017600 
-0.001847 -0.005663 -0.001419 -0.000145 0.004335 0.001941 0.005908 -0.000555 
0.003340 -0.006981 -0.009055 -0.004962 0.005819 -0.009937 0.009771 -0.003554 
0.003731 0.006273 -0.012692 -0.010509 0.010018 -0.005414 -0.008247 0.000691 
-0.004509 0.010974 0.015352 -0.013045 -0.001778 -0.006731 0.011034 -0.012010 
-0.001764 -0.005321 -0.002546 -0.016900 0.009128 -0.009603 -0.014266 0.003479 
0.009097 0.007927 0.001143 0.009447 -0.028844 -0.000585 0.008716 0.000813 
-0.000366 -0.000976 0.007921 -0.010839 0.016674 -0.001577 0.006065 -0.014286 
-0.004250 0.015564 -0.003152 0.008536 0.005038 0.000900 -0.001826 -0.000071 
0.001667 -0.008887 -0.011481 0.007515 -0.001409 0.008318 -0.007917 -0.002098 
0.019567 0.008631 -0.000192 0.020079 -0.004658 0.010381 0.008698 -0.001521 
0.006371 -0.006008 0.008695 0.011445 -0.023248 -0.002759 0.019914 -0.003485 
0.008853 0.001892 0.010098 -0.000823 -0.011889 -0.006475 0.006114 -0.003738 
0.000279 -0.037135 0.009416 -0.006500 0.009494 -0.018799 -0.000286 -0.024015 
0.022686 0.000944 -0.006310 0.013602 -0.000124 -0.004421 0.003404 -0.020617 
0.042594 -0.067750 0.001954 0.004066 -0.005007 0.019872 0.003318 -0.002087 
-0.078042 0.006665 -0.024117 -0.001171 -0.001457 -0.000977 -0.008343 0.006042 
-0.018407 0.010531 0.015211 -0.008617 -0.007777 0.003274 -0.008594 -0.005870 
0.009076 -0.012765 -0.009871 0.005522 -0.008622 -0.000799 -0.011555 0.004612 
0.005533 0.004270 0.002009 -0.011622 0.009245 -0.006179 -0.000907 -0.000009 
-0.002417 0.001374 0.000012 -0.007676 0.001506 -0.005699 -0.001851 -0.009467 
0.005868 -0.002109 0.006771 0.003614 -0.013205 -0.008733 -0.005942 -0.015440 
-0.002928 -0.000380 -0.005764 0.000307 0.003582 -0.015008 -0.009127 -0.003334 
-0.008771 0.000229 -0.006906 0.010012 -0.007341 0.002191 0.001016 -0.007241 
-0.004105 -0.008271 0.003395 -0.001771 -0.001771 -0.002691 0.000124 0.003230 
0.010881 -0.000251 0.020028 0.004776 0.013400 -0.010859 -0.005732 -0.012571 
0.006527 0.007155 0.004297 -0.002851 0.005174 -0.010242 0.006867 -0.011262 
0.001490 -0.007026 0.008287 -0.006917 0.002343 -0.003570 -0.004658 0.001782 
0.016128 0.008176 0.006538 -0.003022 -0.009006 -0.014724 -0.003857 0.005161 
0.020022 0.004003 0.003617 -0.007960 -0.000834 0.000355 -0.011442 0.003654 
0.014964 0.000873 0.005984 -0.021987 -0.005348 0.002072 0.000155 0.003288 
-0.002131 -0.004662 -0.000230 0.006002 -0.000596 -0.001719 0.000888 -0.016018 
-0.010728 0.006539 0.013985 -0.001087 0.025407 0.004958 -0.012172 -0.000413 
0.030758 -0.002913 0.002425 -0.004826 0.013264 -0.009066 -0.027485 -0.013132 
0.031670 0.017580 0.017723 -0.025213 -0.003111 -0.020609 -0.005982 -0.008986 
0.092628 0.058766 0.025665 0.002343 0.037007 0.003690 0.006354 0.006742 
-0.029557 -0.027479 0.010498 -0.004564 -0.006808 -0.009860 0.010059 -0.012679 
-0.007501 0.011887 -0.020894 -0.004400 -0.001298 -0.001660 -0.003173 0.005213 
0.003136 -0.011203 0.013106 -0.005067 -0.006261 -0.003632 -0.004374 0.001334 
-0.000478 -0.011656 -0.010504 0.005981 -0.001170 -0.021605 0.006514 0.006704 
0.000909 -0.005271 0.003693 -0.005473 -0.001966 0.004648 0.017464 0.002621 
0.024383 0.004061 -0.009197 0.001441 0.017686 -0.012399 -0.003516 -0.004397 
-0.008433 -0.005450 0.000983 0.006329 0.011852 0.002147 -0.007528 0.001758 
-0.017818 0.018671 -0.003523 0.012669 0.010144 0.014305 -0.001720 -0.014661 
0.014471 -0.000257 -0.008244 -0.013530 -0.014422 -0.003602 -0.003620 0.009407 
-0.013457 0.012863 -0.001646 0.001171 0.001545 0.016812 0.000120 -0.008768 
-0.002499 -0.011954 0.011512 0.001550 0.005626 0.010384 0.015923 -0.011021 
-0.004257 0.015629 0.005417 0.002137 0.001648 -0.012088 0.001355 -0.025447 
0.008052 -0.011102 -0.011411 0.006215 0.008021 0.008096 -0.019264 -0.003764 
-0.012353 0.002107 0.004636 0.000241 0.001314 0.007202 0.008309 -0.001062 
0.005009 -0.003971 0.011270 0.009433 0.012168 -0.002957 0.003627 0.010004 
0.008513 0.002130 -0.018353 -0.010460 -0.001645 -0.005915 0.010526 0.013628 
0.008962 -0.003984 0.007621 -0.000386 0.009074 0.003607 0.007890 -0.002666 
0.000667 0.015225 0.008259 0.003667 -0.008899 -0.005000 0.005304 -0.000723 
0.043472 0.006626 0.007410 0.012952 0.025055 -0.031717 0.002515 0.009118 
-0.001707 0.013168 -0.022894 0.015703 0.026918 -0.023755 -0.011933 0.013987 
-0.022446 0.040213 0.010728 -0.037657 -0.013848 0.015879 0.009513 0.004958 
0.000481 0.002927 -0.017891 -0.006885 0.007224 -0.007248 -0.001265 -0.008759 
-0.005666 -0.004741 0.001034 0.001209 0.001869 -0.001622 -0.005887 -0.006781 
-0.001883 0.012219 -0.020542 -0.005446 -0.016025 0.006346 -0.003841 -0.006737 
-0.010382 -0.012249 0.006453 0.001241 0.004678 0.010594 -0.007954 -0.004201 
-0.000318 0.008749 -0.000490 0.000219 0.007007 -0.011258 0.008693 -0.005329 
0.002378 -0.007893 -0.003736 0.002466 -0.008081 -0.005932 -0.009742 -0.011423 
0.008006 0.003410 0.011204 0.001144 -0.006893 0.004582 -0.000620 0.012249 
-0.001877 0.009697 0.003693 0.015169 -0.009085 -0.006436 0.005994 0.008649 
-0.010543 -0.004780 0.009973 0.002168 0.017769 -0.001473 0.000929 0.007864 
0.016668 0.006595 0.007873 0.004619 0.007412 0.006144 0.007029 0.001272 
0.001832 -0.012320 0.004782 0.006355 -0.001814 0.018696 -0.012657 0.002079 
-0.008039 -0.014920 0.009202 -0.002601 -0.003287 0.008641 0.016785 -0.005181 
-0.002395 -0.017407 -0.001141 0.002409 -0.003510 0.001326 0.003692 -0.004219 
0.000620 0.008086 0.026418 -0.028041 0.005218 0.005141 -0.020930 0.005884 
0.009206 -0.013998 -0.004061 -0.006053 -0.004140 0.000302 -0.012923 -0.017247 
-0.006985 0.000421 0.001559 0.008020 0.002233 -0.019825 -0.003927 0.019892 
0.026063 0.005271 0.002690 -0.003437 -0.021934 0.015223 -0.003013 -0.005214 
-0.014783 -0.002321 0.005171 0.017908 -0.001585 -0.007357 0.010448 -0.002072 
0.031835 0.068751 -0.002613 0.009867 -0.005421 -0.003888 0.007788 -0.020001 
0.006448 -0.010573 0.012267 0.016788 -0.000929 0.011408 -0.002542 -0.012465 
-0.012979 -0.000605 0.000712 -0.002836 0.013770 0.002301 0.005283 0.006183 
0.012217 -0.001521 0.016190 -0.010787 -0.005594 0.004359 0.002459 0.003060 
0.000242 0.006466 0.009547 -0.010377 -0.008459 0.002688 -0.011810 0.000521 
0.011620 0.001674 -0.015467 -0.015122 0.012791 0.000849 0.007507 0.009674 
0.000102 -0.009223 0.005965 0.007111 -0.002941 -0.000983 0.001295 -0.013148 
0.014869 -0.009090 0.002303 -0.019198 0.006325 -0.013813 -0.005186 -0.000674 
-0.009199 0.014251 -0.011093 -0.004065 0.010284 -0.003949 0.000891 -0.001699 
-0.008021 -0.019116 -0.007626 0.003444 0.006224 -0.003794 0.004312 0.005186 
0.027380 0.009679 -0.016858 -0.003953 -0.002066 -0.001225 -0.011370 0.000099 
-0.009384 -0.007288 0.009125 -0.004296 0.004571 0.000681 -0.009675 0.007402 
0.003630 -0.009560 -0.000196 0.011340 -0.006917 0.013478 -0.011956 0.003946 
-0.005603 -0.012362 0.003616 -0.003500 -0.004124 -0.020306 -0.010395 -0.006152 
-0.009738 0.016184 -0.009813 0.006789 -0.012287 0.007910 0.001827 0.000179 
0.002291 -0.006180 0.005058 -0.007412 -0.010490 -0.006421 -0.008522 0.002280 
0.021396 0.017133 -0.006778 0.014323 -0.003849 0.009111 0.026462 -0.014145 
-0.019448 -0.006838 0.010116 0.003269 -0.004511 -0.006588 -0.007436 -0.018550 
0.008735 -0.001674 0.011714 -0.001618 0.001120 -0.002631 -0.006719 -0.009379 
-0.004767 -0.046186 -0.012398 0.009131 -0.000218 -0.011219 0.001223 0.007631 
0.066793 -0.044356 0.009458 -0.002792 -0.014515 -0.002894 0.035185 0.004362 
-0.031873 -0.022141 0.032838 -0.003375 0.033758 0.020956 0.016659 -0.012698 
-0.008055 0.011764 -0.007847 -0.003333 -0.008942 -0.007147 -0.011857 0.000646 
-0.023831 -0.010320 0.016902 0.000908 -0.002093 -0.003582 -0.015471 -0.008091 
0.009164 -0.012552 -0.005071 -0.003747 0.004274 -0.000924 0.001698 -0.004423 
-0.019368 -0.003939 -0.003046 -0.002110 -0.005276 -0.000197 -0.005291 0.011079 
-0.002553 0.002484 -0.008312 0.001364 0.002528 0.008334 0.009853 0.007159 
-0.008525 -0.010546 0.004730 0.001564 -0.003724 0.003287 -0.001912 -0.009814 
0.001719 -0.007143 -0.003181 0.010556 0.000660 -0.000717 0.021282 0.011730 
0.012940 -0.011792 0.004482 -0.009008 0.003748 -0.022030 -0.005574 0.006838 
0.001544 0.005366 0.010525 0.007631 0.007513 -0.000885 0.006292 0.000182 
0.016487 -0.015126 0.009292 0.013738 0.008338 -0.012149 -0.012816 0.005682 
-0.029417 -0.002145 0.006932 -0.003892 -0.011018 0.006890 0.002277 -0.002622 
0.004784 -0.010239 -0.006822 -0.001407 -0.005226 0.018533 0.033459 0.011006 
0.005376 -0.017297 0.010445 0.015986 -0.017764 0.011375 0.005360 0.020125 
0.028999 -0.007791 0.014556 -0.003014 0.009351 -0.005417 0.004816 0.011934 
0.008323 0.004874 0.021186 0.020489 0.004311 -0.011489 -0.006453 -0.007069 
0.016705 -0.024363 0.001893 -0.018580 0.004354 -0.023992 0.010477 -0.018180 
0.014908 0.034198 0.014863 -0.004839 -0.011746 0.001703 0.009273 -0.008092 
-0.023136 -0.015523 0.000231 -0.013746 -0.004826 -0.043266 -0.009296 -0.021056 
-0.040749 -0.008474 0.008223 0.006139 -0.005434 0.016057 0.018254 -0.017863 
-0.011573 0.001564 0.027255 -0.022344 -0.014991 -0.007296 0.006136 0.042093 
0.032083 -0.009297 0.013142 0.006333 -0.004245 -0.011366 -0.021116 -0.001098 
-0.038933 -0.004603 0.022042 0.016727 0.004696 0.019828 -0.005564 0.001466 
0.004406 0.020002 -0.036170 0.009851 0.020903 -0.012679 -0.000480 -0.025812 
-0.033214 -0.017412 0.026898 0.009594 0.038925 0.025557 -0.010003 -0.026496 
0.017727 -0.015516 -0.005280 0.026449 -0.012224 -0.030252 -0.003015 -0.015942 
-0.008155 0.006692 0.021403 -0.002888 -0.001464 0.025830 -0.010074 -0.018689 
-0.021777 -0.023107 -0.043493 0.030773 -0.006072 -0.038918 0.011477 0.005865 
-0.022400 -0.005424 0.033307 0.000606 0.007589 0.016410 -0.021614 -0.000993 
-0.029556 0.001400 -0.027350 0.015966 -0.006639 -0.036271 0.017398 -0.009250 
-0.031019 -0.006686 0.028445 0.000351 0.015001 0.030854 -0.011062 -0.026158 
-0.033663 -0.015988 -0.002283 0.012147 0.026450 -0.040368 -0.013946 -0.020404 
0.005570 -0.004001 0.027698 0.013139 -0.023508 0.020839 -0.015554 0.015475 
-0.040143 -0.039654 -0.026043 0.012562 -0.017496 -0.018205 -0.021971 -0.013005 
0.005495 -0.011901 0.027805 0.005857 0.001868 0.047931 -0.033525 -0.016165 
-0.047251 -0.037912 -0.012463 0.002632 0.002722 -0.047074 0.018903 -0.000902 
-0.030433 -0.007594 0.016724 0.014869 0.040249 0.048532 -0.025278 0.009305 
0.026586 -0.024792 -0.012826 0.030957 0.005924 -0.031904 0.024119 -0.018446 
-0.014702 -0.020991 0.045857 -0.002093 -0.005275 0.028106 0.029120 -0.019137 
-0.006760 -0.150863 -0.064301 0.016091 -0.029882 -0.130022 0.002640 -0.009455 
-0.053327 -0.025639 0.051625 0.068655 0.095742 0.061253 -0.018280 -0.027901 
