0.151724 1.084056
0.184823 1.208870
0.155028 1.268621
0.132855 1.283287
0.107717 1.254865
0.084757 1.190560
0.080862 1.096881
0.067741 1.014619
0.046694 0.969562
-0.025668 1.084478
-0.372071 1.098809
-0.309245 1.209550
-0.182472 1.264219
-0.082717 1.277572
-0.030658 1.255583
0.009553 1.199318
0.041060 1.109516
0.056368 1.017521
0.071666 0.997484
0.086643 1.148579
0.011906 0.897887
0.014438 0.949160
0.013244 0.970056
0.019923 0.979712
0.019831 0.976344
0.018778 0.968664
0.019966 0.958987
0.011750 0.948602
0.016481 0.950973
-0.028704 0.985693
-0.001055 0.898234
0.011570 0.949081
0.013052 0.971138
0.006495 0.980899
-0.003799 0.979258
-0.006010 0.974492
-0.026210 0.968274
-0.037152 0.969645
-0.027908 0.959152
-0.143281 0.998767
0.149655 1.083977
0.181446 1.207400
0.151385 1.265947
0.128242 1.280141
0.102615 1.252207
0.080307 1.188604
0.076526 1.095756
0.064764 1.014656
0.043055 0.973191
-0.021541 1.081546
-0.370729 1.098538
-0.309247 1.208545
-0.183270 1.261398
-0.083548 1.273684
-0.030307 1.251908
0.009760 1.196968
0.043940 1.107549
0.061524 1.017941
0.075267 0.999815
0.109615 1.151500
0.001533 0.706593
-0.000776 0.702370
0.002015 0.701815
0.000424 0.701383
0.001784 0.702495
0.001432 0.701880
-0.006346 0.700744
-0.003674 0.695818
-0.013932 0.699209
-0.013538 0.669249
-0.068778 0.703506
-0.109547 0.702814
-0.148615 0.702370
-0.193002 0.700890
-0.228461 0.702483
-0.261430 0.706651
-0.300100 0.704345
-0.310668 0.702930
-0.337783 0.689670
-0.441535 0.675046
0.012476 0.704990
0.022463 0.699726
0.030200 0.693372
0.032950 0.689897
0.038180 0.684961
0.048502 0.679716
0.048010 0.674729
0.059503 0.672673
0.052824 0.667674
0.066229 0.647315
-0.016629 0.700457
-0.028749 0.700701
-0.046543 0.696592
-0.057769 0.692459
-0.065597 0.685800
-0.082318 0.684607
-0.086731 0.682454
-0.084392 0.673832
-0.086919 0.672814
-0.151949 0.681160
0.005655 0.700470
0.018626 0.698683
0.026798 0.702871
0.034407 0.710365
0.044084 0.710812
0.051451 0.711387
0.059452 0.704222
0.067318 0.689417
0.077686 0.683683
0.116711 0.610001
-0.015871 0.692872
-0.029303 0.695734
-0.034873 0.701290
-0.045498 0.706213
-0.048175 0.714348
-0.055763 0.710523
-0.067712 0.706996
-0.068118 0.693178
-0.066642 0.691942
-0.096435 0.696238
0.008393 0.697655
0.011898 0.717587
0.016463 0.757662
0.020963 0.794791
0.021361 0.811647
0.025138 0.816742
0.025587 0.803102
0.032644 0.758527
0.035027 0.742825
0.049064 0.767383
-0.011817 0.693045
-0.016076 0.715580
-0.017633 0.755309
-0.022831 0.791197
-0.028464 0.812086
-0.031012 0.817946
-0.032507 0.799944
-0.031424 0.758700
-0.055574 0.741720
-0.004495 0.820466
0.017634 0.706552
0.021875 0.740100
0.023833 0.788655
0.023532 0.829476
0.021619 0.847899
0.022189 0.839564
0.021706 0.803293
0.018916 0.757937
0.003813 0.742795
0.139706 0.783213
0.051270 0.698819
0.067150 0.732888
0.056198 0.784199
0.045779 0.821770
0.035707 0.839825
0.022195 0.835268
0.008131 0.801912
0.010884 0.752361
-0.004199 0.731421
0.036726 0.823575
0.019265 0.658433
0.035475 0.694122
0.047436 0.739531
0.054347 0.769830
0.062289 0.773496
0.073596 0.755647
0.075445 0.716939
0.090043 0.664365
0.087133 0.636930
0.166636 0.607944
-0.016821 0.658396
-0.042647 0.694766
-0.074946 0.740929
-0.108244 0.768624
-0.132758 0.773791
-0.163368 0.760483
-0.191098 0.721058
-0.192504 0.668049
-0.213988 0.646811
-0.253538 0.786592
0.005638 0.708160
0.008153 0.706761
0.010199 0.705226
0.013417 0.705756
0.018034 0.702380
0.021465 0.704098
0.026369 0.704397
0.028445 0.697043
0.023762 0.709019
0.100853 0.672254
-0.008272 0.704238
-0.015877 0.706147
-0.016294 0.705904
-0.024506 0.702986
-0.025562 0.705693
-0.029719 0.702834
-0.038838 0.699755
-0.037251 0.698937
-0.034056 0.707610
-0.025519 0.691147
0.001151 0.708422
0.010293 0.706612
0.015172 0.706665
0.016415 0.705022
0.022623 0.702377
0.025845 0.701788
0.025837 0.700310
0.026825 0.701571
0.034058 0.699750
0.018860 0.698183
-0.010912 0.703566
-0.011378 0.704440
-0.017365 0.704707
-0.024481 0.704898
-0.025030 0.704410
-0.028911 0.707559
-0.033419 0.701154
-0.031160 0.701133
-0.031621 0.702943
-0.068122 0.679323
0.005962 0.709139
0.006486 0.706636
0.013462 0.705192
0.015812 0.707392
0.021494 0.704869
0.027427 0.705094
0.026592 0.703799
0.033305 0.699375
0.035558 0.702706
0.070313 0.690205
-0.008395 0.702641
-0.012858 0.706202
-0.015303 0.707548
-0.021005 0.707550
-0.018047 0.707913
-0.021342 0.706226
-0.028799 0.713655
-0.025587 0.702329
-0.038018 0.700803
-0.050827 0.703870
0.006421 0.709693
0.009648 0.706092
0.009494 0.708197
0.016285 0.708242
0.019531 0.708483
0.021158 0.708181
0.030020 0.704918
0.028113 0.703795
0.050399 0.702512
0.027974 0.654917
-0.010346 0.703274
-0.013907 0.705172
-0.015475 0.705638
-0.017050 0.709061
-0.019241 0.709501
-0.019987 0.712444
-0.026958 0.709232
-0.025424 0.706652
-0.023849 0.705268
-0.030920 0.747793
0.001112 0.708186
0.007773 0.706664
0.011190 0.707919
0.012450 0.710501
0.015137 0.712371
0.017523 0.712512
0.021423 0.711666
0.030806 0.707444
0.031652 0.696618
0.044059 0.682820
-0.011467 0.703575
-0.013146 0.705534
-0.013073 0.710246
-0.013909 0.710762
-0.017532 0.717560
-0.022854 0.713475
-0.021316 0.711572
-0.031473 0.707965
-0.017072 0.693666
-0.034862 0.758799
0.002122 0.706407
0.006804 0.706455
0.005744 0.712683
0.015365 0.716707
0.014972 0.718128
0.015385 0.720872
0.015531 0.718846
0.023345 0.712110
0.025524 0.720664
-0.044855 0.793904
-0.007329 0.703858
-0.009341 0.705718
-0.007528 0.710600
-0.010679 0.713368
-0.008491 0.717859
-0.017479 0.717698
-0.013521 0.718538
-0.020720 0.709694
-0.030660 0.722435
-0.061648 0.700026
0.000037 0.706314
0.001730 0.709538
0.004062 0.714271
0.006842 0.718727
0.005581 0.722001
0.009508 0.723940
0.010783 0.726350
0.017919 0.716509
0.013395 0.706910
0.021192 0.711752
-0.007485 0.704882
-0.009826 0.706922
-0.010297 0.713434
-0.016915 0.718303
-0.015711 0.724638
-0.012139 0.724891
-0.014403 0.721335
-0.013335 0.714841
-0.015413 0.716791
-0.009458 0.702175
0.005878 0.707834
0.002223 0.710379
0.006063 0.715077
0.006576 0.723593
0.009072 0.726395
0.004713 0.727091
0.006355 0.727732
0.012974 0.718394
-0.012461 0.717150
0.047958 0.675328
-0.012060 0.704648
-0.006635 0.706967
-0.010297 0.714674
-0.008849 0.721888
-0.015298 0.727409
-0.011824 0.727202
-0.016433 0.725907
-0.010554 0.713805
-0.021713 0.711892
0.011486 0.714861
0.007393 0.707601
0.005332 0.712511
0.009596 0.719280
0.006055 0.728573
0.003973 0.733041
0.009939 0.732193
0.010301 0.731650
0.005974 0.719677
0.022890 0.718421
0.068608 0.729257
0.001596 0.705098
0.001978 0.708347
0.004529 0.716529
0.000624 0.722941
-0.007305 0.729283
-0.007990 0.731210
-0.007861 0.728828
-0.006847 0.720375
-0.018046 0.711960
-0.026399 0.770984
0.009896 0.707341
0.012551 0.711850
0.011107 0.720560
0.011213 0.729902
0.013979 0.733209
0.015448 0.736288
0.012738 0.730598
0.010661 0.719585
0.024543 0.720056
0.024112 0.715568
-0.011552 0.703757
-0.014121 0.711315
-0.016502 0.721186
-0.016345 0.728640
-0.016371 0.734634
-0.018527 0.736580
-0.019503 0.727607
-0.015463 0.721066
-0.037279 0.704872
0.086258 0.759447
0.005021 0.706918
0.001795 0.713341
0.006624 0.723299
0.005941 0.731122
0.005992 0.740697
0.007687 0.740857
0.009186 0.726774
0.014653 0.717975
0.012378 0.714227
0.058444 0.715671
-0.008310 0.705600
-0.007417 0.710996
-0.013827 0.721969
-0.016552 0.730405
-0.016345 0.735286
-0.017442 0.738402
-0.022216 0.729017
-0.010974 0.719186
-0.042241 0.706384
0.035533 0.744115
0.007859 0.712826
0.008676 0.716463
0.008787 0.727512
0.008666 0.735875
0.008917 0.741267
0.008748 0.742202
0.007070 0.732093
0.004977 0.724402
0.007526 0.719606
0.063640 0.648569
0.015781 0.699825
0.017658 0.708516
0.007630 0.718744
0.005352 0.728907
0.003536 0.733219
0.001946 0.733211
-0.007579 0.726745
-0.006156 0.714005
-0.010412 0.713155
-0.019074 0.686921
0.023572 0.713605
0.026272 0.718862
0.023297 0.726976
0.022983 0.736725
0.021544 0.738413
0.023805 0.738164
0.018183 0.728438
0.016544 0.718358
0.004670 0.712064
0.129836 0.733484
0.056092 0.696929
0.054965 0.707366
0.045762 0.715510
0.037026 0.726012
0.027689 0.729735
0.021238 0.727502
0.016542 0.722924
0.015792 0.716616
0.018869 0.706138
0.022231 0.692071
0.009844 0.708661
0.006875 0.713476
0.006328 0.722498
0.004313 0.727676
-0.001453 0.732265
-0.002823 0.729279
0.003967 0.720558
-0.003663 0.716497
-0.023790 0.713112
0.012536 0.726289
0.083947 0.701445
0.076792 0.707694
0.064417 0.717360
0.053799 0.727321
0.045605 0.729327
0.030166 0.729184
0.023856 0.722709
0.012022 0.715595
0.008316 0.719464
0.017956 0.725708
0.035233 0.704048
0.034258 0.707366
0.026925 0.710146
0.030748 0.714122
0.026726 0.714856
0.024820 0.716692
0.021883 0.712590
0.018428 0.715389
0.014720 0.714750
0.036845 0.694115
0.122418 0.699576
0.116799 0.700250
0.099066 0.703042
0.083760 0.706202
0.074962 0.708418
0.060321 0.704023
0.054964 0.706855
0.060347 0.700055
0.073866 0.703636
0.014595 0.699002
0.050685 0.952914
0.063051 0.937168
0.051046 0.932982
0.038882 0.933233
0.023770 0.926325
0.010785 0.921467
0.007116 0.911899
-0.010007 0.898557
-0.015753 0.892962
-0.057771 0.888269
0.001838 0.951247
0.008280 0.934943
0.019580 0.935808
0.026450 0.933515
0.037824 0.932351
0.033533 0.921217
0.043407 0.912827
0.040867 0.900737
0.028278 0.892195
0.045027 0.935177
-0.000981 0.901514
-0.004576 0.954179
-0.004348 0.972861
-0.010334 0.983398
-0.014419 0.979358
-0.012966 0.974642
-0.023629 0.966741
-0.037190 0.954681
-0.026042 0.963005
-0.083093 1.022912
0.001762 0.889622
0.001186 0.941605
-0.011455 0.964315
-0.008431 0.971044
-0.005354 0.970237
-0.005899 0.965010
-0.007679 0.960624
-0.009484 0.948678
-0.016523 0.950217
-0.060728 0.906479
0.050264 0.954251
0.062263 0.939107
0.050072 0.935504
0.036909 0.936125
0.021185 0.929440
0.008439 0.924444
0.003222 0.914872
-0.015884 0.901229
-0.021105 0.894054
-0.073543 0.880223
0.001903 0.952369
0.008473 0.937211
0.017971 0.938511
0.024948 0.936059
0.036636 0.935252
0.032117 0.923993
0.041716 0.915663
0.038887 0.904080
0.025535 0.898129
0.033994 0.935070
0.003790 0.704751
-0.000401 0.704904
0.002533 0.702079
0.004386 0.701301
0.006339 0.698506
0.008346 0.694816
0.018573 0.695156
0.018991 0.690063
0.011375 0.695157
0.114109 0.646377
-0.000906 0.710386
-0.000095 0.709899
-0.000521 0.706570
0.002651 0.706831
0.000747 0.704100
-0.000430 0.702662
0.003610 0.698566
0.003826 0.697309
-0.017388 0.703294
0.018539 0.629694
0.019261 0.709931
0.012542 0.708915
0.018660 0.711266
0.019918 0.711906
0.026573 0.709888
0.026112 0.706563
0.031738 0.701147
0.029172 0.701322
0.017881 0.711027
-0.010127 0.670956
-0.001591 0.708955
0.000931 0.710702
0.006441 0.713716
0.003354 0.712006
0.005740 0.709771
0.005254 0.706886
0.011494 0.700207
0.009920 0.700911
0.009614 0.701624
0.009421 0.660502
0.016299 0.708348
0.001062 0.706374
-0.003097 0.709182
-0.000807 0.708637
-0.010727 0.708154
-0.010442 0.706436
-0.015246 0.703881
-0.014480 0.701336
-0.037901 0.701974
-0.024892 0.707545
0.008229 0.709287
0.016547 0.709349
0.021941 0.710467
0.028225 0.710185
0.026597 0.710210
0.036761 0.708746
0.039049 0.705013
0.049310 0.705509
0.036519 0.712930
0.062311 0.740052
0.007491 0.706242
0.009711 0.700859
0.007420 0.703591
0.006942 0.705151
0.005538 0.708397
0.010830 0.709115
0.006287 0.705926
0.002892 0.707935
0.010389 0.701005
-0.013141 0.681674
0.004166 0.706904
0.005198 0.703405
0.003191 0.704440
0.003240 0.708517
-0.001703 0.708940
0.005323 0.707763
0.001307 0.708881
0.000746 0.708316
0.001275 0.699917
0.004053 0.717876
0.016601 0.703857
0.017728 0.701523
0.020476 0.703214
0.020132 0.702368
0.022235 0.706962
0.019338 0.709796
0.020513 0.710894
0.022531 0.707828
0.020492 0.713745
0.071102 0.663051
-0.007606 0.707245
-0.013898 0.705270
-0.013606 0.701993
-0.016950 0.707052
-0.012199 0.708613
-0.013177 0.711239
-0.015481 0.713650
-0.013526 0.708127
0.005229 0.710583
-0.024878 0.721255
0.030465 0.706202
0.018317 0.701071
0.019760 0.708907
0.021723 0.712738
0.020624 0.714777
0.021861 0.712822
0.023363 0.704025
0.021427 0.696538
0.002296 0.694517
0.030823 0.697403
0.002041 0.706572
0.006754 0.703592
0.011212 0.708597
0.013459 0.716036
0.012998 0.716641
0.021216 0.716507
0.025314 0.703148
0.030735 0.694872
0.022335 0.709715
0.041172 0.672676
0.008167 0.708167
-0.000934 0.707561
-0.002728 0.705841
0.001052 0.706315
-0.001077 0.703786
-0.005046 0.707875
-0.007506 0.706311
-0.004664 0.705347
-0.013214 0.699697
-0.026847 0.699922
0.007309 0.708017
0.008644 0.709078
0.008533 0.709712
0.010593 0.707530
0.010837 0.707628
0.017992 0.708196
0.015267 0.704387
0.017965 0.702274
0.025758 0.701609
0.033959 0.723666
0.007436 0.707289
0.000945 0.707680
-0.003225 0.705814
-0.003176 0.708011
-0.006356 0.705310
-0.008194 0.704615
-0.008034 0.705423
-0.010580 0.702723
-0.023488 0.701708
0.009210 0.722111
0.006031 0.708810
0.004259 0.708251
0.011306 0.709312
0.012267 0.710496
0.012842 0.706795
0.013244 0.704705
0.017159 0.705409
0.022240 0.707242
0.010821 0.702688
0.033031 0.718744
0.008559 0.707729
0.000133 0.705245
-0.002204 0.706885
0.000251 0.703273
-0.003945 0.705371
-0.006568 0.704609
-0.007256 0.703577
-0.007528 0.702421
-0.024930 0.706558
0.077117 0.739594
0.000445 0.708574
0.011586 0.708456
0.006129 0.708841
0.008288 0.708851
0.008379 0.709381
0.017848 0.707033
0.016131 0.704653
0.018379 0.706826
0.021036 0.706622
-0.018357 0.724187
0.010907 0.707636
-0.001532 0.707365
-0.002329 0.707496
0.000086 0.708822
-0.006937 0.705487
-0.005118 0.702815
-0.007829 0.703663
-0.007537 0.701024
-0.003928 0.701998
-0.028536 0.751069
0.007846 0.707578
0.007308 0.706833
0.015050 0.708386
0.015878 0.707835
0.010303 0.707751
0.017016 0.705841
0.016631 0.701527
0.026047 0.706110
0.023708 0.719284
0.050338 0.613492
0.005741 0.705913
0.002801 0.708425
0.002271 0.708564
0.001418 0.706840
-0.005920 0.705130
0.001400 0.704410
-0.004016 0.710898
-0.001728 0.704246
-0.014007 0.716820
-0.071063 0.732958
0.007672 0.708837
0.005088 0.707880
0.007617 0.707453
0.013091 0.707721
0.015780 0.706909
0.017371 0.706594
0.021787 0.707137
0.025377 0.704243
0.000399 0.713165
0.033752 0.663222
0.004127 0.707371
0.003323 0.706617
0.002473 0.708176
0.003302 0.707825
0.003919 0.706878
0.008010 0.708106
0.006158 0.704244
0.001803 0.704246
-0.007333 0.709836
0.025608 0.726368
0.001771 0.708792
0.001778 0.707648
0.001317 0.708934
0.000221 0.707464
-0.003359 0.708378
0.003462 0.706601
-0.000910 0.708650
0.000761 0.708913
0.004321 0.711037
0.040877 0.700388
0.003415 0.706288
0.006885 0.705727
0.004418 0.706421
0.001785 0.708802
0.000586 0.705202
0.002489 0.706644
0.002674 0.710253
-0.000931 0.704326
0.005913 0.698992
0.021515 0.659622
0.000371 0.708456
0.000048 0.706910
-0.000121 0.707412
0.002983 0.707985
-0.000565 0.707989
0.002148 0.706083
0.002962 0.708581
-0.005254 0.706330
0.006498 0.712020
0.035930 0.715611
0.004338 0.706158
0.004207 0.705611
0.004638 0.703301
0.001958 0.708546
0.004357 0.705545
0.002995 0.704244
-0.001926 0.708076
0.004615 0.709477
0.011101 0.699930
-0.041207 0.697641
0.003401 0.708282
0.002469 0.708007
0.001079 0.708093
0.000496 0.709057
0.000655 0.706187
0.002096 0.709749
-0.001032 0.711234
0.002668 0.707630
0.004384 0.709831
-0.047354 0.674643
0.004399 0.708337
0.008181 0.707490
0.006786 0.706077
0.006155 0.707136
0.005510 0.703468
0.008050 0.706714
0.008317 0.705154
0.006337 0.713349
0.004851 0.712045
-0.043274 0.679496
-0.000293 0.706407
0.000462 0.706368
-0.000872 0.705346
-0.003319 0.707097
-0.000640 0.706112
0.002860 0.707503
0.000720 0.707026
0.001134 0.706255
-0.018690 0.707022
-0.014303 0.778935
0.005779 0.705574
0.000769 0.706255
-0.001004 0.704120
0.001354 0.705450
-0.001159 0.708122
0.003197 0.707293
-0.002971 0.710144
-0.006668 0.702738
0.011156 0.711240
0.009295 0.711927
0.007457 0.708083
0.007359 0.705952
0.006091 0.705979
0.007898 0.705293
0.001677 0.706243
0.001335 0.709640
0.000983 0.708489
0.002127 0.707700
0.004376 0.713263
-0.023601 0.728636
0.002293 0.706041
0.002013 0.705521
0.001062 0.706465
0.002582 0.704549
0.003113 0.706308
-0.002738 0.707241
-0.001633 0.705964
0.002269 0.707095
-0.002764 0.717728
0.042595 0.708468
0.002176 0.707878
-0.001983 0.707232
-0.000211 0.704067
-0.003213 0.706270
0.002335 0.706406
-0.000279 0.709355
-0.000809 0.709879
0.001075 0.704777
0.015978 0.708266
-0.000372 0.709726
0.019861 0.704835
0.014502 0.705541
0.016325 0.705114
0.017139 0.705072
0.014708 0.703567
0.015068 0.707223
0.017070 0.706546
0.014796 0.708117
0.009424 0.713692
0.008517 0.713354
-0.001305 0.708388
-0.002833 0.708316
0.000039 0.707498
-0.004689 0.706257
-0.000235 0.707413
-0.001730 0.708514
0.002616 0.710922
-0.001488 0.710667
0.010045 0.704654
0.009619 0.716162
0.024096 0.705279
0.020482 0.706254
0.020740 0.708007
0.020398 0.705951
0.019915 0.707046
0.018390 0.707579
0.019943 0.711182
0.016992 0.706295
0.020533 0.705438
0.100675 0.722799
-0.013927 0.707712
-0.014020 0.706734
-0.012806 0.705398
-0.011122 0.707909
-0.008735 0.705771
-0.008490 0.708322
-0.009188 0.707270
-0.007369 0.703783
-0.016966 0.708500
-0.069843 0.702432
0.004551 0.704966
0.004443 0.706021
0.006006 0.704911
0.000604 0.704155
0.006233 0.706537
0.004201 0.708764
0.004417 0.706457
0.004506 0.708020
0.019633 0.704846
-0.038206 0.694962
-0.002529 0.708046
-0.002069 0.707784
-0.005293 0.707333
-0.000067 0.710639
-0.006359 0.707563
-0.003301 0.708271
-0.010342 0.707849
-0.005246 0.708285
0.004211 0.713885
-0.024905 0.700895
-0.008467 0.692876
-0.000244 0.695270
0.004415 0.699001
0.005634 0.698821
0.005944 0.698780
0.016040 0.698297
0.009756 0.699705
0.021891 0.701285
0.006203 0.715840
-0.016186 0.694515
-0.045354 0.720186
-0.045891 0.716760
-0.047716 0.713489
-0.048595 0.713255
-0.048531 0.716739
-0.050883 0.713049
-0.053303 0.712558
-0.052511 0.712928
-0.055974 0.691775
0.131108 0.707103
-0.045525 -0.030365 0.003197 -0.000313 -0.000543 0.004709 -0.000461 -0.001301 
0.233658 -0.007314 -0.004658 -0.000566 -0.001810 0.000174 0.001765 0.000938 
-0.048034 -0.012260 0.001653 -0.001063 -0.000067 -0.001678 -0.002173 0.001298 
0.150678 -0.010136 -0.004757 0.003167 -0.001783 0.000819 0.001815 -0.002485 
-0.015064 -0.004346 0.002907 -0.001145 -0.000941 -0.001647 -0.003804 0.000433 
0.056242 0.000668 0.000528 0.000706 0.001800 -0.001291 -0.002243 0.001394 
0.004283 0.000341 -0.002150 0.001866 0.000182 -0.000248 0.002111 -0.003525 
-0.020119 0.003277 -0.003634 -0.003678 0.001017 -0.002059 0.001417 -0.000925 
0.025637 -0.003063 0.001377 0.001556 -0.000828 -0.000511 0.002233 0.002019 
-0.089310 -0.004290 0.002231 -0.000565 0.001744 0.003163 -0.000905 -0.001157 
0.045831 -0.009728 -0.005274 0.000127 0.001374 -0.000952 0.001593 -0.000023 
-0.150142 -0.012693 -0.002848 -0.000596 0.001079 0.000857 0.000571 0.000465 
0.058134 -0.023196 -0.005763 -0.001439 0.001817 -0.001940 0.000904 0.000449 
-0.200412 -0.024941 -0.002434 0.002803 -0.001008 0.002122 0.001393 -0.000618 
0.061105 -0.031767 -0.008355 -0.002644 -0.000306 -0.001868 -0.001633 -0.001399 
-0.228984 -0.027854 0.001355 0.002903 -0.001232 0.001655 0.001138 -0.000018 
0.042116 -0.034231 -0.006417 -0.000477 0.000845 0.000482 0.000596 0.001565 
-0.239698 -0.020128 0.001534 0.002525 0.000865 -0.000690 0.000387 -0.001772 
0.034914 -0.091619 -0.005091 0.004066 0.002710 0.001154 -0.000016 -0.002001 
-0.274122 -0.014534 0.020457 0.002283 -0.001377 -0.002179 0.000981 -0.002861 
0.002843 -0.012644 -0.001015 0.001677 -0.006802 -0.001752 0.001705 -0.004693 
-0.022344 -0.004891 0.000146 -0.003607 0.001654 0.001803 -0.001783 0.005609 
0.005164 -0.003459 -0.001765 0.002217 -0.000732 -0.001719 0.003030 -0.000825 
-0.011889 0.002602 0.003040 0.004254 0.000783 -0.001261 -0.002783 0.000424 
0.002100 0.000838 0.001986 0.002283 -0.003871 0.003018 0.002793 -0.000783 
-0.009748 -0.000420 0.004023 -0.002914 -0.000159 -0.000418 -0.001175 0.004394 
0.001931 -0.001722 -0.001954 0.005577 -0.000001 0.000951 -0.001022 -0.003613 
0.002249 -0.002030 -0.001479 0.000550 0.004954 0.000234 0.000781 -0.000470 
-0.001903 -0.000946 -0.001690 0.001960 0.003381 -0.001152 0.002249 -0.001535 
0.010308 -0.003629 0.000685 -0.003693 0.003805 0.000081 -0.001541 -0.000873 
0.000178 0.002775 -0.002402 0.006710 0.002694 0.005759 0.002159 -0.003502 
0.010689 0.000513 -0.006437 0.000255 0.002165 -0.002408 -0.003250 0.001519 
-0.000428 0.001210 -0.003653 0.008094 -0.003019 0.001782 -0.002734 -0.005600 
0.013954 0.000519 -0.000565 0.003783 0.003700 0.002488 -0.002354 0.005725 
0.001659 0.004305 -0.004315 0.007286 -0.003102 0.002803 -0.000230 -0.003389 
0.013304 0.001805 0.000849 0.005003 0.003375 -0.002375 -0.000604 -0.003016 
0.002131 0.012126 -0.003600 0.009819 -0.002129 0.007134 -0.007281 -0.009419 
0.008540 0.000460 -0.007295 -0.001475 0.001963 0.002294 -0.004964 0.001338 
0.000622 -0.022654 -0.010266 0.011451 -0.002538 -0.004743 -0.001080 -0.004564 
-0.058704 0.002391 -0.004625 0.002343 0.002103 -0.001921 -0.004607 0.001408 
-0.045647 -0.031088 0.003617 0.001484 0.000355 0.002276 -0.001137 0.001795 
0.235532 -0.008533 -0.004281 0.000324 -0.001143 -0.000576 -0.001247 -0.000896 
-0.048789 -0.012122 0.002512 -0.000188 0.000870 -0.000643 -0.003449 0.003845 
0.152033 -0.009496 -0.002956 0.001564 -0.002380 -0.001713 0.000207 -0.001213 
-0.015579 -0.003902 0.004600 -0.000990 0.000461 0.000527 -0.002316 0.003136 
0.057083 0.000735 0.001756 0.000953 -0.001187 0.000606 -0.001293 -0.000808 
0.005171 0.000740 -0.003616 0.001734 -0.001819 -0.000326 0.003438 -0.004611 
-0.019951 0.002129 -0.002903 -0.002606 -0.000130 -0.001182 -0.000492 -0.004320 
0.025909 -0.003039 0.000449 0.002668 0.001108 -0.000603 0.000864 0.001857 
-0.090121 -0.003825 0.003230 0.000707 0.000663 0.001410 -0.001323 -0.000426 
0.045920 -0.010009 -0.005069 0.000448 0.001197 0.000386 0.000492 0.001730 
-0.150564 -0.012949 -0.002496 -0.001032 -0.000729 0.001221 -0.002784 -0.000206 
0.059513 -0.023745 -0.007354 -0.001476 0.002162 0.000645 0.001702 -0.000222 
-0.201743 -0.024781 -0.001950 0.003082 -0.000402 0.001486 0.000735 0.001137 
0.061603 -0.032973 -0.009424 -0.003097 -0.000342 -0.001791 -0.001313 -0.000808 
-0.231501 -0.028389 0.001550 0.003083 -0.000360 0.000441 -0.000460 -0.001958 
0.042907 -0.035443 -0.007087 -0.000676 0.000463 -0.001057 0.002086 -0.000266 
-0.241438 -0.021014 0.002129 0.001452 0.001015 -0.001616 -0.002261 -0.002062 
0.036063 -0.081098 -0.005236 0.003073 0.003805 0.000490 0.001382 -0.003668 
-0.265644 -0.015212 0.016316 0.002683 -0.002085 -0.000798 0.001268 -0.003315 
-0.007927 -0.034274 0.000408 -0.000040 0.000951 0.001296 -0.002094 -0.001038 
-0.208872 0.003312 0.002959 0.002911 0.004835 0.000125 0.000172 -0.000140 
0.000342 -0.015709 0.001114 -0.001919 -0.002958 -0.003922 0.001984 -0.000846 
-0.132008 -0.001739 0.000347 -0.003385 -0.002039 -0.000112 0.001428 0.000273 
-0.001225 -0.003971 -0.002150 -0.000474 0.000249 0.002026 -0.000186 -0.000055 
-0.061060 0.000647 -0.001063 0.000962 0.001562 -0.000358 -0.001203 -0.001594 
0.003704 0.001952 0.001667 0.002166 0.001200 -0.002021 -0.001001 0.000403 
0.007455 0.000801 0.002613 -0.001211 0.001256 -0.001997 0.002049 -0.002720 
-0.000983 -0.004169 -0.001941 0.004582 -0.001078 -0.000079 0.002972 0.000871 
0.071855 0.001650 0.003345 -0.001463 -0.003532 -0.000106 -0.003262 -0.001842 
0.000990 -0.011770 0.000804 0.005090 0.001500 -0.002209 -0.002353 0.000672 
0.113933 0.002986 -0.007296 0.001067 0.001468 0.001361 -0.003710 -0.000986 
0.006423 -0.019160 -0.000632 0.005611 0.000264 -0.004597 -0.001282 0.002522 
0.149173 0.003038 -0.010562 0.000147 0.002061 -0.000531 -0.010312 -0.011124 
0.005560 -0.013684 -0.000609 0.008241 0.003619 -0.005948 0.001969 0.000227 
0.158357 0.003840 -0.011468 -0.001253 0.009980 -0.000467 -0.013103 -0.013786 
0.001480 -0.018357 -0.000213 0.011968 0.000709 -0.002047 -0.000205 -0.005619 
0.170108 -0.001696 -0.011354 -0.003003 0.006677 0.001518 -0.010477 -0.014807 
-0.005586 0.014039 0.005177 0.005676 -0.000975 0.001047 0.008668 0.005176 
0.212573 -0.005201 0.002815 -0.001000 0.005687 0.005944 -0.017328 -0.019334 
0.035446 -0.006694 -0.000040 0.001780 0.000496 -0.000338 -0.000034 -0.003470 
-0.065914 0.002565 -0.001584 -0.001108 -0.000270 -0.000303 0.003415 -0.003154 
0.022516 -0.003364 -0.002480 0.000330 -0.001238 -0.000382 -0.000822 -0.001787 
-0.043302 0.002650 0.003876 0.002563 -0.001512 0.000355 -0.000062 0.000423 
0.007490 0.001261 0.003724 -0.001223 -0.000310 -0.000047 0.001677 -0.001854 
-0.015499 0.003542 0.000566 0.001690 -0.002479 -0.000318 -0.001371 0.003682 
-0.004392 -0.000334 -0.003160 -0.000362 -0.001570 -0.004221 0.001076 0.000833 
0.000754 0.002409 -0.000690 -0.001103 0.003110 0.001316 -0.000339 -0.000682 
-0.008366 0.002778 -0.002950 -0.001317 -0.000364 0.001071 -0.002070 0.000765 
0.023231 0.003966 0.000409 0.002093 0.000908 0.001354 -0.000385 -0.002248 
-0.017469 0.002188 -0.002295 0.002071 -0.001793 -0.001031 0.001153 0.002676 
0.046227 0.001216 0.000049 0.000508 -0.000310 -0.001128 0.000062 0.006174 
-0.029959 -0.000364 -0.001792 -0.003363 0.001471 -0.000368 0.000665 0.001451 
0.055997 -0.001237 0.001871 0.000150 0.001861 0.002095 -0.001862 -0.003630 
-0.027939 -0.001675 0.002285 -0.001935 0.000432 -0.003196 0.000613 0.002185 
0.061788 -0.000901 -0.003678 -0.000345 0.001077 -0.001238 0.001164 0.002505 
-0.035876 0.007086 0.003243 -0.001622 -0.002651 0.006588 0.000226 -0.000305 
0.066462 -0.007752 0.001317 0.001766 -0.001263 -0.002008 0.000017 -0.003382 
-0.099305 0.071956 -0.001860 -0.003606 0.007617 -0.004913 0.000532 0.001393 
0.089517 -0.022706 0.022727 -0.004653 -0.000120 0.002114 -0.002870 0.002845 
0.050048 -0.004585 -0.002970 -0.001193 -0.001589 0.002035 -0.003837 -0.001756 
-0.044740 0.001597 0.000823 -0.000391 0.003765 -0.004501 0.001143 0.000180 
0.026302 -0.003318 0.001275 0.004012 -0.001504 0.003813 0.001690 -0.005157 
-0.022052 0.001635 0.002485 -0.000668 -0.001298 -0.002617 0.001199 0.000645 
0.014984 -0.001254 -0.002158 0.003088 -0.000370 -0.000526 0.001403 -0.001735 
-0.011281 -0.000103 -0.001755 -0.002081 -0.001522 -0.001840 0.000832 0.002874 
-0.004456 -0.000453 0.000373 0.000773 -0.000294 0.000302 0.003684 -0.001479 
0.000294 0.004409 0.000767 -0.000178 0.000085 0.000969 -0.002939 -0.001277 
-0.015929 0.002940 0.001161 0.000599 0.002463 -0.002735 -0.002333 0.000655 
0.014820 0.004474 0.005117 0.000949 0.000366 0.003115 -0.001947 0.000443 
-0.025417 -0.001431 0.001344 0.001894 0.000849 0.002596 0.000120 -0.003656 
0.022623 0.006094 -0.001601 -0.004909 0.000769 -0.002381 0.000144 -0.000618 
-0.038830 0.001540 -0.000541 0.000880 0.000947 0.001263 0.002039 0.002602 
0.027919 -0.001026 0.000194 -0.001834 0.000315 -0.001973 -0.004223 0.000500 
-0.048445 0.002669 -0.001583 0.004141 0.002773 0.000539 0.001485 0.001331 
0.047820 -0.005102 0.000334 0.003376 -0.001221 0.001618 -0.001118 -0.002337 
-0.048911 0.008392 0.002589 -0.004815 0.000150 0.002670 -0.002712 0.002911 
0.048895 -0.003385 0.000872 0.001046 -0.005058 0.004555 -0.000325 -0.001081 
-0.061077 0.021065 0.001198 -0.005745 0.000608 0.001256 -0.001659 0.002175 
0.036853 -0.009382 0.004863 0.003431 -0.002558 0.005069 -0.001349 0.000957 
0.018038 -0.001079 -0.000020 -0.000432 0.002335 -0.001277 0.002744 -0.000975 
-0.018508 -0.001106 -0.000248 0.001207 -0.001339 0.003286 0.002414 0.000589 
0.012090 -0.002493 0.001735 -0.001776 -0.000432 0.002720 0.003453 -0.000288 
-0.011361 0.002660 0.004263 0.001559 0.001021 0.002752 -0.002160 -0.001501 
0.000543 -0.001441 0.003025 0.000258 0.000766 -0.002278 0.000832 0.001349 
-0.003687 0.001849 -0.001060 0.000702 -0.002540 0.002655 -0.002167 -0.000537 
-0.000362 0.003048 -0.003955 -0.000556 0.000790 -0.002346 -0.000517 -0.000250 
0.004290 0.002447 -0.001224 -0.000258 0.001871 0.004736 0.000459 -0.002577 
-0.005137 -0.000610 -0.002723 -0.000539 0.000249 0.002547 -0.001965 -0.000170 
0.005890 -0.002032 -0.001087 0.000680 0.001556 0.001309 -0.000791 0.000702 
-0.010030 -0.001417 -0.003753 0.001129 -0.001753 -0.003713 0.002575 -0.002697 
0.006008 -0.000446 -0.004780 0.000414 0.000671 -0.001299 0.001840 0.004930 
-0.013067 0.003040 0.000599 0.000038 0.002054 0.002046 0.000485 0.000063 
0.017835 0.001124 0.002294 0.001663 -0.000601 -0.001492 -0.003994 -0.002162 
-0.019228 0.002891 -0.001893 -0.003200 0.003152 -0.003391 -0.002425 -0.002422 
0.020237 -0.000223 -0.000675 -0.003103 0.002977 -0.000484 0.000445 0.001877 
-0.028366 -0.005786 0.002559 -0.001099 0.000630 -0.001425 -0.002997 -0.000869 
0.027686 -0.000011 0.001287 0.002009 -0.006010 0.004118 -0.003830 0.001094 
-0.021424 0.022210 -0.004159 -0.000435 0.004221 0.000879 0.001248 0.001246 
0.000611 -0.001248 0.003896 -0.002910 -0.003157 0.001917 0.001842 -0.003759 
0.003226 -0.002492 0.000791 -0.003480 0.000153 -0.000376 -0.000899 -0.001965 
-0.034056 0.003485 0.000307 -0.001500 -0.001689 0.002447 -0.000663 -0.002173 
0.001085 -0.002845 0.000559 -0.001141 0.000623 -0.001281 0.000919 -0.002269 
-0.028303 -0.002423 0.001157 0.001646 0.003437 -0.003127 -0.001093 0.003060 
0.002230 -0.000468 0.003623 0.002550 0.000138 0.000833 -0.001205 -0.002961 
-0.010952 -0.004187 -0.001940 -0.000602 -0.001759 0.000125 -0.000358 -0.000777 
0.000889 -0.002815 0.000379 0.000148 0.000986 -0.000968 -0.004160 0.002355 
0.004476 -0.000345 -0.000042 -0.001183 0.003278 -0.000704 -0.000336 0.000537 
0.001209 -0.001166 -0.002810 -0.002537 0.000013 0.001990 0.005079 -0.001875 
0.017424 -0.001744 0.003127 -0.000817 0.001298 -0.003967 -0.000861 0.003786 
0.003008 0.002775 0.003775 -0.001607 0.000707 -0.001062 -0.000418 -0.000427 
0.037139 -0.004049 -0.002373 -0.003312 0.001046 -0.003080 -0.000980 -0.002018 
0.001858 0.004902 0.000526 0.000576 0.003575 0.001288 0.000619 -0.000715 
0.048139 -0.002790 0.001219 -0.001251 -0.000893 0.002476 -0.003780 0.002259 
-0.002162 -0.002218 0.004196 0.000365 -0.004465 0.002840 -0.000309 -0.002006 
0.049928 -0.003475 0.001045 0.001701 0.002791 0.000818 0.001044 0.000927 
-0.001441 -0.008744 -0.000567 0.001235 -0.003988 0.003221 0.003248 -0.001377 
0.047343 -0.004579 0.002214 -0.000675 0.005302 0.005687 0.001529 -0.002473 
-0.012962 0.017213 -0.005336 -0.006661 -0.001537 0.006166 -0.001092 0.002305 
0.038354 -0.001004 0.005839 -0.003095 0.010154 0.007038 0.001429 -0.000016 
0.054268 -0.014351 0.004566 -0.001143 -0.001364 -0.002243 0.000657 0.000784 
-0.154737 -0.007849 -0.002752 -0.004915 0.002638 0.001396 -0.000832 -0.001658 
0.027190 -0.004156 0.003136 0.003959 -0.001149 0.001916 -0.002912 -0.002569 
-0.092607 -0.000309 0.001957 -0.001754 0.000867 -0.003920 0.003008 -0.000898 
0.010381 -0.000837 0.000241 0.001547 0.000167 0.000030 -0.001698 0.000731 
-0.034608 0.000459 0.002056 0.001344 0.001643 -0.001337 -0.001219 0.001475 
-0.002335 0.001645 0.002190 -0.003971 -0.003171 0.000637 -0.001711 -0.003097 
0.011183 0.004615 0.001197 0.001244 -0.003769 -0.000877 0.002934 -0.002707 
-0.015415 0.002303 -0.004338 0.000327 0.002789 -0.000631 0.002351 -0.003140 
0.056748 -0.000490 0.000199 -0.000869 -0.000000 -0.000458 0.002643 0.001001 
-0.027046 -0.008324 -0.000251 0.001372 0.002577 -0.002203 -0.000454 -0.001002 
0.099821 0.001743 -0.002100 -0.000125 0.004225 -0.004756 0.000812 -0.000169 
-0.042279 -0.007676 0.002988 -0.001049 -0.005886 -0.001636 -0.002681 0.000490 
0.141696 -0.006042 0.002105 -0.000432 0.005207 -0.000386 -0.001610 -0.001705 
-0.052841 -0.012104 0.002625 -0.000845 0.004120 -0.000486 -0.003050 -0.001319 
0.170331 -0.013720 0.000507 0.001541 -0.000977 0.001073 -0.001476 -0.006325 
-0.063098 -0.009907 -0.001449 0.001484 -0.000383 -0.003065 -0.000197 -0.001462 
0.184570 -0.014708 0.003038 -0.001831 -0.002305 -0.000674 -0.001449 -0.000729 
-0.132633 0.007263 0.006636 -0.001866 -0.004031 0.003942 0.000881 -0.000714 
0.202591 -0.035775 0.007548 0.003835 -0.002339 -0.002111 -0.000381 -0.002301 
0.020124 -0.001585 -0.000161 -0.000757 -0.001611 -0.001606 -0.000419 0.002156 
-0.023026 0.008149 -0.000966 -0.002548 0.000036 -0.001633 0.000053 -0.001500 
0.011454 -0.004553 -0.002711 -0.001374 0.001334 0.002389 0.002667 -0.003935 
-0.011648 0.001758 0.000529 0.000690 0.002262 0.003541 -0.002115 -0.002447 
0.004516 -0.001945 0.001094 -0.001778 -0.002619 -0.002042 -0.002046 -0.000001 
-0.008332 0.002421 0.001376 0.002006 0.002404 0.000325 -0.002122 -0.003956 
-0.002389 -0.001309 0.002802 0.000240 -0.000752 0.004109 -0.001268 0.003902 
0.002611 0.001815 -0.003282 -0.000231 0.001864 -0.000712 -0.002435 -0.000585 
-0.007989 0.000532 0.003035 -0.000109 0.000206 -0.003133 -0.000338 0.001288 
0.011848 0.001310 -0.000037 -0.000486 -0.002230 0.001437 0.000614 -0.001903 
-0.008684 0.000619 -0.002754 -0.001502 0.002730 -0.001097 -0.003730 -0.001860 
0.011346 -0.000062 0.002560 0.001466 0.000702 -0.000520 0.001235 -0.002256 
-0.015363 -0.005124 0.002140 -0.000958 0.002912 0.001846 -0.001647 -0.000046 
0.013849 -0.002135 0.003134 -0.000409 -0.001288 0.000810 -0.001384 -0.005135 
-0.014785 -0.005496 0.002614 -0.001911 -0.001925 0.005988 0.000479 -0.004020 
0.026982 -0.000565 0.002590 0.003861 -0.002265 -0.001457 -0.000398 -0.002513 
-0.012036 0.003975 -0.003490 -0.002381 0.005254 0.000954 0.000740 -0.001324 
0.014330 0.009794 0.003253 -0.003885 -0.003193 0.004273 -0.003874 -0.001320 
-0.051803 -0.005337 0.000257 -0.000631 0.001263 -0.006434 -0.003925 0.004001 
0.023738 -0.003387 0.001302 -0.005726 -0.000632 0.007063 0.008095 0.003945 
0.022028 -0.004619 -0.000701 0.001881 0.004008 -0.000718 -0.000781 0.001080 
-0.017899 0.001282 0.002307 0.003321 0.003493 0.000398 0.000401 -0.000549 
0.012622 -0.004454 -0.000802 0.004193 -0.001288 -0.001180 -0.001186 -0.000903 
-0.011712 -0.003186 0.002286 -0.002509 -0.000327 0.001202 0.000125 -0.000171 
0.007021 -0.004577 -0.003691 -0.002350 -0.000534 0.002470 -0.000189 0.002516 
-0.008099 0.000673 0.001256 0.001256 -0.000114 -0.001846 -0.001002 0.002410 
-0.003032 0.000923 -0.000902 -0.002741 -0.004225 -0.001468 0.001349 0.000546 
0.002751 0.001592 0.001560 0.000896 -0.001730 0.001062 0.000616 -0.000946 
-0.006109 0.002642 0.000616 0.000134 -0.000053 0.002095 0.002757 -0.001778 
0.006557 -0.001102 -0.002659 -0.000421 -0.004979 0.002499 -0.000206 0.002252 
-0.008130 0.004261 0.000974 -0.000488 0.003063 0.002071 0.000313 -0.003882 
0.014218 0.000052 0.002613 0.000509 -0.004227 0.008284 0.000026 -0.004212 
-0.016055 -0.000873 0.000320 -0.000017 -0.001671 0.001233 0.000106 0.002715 
0.016965 -0.004378 0.000284 0.005030 -0.005798 0.003934 -0.001587 0.001147 
-0.021161 0.000951 0.001053 0.001092 0.001557 0.002767 -0.003197 -0.000708 
0.012969 0.000024 -0.002408 -0.002698 -0.003435 0.005916 0.002368 -0.001135 
-0.012239 0.012045 0.000100 0.000970 0.002116 0.002921 -0.004577 0.002025 
0.012673 0.000985 0.001285 0.003535 -0.008783 0.003091 0.001501 0.000938 
-0.034637 0.040231 -0.007645 -0.000213 0.000301 -0.002367 -0.011006 0.002051 
0.021683 0.000318 0.009222 0.004415 -0.007152 0.002466 0.002555 -0.000903 
0.021640 -0.006555 -0.000444 -0.002022 0.001142 -0.000757 -0.000090 -0.000204 
-0.017621 0.003496 -0.000571 0.001500 0.000963 0.002607 -0.000803 -0.001393 
0.015522 -0.002596 -0.000721 -0.003688 0.000281 -0.000498 0.002096 -0.001391 
-0.009560 0.002417 0.000485 -0.002235 0.003670 0.002626 -0.001721 -0.001180 
0.004099 -0.000656 -0.000016 -0.002171 -0.000478 -0.001086 0.002606 -0.000108 
-0.003531 0.004185 -0.001158 0.001377 0.000217 0.001631 0.000288 0.002599 
0.000488 -0.001007 0.000853 -0.001262 0.003389 0.001029 0.000240 -0.001000 
0.002155 0.003444 -0.000941 -0.001399 -0.003334 0.000828 0.007944 0.004716 
-0.008114 -0.001711 0.000617 -0.001992 0.000040 0.002336 -0.002824 -0.002079 
0.005675 0.001080 -0.000425 0.002409 0.000599 -0.002609 -0.005326 -0.002861 
-0.017801 -0.001123 -0.002788 -0.002880 0.002538 0.001466 0.000945 0.000445 
0.010859 -0.001396 -0.001617 0.002914 -0.003349 0.003304 -0.002027 -0.000197 
-0.017973 0.003907 -0.000553 -0.004301 0.001856 -0.000186 -0.002135 -0.000595 
0.010171 -0.002169 0.004792 0.000687 -0.001481 0.004258 -0.000584 0.000879 
-0.018373 0.008117 -0.001464 0.003786 0.006156 0.006011 -0.002436 -0.003112 
0.018402 -0.003941 0.007614 -0.002574 -0.006289 0.006925 0.002401 0.003434 
-0.013406 0.010449 -0.000902 -0.002412 0.005142 0.002020 -0.004902 0.008500 
0.023266 -0.000267 0.001770 0.000488 -0.009183 0.003370 0.003471 -0.001518 
0.006118 0.075241 -0.005176 0.001722 -0.001746 0.010143 -0.001437 0.003088 
0.032313 -0.003424 0.007078 0.002369 -0.000686 0.006747 0.002540 0.001309 
0.020855 -0.004095 0.003101 0.001810 -0.002662 -0.000028 0.001477 0.002847 
-0.015640 0.005381 0.004115 0.001699 -0.000501 -0.001110 0.001781 -0.001086 
0.011547 -0.006108 0.000224 0.000335 0.003095 -0.000605 0.001115 -0.000327 
-0.007283 0.000149 -0.002491 -0.001274 0.002622 0.002487 0.001509 -0.001250 
0.006736 -0.000681 -0.000744 -0.004206 0.001977 0.001896 -0.001785 -0.000568 
-0.002218 0.003133 0.001354 0.000650 0.002436 -0.000726 -0.002456 -0.002430 
-0.002969 0.002586 0.002611 0.001728 -0.002052 -0.002054 0.001628 0.000205 
-0.001517 0.004439 0.000535 0.000654 -0.002194 -0.001559 -0.003797 0.000149 
-0.009874 0.001863 0.002491 -0.000073 -0.000244 -0.000028 0.000304 0.001650 
0.003480 0.003646 -0.002180 0.001058 0.002026 0.002727 0.002562 -0.002958 
-0.010592 0.003345 -0.002135 0.000656 -0.000529 0.001691 -0.000864 0.001730 
0.007240 -0.000707 0.003673 -0.001977 -0.001042 -0.003234 0.001309 0.002560 
-0.016102 0.001516 0.000734 0.000089 0.000970 -0.003662 0.001789 0.001639 
0.004563 -0.001110 0.002574 0.001724 0.000295 0.001778 0.000026 0.001565 
-0.013142 0.007095 0.000533 -0.000194 0.001531 0.001320 0.000827 0.003485 
0.014540 0.006315 -0.001790 -0.000128 -0.005824 0.003065 0.003260 -0.000841 
-0.017788 0.017437 -0.000996 0.000284 0.002948 0.005182 -0.001800 0.002664 
0.008117 -0.001683 0.000434 0.001904 -0.004367 0.001175 0.000045 -0.001331 
-0.014685 0.034571 -0.010106 -0.001725 -0.002743 0.000360 0.002117 -0.001472 
-0.003932 0.004123 0.001438 0.002046 -0.001421 0.004831 0.003614 0.001625 
0.016951 -0.003701 -0.002567 0.006336 -0.000173 0.001141 0.001022 -0.000837 
-0.011867 0.005490 0.001745 0.001958 0.001522 0.001187 -0.003552 0.001039 
0.008603 -0.002977 0.003334 -0.000602 0.002584 0.000305 0.001468 0.002037 
-0.007422 0.008702 -0.000713 0.002131 0.001999 -0.001769 0.000887 -0.003423 
0.005883 -0.002356 0.000754 -0.003329 0.003089 0.002517 -0.003034 -0.000665 
-0.002267 0.005307 0.000667 0.001919 -0.000773 0.002784 -0.000525 0.000762 
-0.002533 -0.002936 -0.000842 -0.003221 0.000908 -0.000217 -0.003719 0.000353 
0.001803 -0.003117 0.001730 -0.002358 -0.000004 0.001879 0.001165 -0.001088 
-0.005113 0.002158 -0.000872 -0.000773 0.002024 0.001214 0.000812 0.000645 
0.006189 -0.000845 0.002467 0.000029 -0.003652 -0.001477 0.002910 -0.003114 
-0.012387 0.000245 -0.002390 -0.000130 -0.000121 -0.003108 0.001406 0.002995 
0.007103 0.003025 0.000318 0.000808 -0.002224 0.002842 0.002557 -0.003805 
-0.016638 0.005318 -0.002182 -0.002927 0.003495 -0.002678 -0.000515 0.001073 
0.009062 -0.003450 0.001720 -0.001854 -0.000920 0.003697 0.003299 0.000187 
-0.023252 0.003003 0.001904 -0.005840 -0.002130 -0.002676 -0.002587 -0.000840 
0.012563 0.003531 0.004390 0.003079 0.002595 0.003789 -0.000751 0.006531 
-0.016053 0.001043 -0.006114 -0.000925 0.001074 0.005993 -0.003348 0.002936 
0.008692 0.002780 -0.000246 0.000440 -0.001872 -0.001049 0.003580 0.002574 
-0.010716 0.034210 -0.004303 -0.005855 -0.001057 -0.003595 0.002964 0.000245 
-0.039067 0.007009 0.007769 0.004095 0.001622 -0.000863 -0.003298 -0.002777 
0.013020 -0.001769 0.001430 0.004183 0.003236 0.000833 -0.000297 0.000334 
-0.008499 0.002496 -0.001323 0.000929 -0.002099 -0.002183 -0.000618 -0.002194 
0.006609 -0.000307 0.006652 0.002452 -0.001531 -0.005752 -0.000591 -0.000729 
-0.008657 -0.000876 0.000264 0.003868 0.000513 -0.000151 -0.001574 -0.000031 
0.005940 0.001276 0.001062 0.001820 0.002551 0.000779 -0.001973 0.001860 
0.000897 0.004035 -0.000430 -0.001668 -0.000591 0.001693 -0.001207 -0.000446 
-0.000144 0.002322 -0.002338 0.002798 -0.000741 -0.002414 0.001067 0.000038 
-0.000433 -0.001726 -0.003579 0.000045 -0.000954 0.000099 -0.001628 0.002587 
-0.007983 -0.001409 0.003676 -0.003931 -0.000315 -0.000273 0.001801 -0.001512 
0.002814 -0.000422 0.004335 -0.001145 0.000807 0.000239 0.000246 -0.000448 
-0.011279 0.003203 0.000075 -0.000866 -0.000532 -0.002427 0.002872 -0.002650 
0.000649 -0.004407 0.005457 -0.003115 0.004908 -0.001383 0.000449 -0.002143 
-0.009990 -0.005794 0.004780 -0.000571 0.001234 0.002234 0.000515 0.001656 
0.007354 -0.002772 0.001606 0.003089 0.001383 0.000412 0.000591 -0.000525 
-0.013161 -0.001143 0.000518 -0.004519 0.005766 -0.000924 0.002114 0.003098 
0.010394 -0.003678 -0.001833 -0.004918 -0.001463 -0.004258 0.000107 -0.000940 
-0.023852 -0.003726 -0.001723 -0.000568 -0.000434 -0.003266 -0.001510 0.002391 
0.009090 0.003968 0.002576 0.001700 -0.004596 -0.000625 -0.001438 0.000045 
0.020865 -0.009845 -0.001253 0.000589 0.001633 0.001303 0.005373 0.001495 
0.018657 0.007624 0.007411 0.000123 0.006732 -0.001900 0.004060 0.006170 
0.009911 -0.000469 0.000379 0.002536 -0.002430 0.000916 -0.001717 -0.001326 
-0.004743 0.001549 0.001401 -0.000345 0.002576 0.002728 -0.001703 0.001522 
0.006346 -0.000381 0.000486 -0.002062 0.003457 -0.003378 -0.002629 0.002341 
-0.002936 0.002154 -0.001134 0.006067 0.000317 0.002751 0.004711 0.005364 
0.003554 0.000539 -0.001702 -0.000310 -0.002450 -0.002156 0.000985 0.001485 
-0.004032 0.001057 0.001691 0.002084 0.000133 -0.000549 -0.002206 -0.002037 
-0.002283 0.000012 -0.001832 0.001468 0.005385 0.001381 -0.000082 -0.001424 
-0.001826 -0.004067 0.002429 0.003286 0.001821 -0.004057 -0.000279 0.001444 
-0.003687 -0.000195 0.001314 0.001279 -0.000369 -0.001763 -0.000204 -0.001416 
0.004587 0.000987 -0.000885 -0.002887 -0.002750 -0.000931 -0.001999 -0.002995 
-0.004122 -0.002268 -0.002297 -0.002383 0.003252 -0.002019 0.001188 0.001660 
-0.001420 0.002410 -0.002002 -0.003218 0.004521 0.002116 0.003021 0.003221 
-0.008982 -0.001157 -0.000265 -0.001390 -0.001860 -0.000034 -0.004032 -0.002287 
0.008598 -0.001879 0.000894 0.001566 -0.002505 0.005483 0.003048 -0.002645 
-0.012967 0.005917 -0.002091 -0.001530 0.001541 -0.001400 -0.000586 0.000878 
0.002911 -0.002380 -0.000340 -0.003177 0.001213 0.001504 0.001624 0.003041 
-0.008335 0.002562 0.000019 -0.003156 -0.001869 0.002991 -0.002705 0.001002 
0.001813 0.000322 0.001949 -0.000526 -0.002028 -0.000287 -0.001899 -0.004897 
-0.016878 -0.005921 -0.004590 -0.005095 0.005576 -0.003775 -0.001656 -0.002692 
0.005935 -0.000827 0.000804 0.001667 -0.005855 0.006815 -0.005150 -0.006443 
0.006223 -0.000172 -0.002113 -0.002059 -0.001069 -0.001343 0.000241 0.002027 
-0.004377 -0.002149 0.002960 0.003489 0.000230 0.003432 -0.001470 0.000743 
0.003041 -0.005438 -0.001062 -0.003231 -0.000216 0.001159 -0.003592 -0.001894 
-0.007080 0.001327 0.000783 0.000394 0.000280 0.001952 -0.002205 -0.002443 
0.000607 -0.001281 -0.002827 0.000611 -0.000982 -0.000017 -0.002122 0.001841 
-0.003114 0.003150 0.001507 -0.002994 -0.002884 0.001883 0.001234 -0.000548 
0.002346 -0.001467 0.002565 -0.003226 0.000805 0.000276 0.002512 0.002435 
0.005469 -0.000909 0.000867 0.001238 -0.001882 -0.004886 0.000231 -0.003562 
-0.004388 -0.001343 -0.002528 -0.002610 -0.001113 0.000784 0.000294 0.002767 
0.004492 0.002664 0.000202 0.000358 0.001598 0.000795 0.000706 0.001356 
-0.004246 -0.001144 -0.001570 -0.000097 -0.001758 -0.000282 0.000178 -0.001181 
0.006121 -0.001267 -0.002650 -0.003710 -0.001086 -0.002112 0.000051 0.004374 
-0.008749 0.000051 0.000472 -0.000739 0.007329 0.002106 -0.004435 0.000926 
0.002768 -0.002060 -0.001182 0.001191 -0.000631 0.000995 0.001005 -0.002733 
0.001030 0.000194 -0.000190 -0.002763 0.001816 0.002598 -0.002734 0.000321 
0.005584 -0.000751 0.001414 0.004959 0.000299 -0.000139 -0.003579 0.001376 
-0.001073 0.001140 0.000525 0.001308 -0.002074 0.001868 -0.003694 -0.004833 
-0.003045 0.002872 -0.000284 0.000692 0.001450 0.000346 -0.002327 0.001807 
-0.017908 0.010375 0.000802 -0.003006 0.003371 0.004808 -0.001148 -0.006090 
-0.017814 0.009714 -0.001465 0.002324 -0.002788 0.006331 -0.001421 -0.003272 
0.002488 -0.000471 0.000237 -0.002645 -0.001627 0.001169 0.000608 -0.006373 
-0.010200 0.001244 -0.000719 0.002131 -0.001359 -0.000345 0.001475 0.002212 
0.003323 -0.003425 0.003699 -0.000754 -0.000014 0.000178 0.003128 -0.001517 
-0.006784 0.004493 0.000164 0.001593 0.002249 -0.000077 0.000298 0.003485 
-0.004313 -0.001831 0.000927 -0.003203 -0.000150 -0.002266 -0.000457 0.001651 
-0.002411 0.000528 -0.001213 0.003492 0.000794 0.002140 -0.001566 -0.000810 
0.000368 0.002890 0.000356 -0.001555 -0.001509 0.000792 0.000497 0.002933 
0.000348 -0.000395 0.003894 0.002020 -0.004776 0.002657 0.001099 -0.003329 
0.004536 0.003161 0.000400 0.004497 -0.000599 -0.002256 0.001473 -0.000178 
0.006148 0.001871 0.002482 0.000276 0.003263 0.003653 -0.002443 -0.002294 
-0.003403 0.002609 -0.000145 -0.002058 0.002983 -0.001129 0.002000 -0.003824 
0.007665 -0.006604 -0.002024 0.000978 -0.002463 0.002717 0.001841 0.004202 
0.001716 0.001954 -0.001335 0.000180 0.003925 0.001476 -0.000476 -0.000281 
0.011756 -0.002459 0.000665 -0.002427 0.000155 0.001848 -0.001788 -0.002272 
-0.007178 0.006861 0.000443 0.006315 0.004588 0.002679 0.007129 0.001715 
0.007474 0.004015 0.005406 -0.001802 -0.000350 0.001581 -0.003203 0.000821 
-0.003555 -0.007132 0.001485 0.002000 0.005343 0.001962 -0.005148 -0.001083 
0.012950 0.000115 0.007548 0.000625 -0.001443 0.003578 0.002515 -0.000979 
0.001711 -0.002512 0.001731 -0.001421 0.004493 -0.002967 -0.007635 -0.005149 
0.013273 -0.007419 0.005685 0.002425 0.001902 0.001726 -0.003076 -0.001200 
0.004469 0.003208 0.002672 -0.000747 -0.001211 -0.001422 -0.001689 -0.000188 
-0.004732 0.002149 0.002995 -0.000050 -0.002184 0.000104 0.002940 0.000741 
0.004475 -0.001306 -0.002998 0.000842 -0.001916 0.000726 0.001981 -0.005275 
-0.002871 0.001119 0.002633 0.001211 -0.000664 0.003249 0.003171 -0.000064 
-0.000693 -0.000135 0.003184 0.000229 -0.002140 0.004781 -0.000417 -0.002745 
-0.001248 -0.001692 0.003669 0.001743 0.001129 -0.000475 -0.004391 0.001722 
-0.000613 -0.000105 0.001364 0.000421 0.004601 0.003122 -0.000435 0.002728 
0.003307 0.000961 -0.001836 0.000588 0.000008 0.001230 -0.002714 -0.000113 
-0.006257 -0.004335 -0.000409 -0.000633 0.004240 -0.002861 -0.001815 0.003197 
-0.000927 -0.001708 0.002601 0.000118 -0.001776 0.001855 -0.001556 -0.004316 
-0.001092 -0.005104 -0.003071 -0.000914 0.001205 0.001696 -0.002202 -0.001946 
0.002480 -0.000813 0.001256 -0.002150 -0.001995 0.002867 -0.000852 0.002181 
-0.000682 0.002664 0.001304 -0.001073 0.003743 0.000196 0.000769 0.000294 
0.010127 0.004722 -0.000270 0.000636 -0.000581 0.003008 0.000588 -0.000097 
-0.005475 0.006622 -0.003954 -0.002528 0.001771 0.005382 -0.002332 0.000344 
0.002425 -0.000787 0.004705 0.003985 -0.000485 0.011106 -0.003346 -0.003738 
0.001910 0.003249 0.001288 -0.002125 0.002947 0.004196 0.002193 -0.002786 
0.006649 0.005741 -0.001394 -0.003147 0.003825 0.008028 -0.001571 0.000769 
0.006337 0.017659 -0.004068 -0.007992 0.001409 -0.002603 0.006327 -0.000294 
-0.040991 0.005296 0.006992 -0.007487 -0.000572 0.003351 -0.004492 0.001424 
0.008102 0.000786 0.002823 0.000525 0.001748 -0.000304 -0.001365 0.001264 
-0.009222 0.003692 0.000830 0.001504 0.000985 -0.002672 -0.001331 -0.000803 
0.002477 -0.000144 -0.002042 0.001586 -0.003543 0.000485 -0.000830 0.000393 
-0.007288 0.001411 0.001332 0.001696 0.002640 -0.003233 0.002718 0.001358 
0.002653 0.001572 0.001001 -0.000359 -0.000603 0.002138 -0.001594 -0.001276 
-0.002029 0.000721 0.003607 0.000925 -0.001336 -0.001829 -0.000170 -0.003396 
0.002653 -0.002935 0.000878 0.000276 -0.003559 0.003396 0.001195 0.006348 
-0.001953 0.003504 -0.000056 0.000429 -0.002956 0.002397 -0.001317 0.000881 
0.001548 -0.001286 0.002964 -0.001607 -0.000534 -0.000221 0.000128 0.000703 
0.000973 0.001116 0.005975 0.000060 0.001464 0.002508 -0.000483 -0.002933 
-0.006023 0.000808 -0.000780 -0.002404 -0.001085 -0.001483 -0.002365 -0.001068 
0.008406 -0.004213 0.001583 -0.001068 0.000591 -0.001508 0.000934 -0.001512 
-0.008458 -0.003386 -0.000843 -0.001011 0.001739 0.007592 -0.004698 -0.001420 
0.005815 -0.003073 0.001732 -0.001202 -0.000485 -0.001494 -0.000493 -0.001301 
-0.007073 -0.000660 0.000133 -0.005175 0.000333 0.002407 0.000053 -0.000562 
0.004929 0.000316 0.005244 -0.000521 -0.005185 0.000415 -0.002412 -0.001878 
-0.000862 -0.002843 -0.003340 -0.002891 0.001142 0.000797 0.002769 0.000154 
0.015479 0.001523 0.006603 0.002820 -0.004755 0.002943 0.003663 -0.003556 
0.000629 0.019836 -0.002348 -0.004815 -0.000035 0.004086 0.009189 0.005928 
0.002904 0.001297 0.011670 0.000274 -0.001823 0.010387 0.000202 -0.003244 
-0.003293 -0.002436 0.001586 -0.003556 -0.003069 0.000796 0.001603 -0.003489 
-0.019240 0.000792 -0.003325 -0.001190 -0.001853 -0.000155 -0.001645 0.000100 
0.001601 -0.002355 -0.003377 0.000933 0.001206 -0.000370 -0.003554 -0.004208 
-0.010363 -0.002631 0.000683 -0.001430 -0.001646 0.003598 -0.002468 -0.000550 
0.002627 0.000060 -0.000848 -0.000893 -0.001387 -0.000083 -0.000584 -0.000928 
-0.005666 -0.002355 0.001878 -0.000226 0.002636 0.001461 -0.001183 0.000553 
0.000673 0.003201 -0.004407 -0.001363 0.000382 0.004320 0.000350 -0.000331 
0.000397 -0.002833 -0.000440 -0.001629 0.001138 0.002880 -0.000835 -0.003541 
-0.004460 0.001184 -0.001833 0.001358 -0.000246 -0.000502 0.002443 0.001588 
0.005396 -0.005660 0.002071 0.002370 -0.003395 0.002464 -0.003949 0.000916 
0.003261 0.007361 -0.003832 -0.002729 -0.001970 0.003828 0.002125 -0.002154 
0.015353 -0.001143 -0.000623 -0.002182 0.004246 0.001953 -0.001479 -0.000210 
0.003358 0.000821 -0.002822 -0.000814 0.000124 0.004119 0.002837 0.001572 
0.022418 -0.002268 0.000912 -0.000615 -0.003295 0.006951 0.001969 0.000079 
0.005938 0.009474 0.000341 -0.003090 -0.004286 0.003255 0.001172 0.003140 
0.021092 0.001509 -0.004663 -0.003377 0.003621 0.006863 0.001109 -0.007612 
-0.000859 0.012720 0.000817 -0.000538 -0.000994 0.002007 0.004936 -0.002535 
0.024481 -0.005622 0.000248 -0.004551 -0.004306 0.007110 0.007215 -0.008689 
-0.036046 -0.005716 -0.014761 -0.006558 0.002862 0.001087 0.004491 -0.008889 
0.042345 -0.004039 -0.003269 -0.000806 0.002077 0.005946 0.002495 -0.003828 
-0.007882 -0.011198 -0.000312 0.002468 -0.001285 -0.002007 0.001386 -0.001076 
-0.035189 -0.000891 -0.001136 -0.004876 0.000199 -0.000903 0.001839 -0.003347 
-0.002982 0.000113 -0.000393 -0.001066 -0.000843 0.001730 -0.001342 -0.001295 
-0.025577 0.002571 0.000739 0.000848 -0.000302 -0.003462 0.000759 0.003949 
0.000820 -0.004743 0.001356 0.003328 -0.001469 0.002560 -0.002552 0.002564 
-0.009937 -0.002042 -0.000161 -0.001107 0.003197 0.001419 -0.003292 -0.001175 
0.000835 -0.003182 0.002734 -0.000214 -0.002076 0.000354 -0.001505 0.000350 
0.003171 -0.001028 0.003777 -0.007165 0.000855 -0.000933 0.000046 -0.002024 
0.003159 0.000300 0.001633 0.003149 -0.004360 -0.000233 0.001347 0.002400 
0.016853 -0.002454 0.000912 -0.003920 0.004913 -0.000570 0.003465 -0.002356 
0.005298 0.002501 0.005604 -0.001842 -0.000020 0.001836 -0.002316 0.003286 
0.031039 -0.003276 0.002069 -0.009224 0.002374 -0.000244 -0.001769 -0.000118 
0.008431 0.005942 0.004591 0.003128 -0.005997 0.004707 -0.004602 0.001692 
0.040760 -0.009216 0.003537 -0.014660 0.000691 -0.000191 -0.000550 -0.006764 
0.003749 0.015598 0.001670 -0.000074 -0.009518 0.002641 -0.005908 -0.001832 
0.050129 -0.007223 0.005005 -0.011987 0.002304 -0.000395 -0.000986 0.000392 
0.013204 0.015186 0.004234 -0.007611 -0.007952 0.010255 -0.003811 0.005762 
0.049401 -0.018097 0.011239 -0.016225 0.005053 0.002116 0.012645 -0.001437 
0.019936 0.004294 0.001265 -0.007808 -0.012014 0.012498 0.002397 0.004590 
0.067187 -0.005010 -0.002454 -0.014981 0.006148 -0.012207 0.001889 -0.013587 
-0.005135 -0.009472 0.001489 0.002795 -0.003625 0.002662 0.005259 -0.001413 
-0.055901 0.001183 0.006926 0.000164 0.001011 0.006574 -0.003475 0.001170 
-0.008742 -0.006219 0.000625 0.004010 -0.002162 0.004118 0.000046 0.007729 
-0.035076 -0.001003 0.004462 0.000362 0.001612 0.005958 -0.001004 -0.002251 
-0.001727 -0.004296 0.000818 -0.001459 -0.003904 0.006433 0.000533 0.000203 
-0.011314 -0.002087 0.005484 -0.001078 -0.000862 0.008975 -0.000492 -0.000114 
0.000147 -0.005735 -0.000732 -0.001300 -0.006746 0.006849 0.000205 0.003138 
0.007321 0.001215 0.007167 -0.004076 0.007287 0.004816 0.001958 -0.000052 
0.005085 -0.004852 -0.003272 0.001615 -0.009387 0.011037 0.002999 0.004994 
0.022469 -0.005386 0.009025 -0.001795 0.010713 0.008195 0.003830 -0.001114 
0.006500 0.001459 -0.000353 0.000130 -0.009924 0.006673 -0.000067 0.004845 
0.040113 -0.004355 0.010748 -0.003021 0.013815 0.011585 0.003244 -0.002847 
0.009038 0.001765 -0.004195 0.004411 -0.010130 0.014050 0.003908 0.004153 
0.056586 -0.000378 0.018532 -0.006655 0.016376 0.007369 0.005157 -0.001326 
0.008880 -0.002056 -0.002434 -0.003030 -0.015219 0.013912 0.004585 0.006306 
0.069007 -0.004485 0.023773 -0.011412 0.015589 0.014754 0.005798 0.001855 
0.022149 0.001195 0.000257 -0.002096 -0.016939 0.022371 0.004637 0.004769 
0.075011 0.001461 0.028049 -0.014459 0.021925 0.013766 0.006336 -0.000204 
0.022074 0.001954 -0.007941 0.007496 -0.010773 0.032550 0.009499 0.008385 
0.044853 0.001590 0.032846 -0.012389 0.025610 0.023580 0.007830 -0.007384 
-0.004988 0.004807 0.016756 -0.002976 -0.002491 0.008006 0.018646 0.003444 
-0.030376 -0.036490 0.013705 -0.014575 0.019390 0.009572 -0.001016 -0.007552 
0.001658 0.009188 0.014539 -0.006505 -0.001773 0.005133 0.019470 0.005811 
-0.009918 -0.034907 0.020261 -0.012628 0.023959 0.015359 0.000681 -0.005983 
0.005146 0.005173 0.015028 -0.009586 0.002580 0.004287 0.016276 0.011675 
0.006888 -0.033575 0.029052 -0.009374 0.025819 0.021866 -0.003178 -0.005436 
0.009735 0.004405 0.011620 -0.006586 0.002490 -0.003058 0.015269 0.013434 
0.036016 -0.044894 0.031903 -0.009164 0.036536 0.018923 0.003013 -0.009109 
0.004633 -0.000962 0.020879 -0.008178 0.000906 0.004204 0.016552 0.011667 
0.051295 -0.040211 0.030722 -0.001960 0.038114 0.023170 0.006728 -0.005891 
0.017862 -0.001950 0.018694 -0.020336 0.015445 0.000808 0.016449 0.021287 
0.073063 -0.040323 0.032073 -0.008863 0.034746 0.031215 0.009955 -0.005019 
0.011466 -0.002917 0.018058 -0.017140 0.010420 -0.000955 0.013997 0.024012 
0.086712 -0.034846 0.041686 -0.003659 0.035379 0.028974 -0.003743 0.003949 
0.020451 -0.011646 0.011469 -0.033174 0.012027 0.008960 0.012857 0.019259 
0.086601 -0.056616 0.036586 -0.002208 0.044897 0.027734 0.012662 -0.009972 
0.016838 -0.006598 0.025431 -0.024984 0.000521 -0.008409 0.023858 0.020865 
0.095109 -0.043545 0.053219 -0.003840 0.051578 0.031360 0.003721 -0.003939 
0.076878 0.004233 0.025703 -0.018147 0.010235 -0.005265 0.015135 0.006377 
0.100356 -0.031152 0.071837 0.003138 0.037325 0.037562 0.008624 -0.009543 
-0.034367 -0.002135 -0.002742 -0.002230 0.001302 -0.002139 -0.000135 0.001990 
0.026171 -0.002788 -0.000062 0.003400 0.000000 0.000948 0.002450 -0.001431 
-0.034003 0.000062 0.000635 -0.001296 0.002147 0.000738 -0.001965 -0.002232 
0.020805 -0.001646 -0.000771 -0.001078 -0.002708 0.002003 0.000961 -0.002214 
-0.011923 0.000586 0.000272 -0.000227 0.000998 -0.002579 0.003534 -0.002745 
0.011471 -0.000746 0.003153 0.000708 -0.001102 0.001177 -0.002661 0.003283 
0.003853 -0.001102 -0.000279 -0.001598 -0.001883 -0.001225 -0.002500 -0.002316 
-0.004521 -0.001041 0.000520 -0.002343 -0.001578 -0.000933 -0.000230 -0.001700 
0.018312 0.000821 -0.002073 0.000831 -0.001622 0.002480 -0.003836 0.003575 
-0.012505 -0.001509 -0.000669 -0.000983 -0.000869 -0.002771 0.000579 -0.001687 
0.031693 0.002084 -0.001736 0.001435 0.003853 -0.002357 0.005319 0.002804 
-0.020779 0.001748 -0.000043 0.003351 0.000610 0.000995 0.000728 -0.002180 
0.045244 0.002851 0.000014 -0.001686 0.000246 -0.001950 -0.004065 -0.002340 
-0.020792 -0.001192 -0.003404 -0.000274 -0.002399 -0.003198 -0.002556 0.001684 
0.047922 0.000157 0.005600 0.003418 -0.001858 -0.001539 0.000272 0.000877 
-0.023157 -0.001952 -0.002886 -0.000669 -0.000980 0.001681 0.001374 0.001968 
0.047693 0.002553 0.004552 0.000572 0.000747 0.000629 0.001228 -0.001013 
-0.030138 -0.002966 0.001044 0.001107 -0.001783 0.001421 -0.001005 -0.000916 
0.058457 0.000014 0.001892 -0.001336 0.000011 0.003696 0.003585 0.002332 
-0.051016 -0.002211 -0.000494 -0.001527 -0.000467 0.003371 0.002742 -0.001320 
-0.020260 -0.002007 -0.001210 -0.000527 0.001568 0.001158 0.000975 -0.000453 
-0.006604 0.002488 0.004231 0.003585 -0.001234 -0.000115 0.002047 -0.000439 
-0.008196 0.001106 -0.000505 -0.003447 0.000953 0.000744 0.005975 -0.003834 
-0.004210 0.004365 0.000956 0.000348 -0.000477 -0.001274 -0.003392 -0.000747 
0.000667 -0.001891 0.003882 0.000476 -0.003173 0.004257 0.002733 0.000020 
-0.001434 0.004173 -0.002830 0.001136 -0.000524 -0.000125 0.000329 -0.000653 
-0.000549 -0.000308 -0.003411 -0.004209 0.000168 0.003222 0.000815 -0.001563 
-0.002919 0.004860 0.001480 0.001677 0.000876 -0.002482 -0.000209 0.001233 
0.005495 -0.000183 0.002596 0.002548 0.000375 0.003592 0.004211 0.001530 
-0.003867 0.000833 0.001798 -0.002738 0.001748 0.000968 -0.002609 0.000763 
0.007017 0.006439 0.006610 0.000230 0.004756 0.003525 0.005050 0.002754 
0.003195 0.002933 -0.003546 -0.001969 0.006762 0.001324 0.002079 0.001318 
0.006473 0.004303 0.003879 -0.004457 0.000455 0.003529 0.008499 0.003411 
0.002502 0.002963 0.002821 0.005948 0.001598 0.003042 -0.000599 0.004378 
0.012397 0.007765 0.004416 -0.001910 0.006052 0.010378 0.014485 -0.000103 
0.001579 0.003123 -0.004973 -0.002413 0.002314 -0.003109 -0.002093 0.000885 
0.020385 0.006585 0.006725 -0.008729 0.009355 0.013358 0.015692 0.006755 
0.002667 0.002134 0.002415 -0.000684 0.007810 0.004653 -0.004770 0.008059 
0.025582 0.004267 0.001944 -0.012391 0.014140 0.012634 0.021224 0.006120 
0.015354 0.000278 -0.002165 -0.005237 0.012269 0.007125 -0.001165 0.008414 
-0.037073 -0.001197 -0.001358 -0.002165 0.002212 -0.000527 0.002245 0.000300 
0.024811 -0.002906 0.001953 0.001136 -0.000891 0.002424 0.002020 -0.003683 
-0.035168 -0.000525 0.001184 -0.000840 0.001890 -0.000172 -0.001297 -0.000338 
0.019042 -0.001166 -0.002886 -0.001687 -0.001440 0.003396 -0.000687 -0.001826 
-0.011603 0.001229 -0.000760 0.000141 0.003518 -0.001822 0.004272 -0.003537 
0.011973 -0.000358 0.003111 0.000075 -0.000775 0.002079 -0.003388 0.003999 
0.003611 -0.000374 0.001422 -0.001783 0.000521 -0.002502 -0.003064 0.000314 
-0.005380 0.000374 0.000485 -0.002474 -0.000618 -0.000062 0.002424 -0.000061 
0.019473 0.000086 -0.000650 0.000221 -0.000316 0.002124 -0.002006 0.002552 
-0.012420 -0.001731 -0.001189 -0.000109 -0.000819 -0.000989 0.000602 -0.000830 
0.033024 0.002266 -0.000838 0.001706 0.002525 -0.003563 0.003842 0.003643 
-0.018748 0.002484 -0.001738 0.004265 0.001259 -0.001211 -0.000804 -0.000276 
0.047728 0.003967 0.000075 -0.000902 -0.000146 -0.000827 -0.001488 -0.000444 
-0.020211 -0.001025 -0.002102 -0.000056 -0.002864 -0.003164 0.000484 -0.000060 
0.050551 0.000481 0.004949 0.005070 -0.000259 -0.003743 -0.000448 0.001605 
-0.021607 -0.002495 -0.002195 -0.001144 0.001128 0.002372 -0.001378 0.003618 
0.050845 0.003280 0.003840 0.001106 -0.000634 0.000595 0.000237 -0.000795 
-0.028252 -0.001868 -0.000154 0.000161 -0.001434 0.002131 -0.000931 -0.000890 
0.063800 0.007731 0.003536 0.000190 0.000121 0.003667 0.002201 0.001379 
-0.048793 -0.002438 -0.000458 -0.002261 -0.000580 0.003862 0.003172 -0.002624 
0.014510 0.000779 -0.000980 0.001550 -0.001389 -0.003056 -0.002293 -0.001157 
0.004007 -0.001209 -0.000632 -0.000294 0.000931 0.004387 0.002068 -0.004064 
0.006172 -0.003170 0.002069 -0.001610 0.000982 -0.002358 0.000170 -0.000781 
-0.001008 -0.003997 -0.000132 -0.001741 -0.002988 -0.000379 -0.000330 -0.002660 
0.003743 0.000240 -0.000420 0.001516 -0.000865 0.000428 -0.003851 -0.002916 
0.006066 -0.000167 -0.000277 -0.000436 -0.003277 -0.002515 0.003372 0.000498 
-0.002561 -0.001895 -0.004546 0.000818 0.003741 0.001947 0.000577 0.000331 
0.001138 -0.005347 -0.000729 -0.003386 -0.000779 0.001606 -0.002890 -0.000475 
-0.003888 0.001238 -0.002396 0.000789 -0.001734 0.000691 -0.000106 -0.000220 
-0.007765 0.001652 -0.000613 0.002958 0.001957 -0.002172 0.002188 0.001736 
-0.007446 -0.003631 -0.000084 0.000091 0.005159 -0.003234 -0.004788 0.002087 
0.001750 0.001231 -0.000056 0.001080 0.000594 -0.013216 -0.001355 0.003793 
-0.019315 0.003810 -0.002319 0.000493 0.004802 -0.013277 0.001673 0.001590 
0.002080 -0.000702 0.003047 -0.000665 -0.000946 -0.023667 -0.000646 0.001805 
-0.018847 -0.001683 -0.000416 -0.002799 0.001572 -0.019394 0.000213 -0.003654 
-0.000403 -0.001536 0.000645 0.002353 0.000341 -0.034105 0.002249 0.003885 
-0.010381 -0.000979 0.003032 0.000383 0.002442 -0.027455 0.004852 -0.002487 
-0.001005 -0.004000 0.005385 0.003955 -0.004079 -0.043098 0.000971 0.000045 
-0.014399 -0.016264 -0.005931 -0.005804 -0.004902 -0.040219 0.006113 0.003416 
0.003370 -0.004448 0.005935 0.002615 -0.001027 -0.053803 0.004443 0.001223 
0.009222 -0.001038 0.001323 -0.000630 -0.003415 0.006772 0.002797 0.001073 
0.008163 -0.002767 0.002778 0.002066 -0.000469 -0.000727 -0.002624 0.001443 
0.014976 0.005937 -0.002882 0.001024 0.003222 0.001231 0.000328 0.004072 
0.005512 0.001262 0.001694 -0.000056 -0.000589 -0.002026 -0.001254 0.000513 
0.001981 0.004225 0.002572 0.000608 -0.002254 -0.003131 0.000031 0.003661 
-0.001869 -0.000223 -0.001495 0.000479 -0.001619 -0.004992 -0.000181 0.000940 
-0.001955 -0.003114 -0.000509 -0.001042 0.001803 -0.001144 0.001022 0.000521 
-0.000392 -0.006362 -0.001110 0.000438 -0.000930 -0.003218 -0.001001 0.001820 
-0.006442 -0.004365 -0.003070 -0.000832 0.000755 -0.000621 0.000574 -0.002528 
-0.000429 -0.002031 -0.000729 -0.001211 0.000668 -0.003375 -0.001018 0.001912 
-0.010711 -0.004577 -0.000850 -0.001670 -0.002950 0.001911 0.000494 0.003455 
-0.007903 -0.003505 -0.000537 0.000561 -0.002570 -0.001659 0.002864 0.001783 
-0.013356 0.000186 -0.002895 0.003230 0.000981 -0.000530 0.000969 0.005001 
-0.010004 -0.001835 0.004699 -0.000939 0.000438 0.000136 -0.000055 0.000166 
-0.011549 -0.001605 -0.001750 -0.000838 0.001787 0.000121 -0.001749 0.000486 
-0.007714 -0.001788 0.000577 0.002695 0.002014 -0.000594 0.001670 0.000091 
-0.014863 -0.003642 -0.001808 0.003531 -0.000777 -0.002578 0.000029 -0.002712 
-0.014687 -0.000915 -0.001058 -0.000680 -0.000375 -0.007161 -0.001040 0.000527 
-0.017262 0.001303 -0.005484 0.002680 -0.004585 -0.001296 -0.003822 -0.004194 
0.001745 -0.003630 -0.003501 0.000437 -0.000256 -0.013780 0.003861 -0.003204 
-0.031002 0.001579 0.001785 0.001924 0.000585 -0.002503 0.003015 0.000952 
0.033465 -0.004349 0.002805 0.002192 -0.003273 0.002904 0.002440 -0.001545 
-0.010016 0.000748 0.001942 -0.001340 -0.001135 -0.000266 0.000562 -0.000833 
0.014841 -0.001860 -0.005903 0.001928 -0.001369 -0.001720 -0.001894 -0.001408 
-0.004942 -0.000974 0.000616 -0.005557 0.001886 -0.000875 -0.004265 0.001678 
0.006315 -0.001449 -0.002208 -0.003337 0.001254 -0.000613 -0.000139 -0.003570 
0.002587 -0.000856 -0.000551 -0.000090 -0.001507 0.000920 -0.003097 0.002580 
-0.004477 -0.001536 0.003236 0.000006 -0.000190 -0.001282 0.002919 0.004560 
0.004469 -0.001563 0.001010 -0.001941 -0.001940 -0.004718 0.004648 0.002103 
-0.012085 0.001983 -0.000740 0.000331 0.003395 -0.001172 -0.003027 0.000051 
0.006717 0.001608 0.000198 0.004589 0.001685 -0.000538 -0.001290 -0.001300 
-0.014849 -0.001653 -0.001212 -0.004713 0.002959 -0.002249 -0.000483 -0.001831 
0.014537 0.001466 0.001825 0.001759 0.003879 -0.000828 0.002149 -0.003101 
-0.023998 -0.002012 -0.000824 -0.001069 -0.003954 -0.000021 0.001990 -0.003440 
0.020185 -0.001611 0.000297 -0.000387 0.000202 0.003992 -0.005774 -0.003414 
-0.025630 0.001165 0.001649 -0.001742 0.003180 -0.002092 0.000483 -0.001273 
0.035749 -0.007756 -0.002500 -0.001044 0.001419 -0.000456 -0.001060 -0.000624 
-0.048459 -0.003486 0.002806 0.002480 0.002958 -0.002042 -0.005578 -0.000803 
0.043641 0.022215 0.004848 0.005202 0.004864 -0.002061 -0.001592 -0.001850 
-0.060761 0.001885 0.002401 -0.000063 -0.003090 -0.002451 0.004487 0.002368 
-0.001262 -0.000483 0.001922 -0.003647 -0.002626 0.000869 0.000451 0.003712 
-0.000144 -0.001005 0.001550 -0.001805 -0.000069 -0.000963 0.000105 -0.000830 
-0.000153 0.005128 0.000846 0.001015 -0.004163 0.002454 0.002294 0.000933 
-0.000890 -0.001283 -0.001824 0.000359 0.001262 -0.001804 0.003285 -0.001696 
-0.000940 0.000706 0.001505 0.000575 0.000747 -0.001878 0.001029 0.001696 
-0.000841 -0.001844 -0.001405 0.001594 0.000765 0.001024 -0.001101 0.002897 
0.003664 -0.000605 0.000689 -0.003043 -0.000161 0.002178 0.000733 0.001076 
-0.001201 0.000447 -0.002987 -0.002368 0.001067 0.000228 0.001375 -0.001363 
-0.001190 0.001718 0.000790 0.003671 0.003581 -0.001369 -0.000165 -0.000760 
0.002187 -0.006633 -0.000166 -0.000282 0.003744 -0.000240 -0.001918 0.003036 
0.002876 -0.004421 -0.001312 -0.000128 -0.002891 0.001625 -0.002148 0.000250 
0.004509 -0.001594 -0.003897 0.000482 -0.000560 -0.000713 0.002209 0.004889 
0.001266 0.000299 0.003509 0.000465 -0.002304 -0.000290 0.003025 0.004298 
-0.000102 0.000331 0.000413 -0.005250 0.001697 -0.001282 0.003169 0.000933 
-0.000147 -0.003775 -0.001344 -0.000009 0.000977 0.001650 -0.001550 -0.001436 
0.003478 -0.002265 -0.007216 0.001018 -0.001074 0.000041 -0.000837 0.000550 
0.000621 -0.003021 0.001317 -0.002056 0.000770 0.000534 -0.000529 0.000633 
0.019058 -0.000813 0.000354 0.001842 0.002298 -0.009132 0.000146 -0.000016 
0.015251 0.004003 -0.001428 -0.001242 0.002808 -0.002292 -0.004234 0.001133 
-0.019377 -0.002291 0.002112 -0.003493 -0.001604 -0.001946 0.000404 -0.000916 
0.009334 0.004257 -0.000310 -0.000078 0.001245 0.001230 0.001235 0.001372 
-0.003770 -0.000872 -0.002364 -0.000105 -0.001365 0.001328 -0.001080 0.001147 
-0.000470 0.002525 0.001817 -0.003711 0.000325 0.000537 0.000075 0.003577 
0.000788 -0.002522 -0.000964 0.001705 0.001855 0.000504 0.001096 0.000946 
0.000331 -0.003232 -0.001705 0.001730 -0.000935 0.000128 -0.002920 -0.000514 
-0.001589 -0.004021 0.000380 -0.001307 0.004400 -0.002490 0.001641 0.000547 
-0.001582 -0.001992 0.003286 -0.001417 -0.001867 -0.002811 0.002036 -0.003560 
0.001117 -0.003296 -0.001650 -0.001612 -0.000659 0.002861 0.002197 0.001493 
-0.000154 0.006381 0.001545 0.000094 -0.002239 0.002208 0.000828 0.002294 
-0.002119 -0.000492 -0.002190 -0.000923 0.005376 -0.001871 0.001740 -0.001846 
0.000796 -0.000236 0.001894 0.000297 0.001645 -0.005449 -0.001231 -0.001273 
0.001078 -0.002831 0.000334 0.001011 0.000616 -0.001477 -0.001813 -0.002627 
-0.002641 0.001595 0.003087 -0.004470 -0.002523 -0.000010 0.002212 -0.002487 
-0.002575 -0.004983 -0.001203 0.000166 -0.002051 0.000334 0.001369 -0.000385 
-0.005987 -0.002274 0.005976 -0.002106 0.001046 0.000283 -0.001057 -0.001244 
0.006551 -0.006747 0.000710 0.000549 -0.000294 -0.002893 -0.002484 -0.000106 
-0.005297 -0.001611 0.001412 -0.001063 0.002227 -0.002075 -0.000080 0.000615 
-0.003839 -0.005431 0.003822 -0.000761 0.002156 -0.005533 0.001476 0.000621 
-0.016810 0.062726 0.005509 0.002550 0.003850 -0.001410 -0.003297 -0.000338 
0.046603 -0.009968 0.009175 -0.000144 0.001803 0.000264 0.000682 -0.001280 
-0.006084 0.001727 -0.001820 -0.000284 0.001737 -0.001420 -0.000955 -0.002888 
0.023771 -0.001567 0.002555 0.000935 -0.001384 -0.001173 0.001316 0.000136 
0.002794 -0.001557 -0.002669 -0.001107 -0.000211 0.002075 -0.000429 0.002577 
0.011659 -0.000337 -0.003573 -0.001696 0.000847 0.001075 0.000019 -0.002091 
-0.001092 -0.003486 0.002235 0.001548 0.000855 0.002937 0.001223 -0.001125 
0.005563 -0.002914 -0.001872 0.001418 -0.002063 0.001542 -0.001507 0.001595 
-0.000098 -0.001932 -0.000159 -0.003749 0.001829 -0.000975 0.000924 -0.002291 
-0.005510 -0.003852 0.001562 0.001598 0.002444 0.000169 0.000263 0.000100 
-0.004402 0.001248 -0.003587 -0.001014 0.000348 0.001199 0.001701 0.003818 
-0.006724 -0.001001 -0.001076 -0.001777 -0.000005 0.000168 0.003227 0.000103 
-0.000359 -0.002615 0.000810 -0.001870 -0.001013 0.002815 -0.001871 0.002747 
-0.009564 -0.004645 -0.000022 -0.000450 -0.000834 -0.001472 -0.000235 0.000809 
-0.002551 0.001988 0.001742 0.000683 -0.000886 0.002307 0.002137 0.002415 
-0.020467 -0.004714 0.001340 0.000531 0.002688 0.000998 -0.001527 -0.003263 
-0.001976 -0.008872 -0.001310 -0.001902 -0.000630 0.001813 0.001791 -0.001423 
-0.016815 -0.000736 -0.003311 0.004735 -0.000329 0.002320 -0.002305 -0.002081 
0.008086 -0.000948 0.000314 -0.002280 -0.001033 -0.002280 -0.000282 -0.002035 
-0.030911 -0.004230 0.000412 -0.004009 0.001397 -0.000939 -0.000117 0.002048 
-0.003267 0.010454 -0.000506 -0.003240 0.000242 -0.004000 0.001707 -0.000063 
-0.023922 0.000151 0.001247 -0.000568 0.000709 -0.000156 0.003569 0.000062 
-0.012370 0.000998 -0.003073 0.004675 0.000182 0.002688 -0.001534 0.001952 
0.008884 -0.002762 0.002238 0.001928 -0.003598 0.004739 -0.003810 0.001807 
-0.001661 -0.000298 -0.001667 -0.000248 -0.001944 0.001914 0.000050 0.000553 
0.008520 0.001482 0.000450 -0.000559 0.000589 0.004965 -0.001201 -0.000508 
-0.002833 0.000924 0.004625 0.002705 0.001131 0.000562 0.000398 -0.000792 
-0.000630 0.001173 -0.000413 -0.004158 0.002598 -0.000395 0.001573 -0.001588 
0.002793 -0.002457 0.001861 0.000598 0.003128 0.000575 0.001011 -0.002503 
-0.003322 -0.001016 0.001479 -0.002242 -0.000046 -0.001686 0.000925 0.002653 
0.000569 -0.002100 -0.002504 0.000911 -0.003776 0.001343 -0.000917 0.004672 
-0.006367 -0.000729 0.001088 -0.001385 -0.001183 -0.001337 0.000663 0.001118 
0.001202 -0.004510 -0.001275 0.000312 0.000653 -0.005801 0.000622 0.000840 
-0.007297 -0.004164 0.004377 -0.002569 -0.003172 0.000630 0.000598 0.003575 
0.001275 -0.002440 -0.001202 -0.003295 0.002589 -0.000153 0.001899 0.001114 
-0.008109 0.000167 -0.000403 -0.002860 -0.000539 -0.003914 -0.002462 -0.001683 
0.002053 0.001350 0.005070 -0.003977 0.004181 -0.000783 -0.002374 -0.000088 
-0.009844 0.000017 0.001047 0.000237 -0.000330 -0.001991 0.000017 -0.002466 
-0.002131 0.001954 -0.000969 -0.003228 -0.004766 -0.002557 -0.001404 0.001265 
-0.007625 -0.000755 0.003234 -0.002548 0.001092 -0.004753 -0.000939 -0.001283 
-0.001401 -0.021583 0.001008 0.002023 0.002687 0.000083 0.002209 -0.001322 
-0.047898 -0.002748 -0.000105 0.002724 -0.001045 -0.001308 -0.000288 -0.004928 
-0.016547 0.002781 0.003543 0.004232 0.000289 -0.000647 -0.004282 0.001945 
0.013476 -0.002422 0.000074 -0.000041 -0.004007 -0.001438 0.000056 -0.000580 
-0.005640 -0.002330 0.001876 -0.001444 0.001395 -0.003670 0.000810 0.000356 
0.006280 -0.001848 -0.001131 -0.000114 0.000528 0.002274 -0.002964 -0.003353 
-0.002316 -0.000417 -0.001644 0.000531 0.000405 0.000003 -0.001893 -0.000712 
0.006970 0.000395 -0.002253 0.002147 -0.000457 -0.001624 0.001118 -0.002043 
0.000651 -0.000610 -0.001185 -0.000949 0.001270 -0.001365 -0.000961 0.000116 
-0.002754 -0.001513 0.001989 0.002163 0.001683 -0.002575 0.000367 0.002379 
0.001357 -0.002688 0.004162 -0.000043 -0.000256 0.000023 0.000417 0.001315 
-0.004529 0.000096 -0.001163 -0.000314 -0.000741 -0.002780 -0.000072 0.000119 
0.005756 0.000897 0.001793 -0.001790 0.000315 0.001629 -0.003975 -0.000320 
-0.007899 0.000504 0.001489 -0.001087 0.001035 -0.003116 -0.002823 -0.001662 
0.008255 -0.000888 -0.000734 0.002642 -0.001457 -0.001967 -0.000979 -0.003256 
-0.011061 0.001658 0.002010 0.001598 0.000776 -0.004437 0.002450 -0.000107 
0.012608 0.004220 -0.002088 -0.000432 0.000386 -0.005509 -0.000815 0.003099 
-0.013145 -0.006310 0.001954 -0.000008 0.006236 -0.007150 0.001873 -0.001617 
0.024163 0.002621 -0.001175 0.000007 -0.003687 -0.003973 -0.009376 0.002722 
-0.018866 0.001250 0.000242 0.002275 0.004734 -0.004535 0.000299 -0.004104 
0.027376 -0.001838 -0.000356 0.000970 -0.004830 -0.009350 -0.001797 0.003001 
-0.042480 0.005291 0.003350 0.004737 0.003262 -0.006361 0.014288 0.002164 
-0.015596 0.001045 -0.002452 0.000441 -0.002882 0.000581 -0.001655 -0.000735 
0.014321 0.001369 -0.001523 -0.001175 0.000988 0.001840 0.000090 0.002227 
-0.007560 -0.001505 -0.003884 -0.001856 -0.000618 0.001613 0.002211 0.000948 
0.005485 -0.002436 0.002104 -0.003699 -0.000267 -0.001861 -0.002874 -0.001583 
-0.001420 -0.003691 -0.001233 -0.001618 -0.001348 -0.000233 -0.001692 0.000313 
0.001787 0.000341 -0.000887 -0.001186 0.002824 0.002399 -0.001078 0.001527 
-0.000865 -0.000719 -0.001891 -0.004435 -0.002035 0.001329 0.000270 -0.003088 
-0.001971 -0.003911 -0.001350 -0.000815 0.000877 -0.002184 0.003713 -0.000348 
0.000430 -0.001726 0.002132 -0.001052 0.000574 -0.001128 0.000425 0.000159 
-0.007398 -0.000678 0.001366 -0.000881 -0.002230 0.000115 -0.000639 -0.000943 
0.003923 -0.005291 0.000762 -0.002890 -0.000237 0.003320 -0.000060 0.000396 
-0.000297 -0.001591 0.002350 0.000986 -0.004533 -0.004837 -0.000017 -0.003265 
0.004212 -0.002826 0.001169 0.000065 0.001971 0.000453 0.000017 -0.002082 
-0.010394 -0.000825 0.000417 0.002820 0.001227 -0.004403 0.000462 -0.001841 
0.008907 0.003192 0.002083 -0.004888 0.001971 -0.005459 -0.003572 0.002008 
-0.010194 -0.000386 -0.000597 0.003472 -0.000733 -0.001945 0.000308 0.002204 
0.016106 -0.005561 0.000099 0.006572 0.002118 0.000547 0.000247 0.003927 
-0.013008 -0.003464 -0.000180 0.000722 -0.001239 -0.011320 0.001334 -0.000250 
0.031143 -0.021853 0.006340 0.004516 0.000519 -0.003543 -0.002786 -0.003562 
-0.013483 0.005878 0.006178 -0.001978 -0.007273 0.001816 -0.000912 0.001285 
-0.013092 -0.001558 -0.003288 0.002438 0.005939 -0.002498 0.000368 -0.000371 
0.011227 0.004016 0.002295 -0.000482 -0.001838 0.004922 0.001439 -0.000480 
-0.004130 -0.001586 0.000364 0.000275 0.003114 0.000873 0.000285 -0.003104 
0.003718 0.001899 0.002061 0.001101 0.001454 0.000093 0.001789 -0.001205 
-0.002585 -0.001438 0.001426 0.000124 0.001207 0.000949 0.001831 0.000391 
-0.000464 0.000693 -0.000887 -0.000566 -0.000900 0.000359 0.002634 0.000277 
0.001558 -0.000004 0.001855 -0.000266 -0.004499 0.000591 0.001250 0.002235 
-0.000956 -0.001103 0.003473 -0.004120 -0.000685 -0.003362 -0.000380 0.003067 
-0.000437 -0.002347 0.000517 0.001549 0.000332 -0.001910 -0.000403 0.002821 
0.000765 0.000470 0.002644 -0.003164 0.005090 -0.002072 0.002235 0.000708 
0.003763 -0.003683 0.000354 0.002375 0.000684 -0.003299 -0.002038 -0.001575 
-0.012784 -0.001888 0.000977 0.001915 0.001264 -0.001752 -0.000121 0.000401 
0.009531 0.003013 -0.004301 0.000404 0.004365 -0.000202 -0.004056 -0.000323 
-0.011886 -0.000546 -0.002608 0.003269 0.001724 -0.003016 -0.001352 -0.004619 
0.011003 -0.004987 -0.002664 0.000258 0.002653 -0.002417 -0.001083 -0.000215 
-0.005918 -0.001112 0.002431 -0.000415 0.003100 -0.005988 0.002668 0.004755 
0.024134 0.006211 0.004618 0.003880 0.000971 -0.002663 -0.008016 0.000732 
-0.022049 0.002010 0.001668 -0.002228 0.003688 -0.007275 -0.002589 -0.002756 
0.041112 -0.003534 -0.001806 -0.001812 0.015097 -0.000620 -0.000155 0.000943 
0.027336 0.006125 0.002785 0.003502 -0.001408 -0.011284 0.002218 0.000424 
-0.006789 0.001237 0.002786 0.001038 -0.001438 0.001787 -0.001657 -0.002425 
0.015112 0.000460 0.002063 0.000889 0.001648 -0.000301 0.001817 -0.003837 
-0.002860 -0.000787 0.001962 -0.001085 -0.000664 -0.000989 -0.000444 0.001154 
0.008410 0.001282 0.001300 0.001976 0.002566 -0.001424 0.002970 -0.001652 
-0.001987 -0.002961 -0.001366 0.000282 0.002204 -0.001825 0.000662 -0.000100 
0.005652 -0.000579 0.000119 -0.002333 -0.000026 -0.000901 -0.001803 0.000059 
0.001355 -0.002075 -0.001513 0.002724 -0.002941 0.001207 -0.000790 -0.000251 
-0.001597 -0.000882 -0.000709 0.001249 0.002835 -0.000695 -0.003522 -0.002218 
0.008447 -0.001145 -0.001321 0.001945 0.000960 -0.002093 -0.002411 -0.002989 
-0.007822 -0.001303 0.002995 0.000778 -0.000722 -0.005146 -0.001552 0.004231 
0.002419 0.000386 -0.003409 0.001659 0.001399 -0.001085 -0.000970 0.003697 
-0.012625 0.000864 0.003178 -0.001738 0.001128 -0.001192 -0.003850 0.000860 
0.010639 0.000221 -0.002113 0.001626 0.002304 -0.001554 -0.004463 0.000320 
-0.013468 -0.004494 0.000445 0.002834 -0.005461 -0.004710 0.002209 0.002048 
0.009187 -0.006362 -0.000775 -0.002030 0.005421 0.001846 0.001661 -0.002430 
-0.010809 -0.000108 0.006314 0.006215 -0.002381 -0.008201 -0.001929 0.000791 
0.015411 -0.001843 0.001926 0.001818 0.006161 -0.001477 -0.000185 -0.004457 
-0.012387 0.001679 -0.003026 0.001548 -0.006434 -0.011778 -0.004736 0.001391 
0.046149 -0.008056 -0.004594 -0.001717 0.003645 -0.003767 -0.007584 -0.001966 
-0.023215 0.000899 -0.001290 -0.002861 -0.001563 -0.010738 0.005954 0.007839 
-0.001753 -0.000352 -0.001275 0.005970 -0.001027 0.001282 0.002594 -0.002113 
-0.000192 0.001834 -0.000697 -0.001437 -0.001442 0.000063 0.000165 0.001122 
0.007801 0.000260 -0.004005 -0.000818 -0.001230 0.003467 -0.001885 -0.002475 
-0.000916 -0.002016 -0.004585 -0.000299 -0.000308 -0.002146 0.001950 -0.001527 
0.001510 -0.002257 -0.000012 0.002715 0.000379 -0.000145 -0.004554 -0.002080 
0.000361 0.000644 0.002554 -0.001222 -0.001660 0.000541 -0.002364 0.000770 
0.003260 0.001036 0.002491 0.002310 -0.001857 -0.002599 -0.000281 0.001728 
-0.002838 -0.002513 0.000763 0.002254 -0.003139 0.003296 -0.000055 -0.002178 
-0.002695 0.004506 0.002275 -0.004248 -0.000172 0.001615 0.000675 0.000864 
0.000889 0.000034 0.001310 0.000645 -0.000227 -0.002568 -0.001628 0.000839 
0.000253 -0.002269 0.001782 -0.003277 -0.000852 0.001684 0.002183 -0.001111 
0.003584 -0.002572 -0.001337 0.000097 -0.002027 -0.004676 0.001986 -0.003135 
-0.003225 0.000379 0.003933 0.000001 0.005231 0.000327 -0.003943 0.000160 
-0.002318 0.002694 -0.001330 -0.002462 -0.000166 -0.002304 -0.000731 -0.003030 
-0.002744 -0.001027 0.000187 0.003079 0.000529 -0.002814 -0.003167 -0.000789 
0.002014 -0.001840 -0.001640 -0.001369 -0.005444 -0.006644 0.007702 -0.003400 
0.002054 -0.004921 -0.005878 0.000921 0.008171 -0.003039 -0.001736 -0.001196 
0.004877 0.001443 -0.000911 -0.001253 -0.002390 -0.011928 0.003711 -0.000265 
-0.019704 -0.012262 0.003822 0.003336 0.000556 -0.002798 0.005579 -0.000682 
0.048520 -0.001480 -0.002643 0.004165 -0.003324 -0.002428 0.005775 0.001336 
-0.003586 0.000278 -0.001385 -0.003355 -0.000152 0.000462 -0.001545 0.001242 
0.002942 -0.000533 -0.002574 0.001458 -0.001910 0.000497 0.002783 -0.002007 
-0.000997 0.000930 0.002407 0.002715 -0.000375 0.001218 -0.001001 0.001087 
0.002651 0.002202 -0.002007 0.003136 0.002433 -0.003020 -0.001588 -0.003050 
-0.006297 -0.000366 0.002492 -0.002319 -0.001921 -0.001215 0.001401 0.001337 
-0.000459 -0.002498 0.000335 0.000090 0.001561 0.001699 0.003855 0.000725 
0.003468 0.002129 -0.002147 -0.002871 0.002197 -0.001049 0.000879 -0.001577 
0.001126 -0.003194 -0.002734 0.001996 -0.001266 -0.000997 -0.000303 -0.001117 
-0.000975 0.004935 -0.002253 -0.002618 0.001766 0.002072 0.000838 0.002745 
-0.004905 -0.002164 -0.002116 -0.002554 -0.001058 -0.001739 0.001564 -0.002097 
0.003429 -0.001776 0.001473 0.002154 0.000790 -0.000466 -0.002361 0.002269 
0.001090 -0.002887 0.001598 0.004111 0.001318 -0.001596 -0.003741 -0.002734 
0.000002 0.001109 -0.002929 -0.002975 -0.005127 -0.003942 0.003749 -0.000573 
-0.002410 0.000914 0.003586 -0.004869 -0.001915 -0.005269 0.001106 0.002040 
0.007951 -0.006272 -0.002434 0.001446 0.000248 -0.005690 -0.003566 0.000938 
0.003788 -0.002669 0.000512 0.004669 0.006190 -0.005793 -0.000796 0.000964 
0.004742 -0.011063 0.002985 -0.000298 0.005149 -0.008906 0.004143 -0.003000 
0.006561 -0.001864 0.003200 -0.005444 0.001832 -0.002780 0.002719 -0.001823 
0.007399 0.019717 -0.003393 0.000101 -0.000943 -0.005356 -0.003225 -0.001183 
-0.046359 0.001343 0.006390 -0.004291 -0.003423 -0.002336 -0.006635 -0.002758 
-0.003855 0.000966 0.000280 -0.002649 -0.000540 0.000122 0.000501 -0.001477 
-0.000003 0.000707 0.003478 -0.000267 -0.002869 -0.000673 0.001442 0.000300 
-0.004206 0.001558 -0.002536 0.000218 -0.006057 -0.001462 0.001571 -0.000459 
-0.003713 0.000513 0.001592 -0.000693 0.000874 0.002254 0.000222 -0.000811 
0.000017 0.003272 0.000123 -0.001392 0.003337 0.000626 -0.000018 0.003274 
0.002177 0.000118 -0.001432 -0.001377 -0.001923 -0.001073 0.001725 0.001141 
-0.000513 -0.002318 -0.000175 0.001395 -0.000814 0.001181 0.000410 0.001957 
-0.003374 0.000786 0.001055 0.000609 0.000222 0.001231 0.001490 0.000758 
0.000985 -0.005880 0.000486 0.004508 0.003807 -0.000405 0.003447 -0.001080 
0.004819 -0.001641 -0.000847 0.002101 0.000110 -0.002362 -0.002210 0.000289 
0.001345 -0.001833 -0.000025 -0.001321 0.002045 -0.000337 0.000755 -0.000205 
-0.001315 0.000435 0.000946 0.001573 0.001311 -0.000715 0.002696 0.001950 
-0.000624 0.000784 0.004308 -0.000659 -0.000339 -0.002673 0.001895 -0.002862 
0.000973 0.000912 0.004481 -0.002570 0.000234 0.002039 0.002519 0.001743 
-0.007020 -0.005809 0.000334 -0.000345 -0.000964 0.001953 0.003980 0.004269 
-0.002035 0.003114 -0.001036 0.001217 0.001296 -0.007981 0.001795 -0.002687 
-0.005797 0.008357 0.001451 -0.004884 0.003954 -0.007672 0.001564 0.002413 
0.007113 -0.000807 0.000422 0.000736 -0.001645 -0.006461 0.004457 0.000842 
0.018091 0.036753 0.005690 -0.006441 0.007127 -0.004878 -0.000692 -0.011362 
0.002880 0.002926 0.007330 -0.003947 0.002445 0.001933 -0.002258 -0.002131 
0.000351 0.002945 0.000245 0.002177 -0.006104 -0.000167 -0.002073 -0.003102 
0.000256 -0.001394 -0.000219 -0.000924 0.002373 -0.002282 -0.000751 -0.000052 
-0.000028 0.000379 -0.000510 0.002098 -0.001435 -0.002111 0.001705 -0.001406 
0.000586 -0.004587 0.000609 0.001258 -0.002234 0.002535 -0.001084 -0.001945 
-0.002074 0.000137 -0.001242 0.001964 0.004487 0.001082 -0.003026 -0.000513 
-0.000776 0.001139 -0.000864 -0.002183 0.000067 0.001350 -0.000557 -0.001788 
0.003251 -0.000901 -0.000336 0.000954 -0.002012 0.002173 0.000908 0.002928 
-0.003865 0.004212 0.001024 0.000325 -0.002835 -0.002847 0.002750 -0.002112 
0.000691 0.003294 -0.003049 -0.003509 0.002418 -0.001470 -0.001574 0.003914 
0.001590 -0.002579 0.001807 -0.001923 0.000765 -0.004097 -0.000571 -0.001614 
0.001226 -0.000992 0.000592 -0.001785 -0.002640 -0.001351 0.001675 -0.002493 
0.002247 -0.003833 0.000657 0.004047 0.002347 0.000096 -0.000076 0.001353 
-0.001228 0.002479 -0.001552 0.001295 0.000411 0.000342 -0.000182 0.003860 
-0.000391 -0.002651 0.001868 -0.000321 0.000269 -0.003172 0.001238 0.001190 
-0.004035 0.003793 0.000649 0.000961 0.004571 -0.006021 -0.003721 0.005827 
0.006414 -0.000410 0.003443 0.001255 -0.004774 -0.006947 0.001858 0.002450 
0.006796 -0.002906 0.001434 0.001391 -0.005369 -0.000546 0.000788 0.005671 
0.013252 -0.000114 0.002967 -0.001055 -0.002107 -0.006435 0.001184 0.000015 
0.021183 0.003337 -0.003462 -0.007078 -0.001990 -0.005470 -0.003298 0.001829 
-0.031109 0.000166 0.001721 -0.000216 0.003258 -0.005434 -0.001854 0.002718 
-0.004520 0.000055 0.000165 0.000378 -0.000188 -0.004776 -0.004467 0.001673 
-0.005200 0.002753 -0.001926 -0.001657 0.000544 0.000795 0.003482 0.000406 
-0.000539 -0.002400 0.000032 -0.000168 0.000274 -0.001368 0.001532 0.001633 
-0.002458 -0.001356 0.000938 0.001208 -0.000931 0.001348 -0.001465 -0.000705 
-0.000587 0.001142 0.000731 0.001728 -0.001709 0.001376 0.002096 -0.002667 
-0.001609 0.000813 -0.001764 0.000056 -0.000687 -0.002608 -0.001872 0.001248 
-0.001374 0.001648 -0.000864 0.000967 -0.002214 0.001922 -0.000682 0.001500 
0.002445 -0.001592 0.000834 -0.002213 -0.000371 0.000781 -0.003238 0.005481 
-0.001555 -0.000828 0.003194 0.002884 -0.001196 -0.002751 0.001658 -0.000733 
0.000007 -0.000745 -0.001570 -0.004654 -0.000124 -0.000377 0.001726 -0.002616 
0.000658 0.002449 -0.001164 0.000764 0.000824 -0.001474 -0.001537 0.000805 
0.002340 -0.004703 0.000584 0.002694 -0.001048 0.000321 -0.003487 0.002597 
0.006561 0.002652 0.000384 0.000431 0.000145 0.003523 0.001004 -0.001073 
0.002290 -0.001656 0.001629 -0.001974 0.002129 -0.007320 -0.001636 0.004840 
0.009772 -0.001638 0.002621 -0.000527 0.000967 -0.006390 0.001356 -0.001526 
-0.000565 0.001319 0.003448 -0.004240 0.005820 -0.001101 -0.001070 -0.000668 
0.004835 -0.004403 0.003901 -0.003477 -0.004929 -0.005396 -0.000113 0.002892 
0.012026 -0.005003 0.003035 -0.001117 0.006396 -0.003251 -0.001409 0.003427 
0.027278 -0.021597 -0.002646 0.000783 0.000508 0.001280 -0.003973 0.000686 
0.003895 -0.006103 0.000745 0.001748 -0.004668 -0.000426 -0.002811 -0.001813 
-0.002287 0.000530 -0.000022 0.000195 0.000717 -0.001442 0.003008 -0.002799 
-0.001178 0.002134 -0.002116 0.001271 0.004292 0.000048 -0.000010 0.001359 
-0.003125 -0.000330 -0.002186 -0.000976 -0.000039 -0.000236 0.001869 0.002343 
0.000113 -0.000824 -0.000824 0.005295 -0.001549 -0.002978 -0.001814 -0.000865 
-0.000478 0.000966 -0.000572 0.000158 0.000083 -0.000758 -0.000272 0.000523 
0.000837 0.001460 0.001498 -0.000505 -0.001087 0.000129 0.001001 -0.000704 
-0.002448 -0.001587 0.003792 0.001326 -0.001386 -0.000709 0.000269 0.001014 
-0.000149 -0.000430 0.003030 -0.003346 -0.001844 0.001763 0.002740 0.001380 
0.002425 0.003192 0.000883 0.000498 0.000340 -0.003860 0.002464 -0.003378 
-0.002108 -0.000219 -0.000091 -0.004932 0.002644 -0.001364 0.000361 -0.000680 
0.003811 0.001056 -0.000069 -0.000060 0.001627 -0.007665 -0.001802 -0.001908 
-0.003198 -0.001765 -0.003036 0.000042 -0.001799 -0.002798 0.002722 -0.001070 
-0.000836 0.001315 0.003483 0.001630 0.002299 -0.000333 -0.002438 -0.001847 
-0.001927 0.000550 -0.002616 -0.001436 -0.001605 -0.000744 -0.002870 -0.003424 
-0.003214 -0.004718 0.005098 -0.000272 -0.000262 -0.002326 -0.004041 0.006793 
-0.000381 -0.000509 0.005365 -0.000585 -0.000745 -0.002583 -0.000910 0.000445 
-0.001510 -0.010658 0.001205 -0.000629 -0.004026 -0.010281 -0.001279 -0.001657 
-0.007396 0.003076 0.002762 -0.005442 -0.000177 -0.000854 0.002455 -0.001605 
-0.016577 0.002163 0.004880 0.005729 0.004683 0.003730 -0.003109 0.000993 
0.018465 -0.001422 0.010700 -0.005378 -0.004818 -0.007167 0.005716 0.000225 
-0.001437 0.003761 0.001352 0.001305 -0.001391 0.000304 0.001619 0.000456 
0.004034 -0.000231 0.001167 -0.003961 -0.002710 -0.001252 0.003666 0.003089 
-0.004151 0.001446 -0.002233 -0.002016 -0.000549 -0.000099 0.001808 -0.000769 
0.000973 -0.000982 0.000285 -0.000729 0.002766 -0.003571 0.001880 0.002425 
-0.001327 0.000475 -0.002324 0.002342 -0.000295 -0.001338 0.001866 -0.000968 
-0.000063 0.001736 0.003680 -0.002177 0.001303 0.000709 0.000165 -0.001317 
-0.002992 0.001773 0.002190 0.000736 -0.001934 0.000772 0.000579 -0.000259 
0.000249 -0.001400 0.001944 -0.001317 0.005137 0.001309 0.005747 0.002512 
-0.001148 0.002668 -0.000626 -0.000843 0.001526 0.000913 0.000946 0.000728 
0.000111 0.002941 0.000921 -0.002797 -0.000380 0.001218 -0.002068 -0.004343 
0.000892 -0.000776 -0.001191 -0.000970 -0.001660 0.000398 -0.001080 -0.000177 
0.001993 -0.003861 0.002620 -0.001277 -0.000044 -0.004278 0.005943 0.001065 
0.002453 0.002826 0.004367 0.001534 -0.000024 0.000937 -0.001803 -0.000534 
-0.005942 -0.001921 -0.000139 -0.002287 0.001768 -0.003921 0.001767 -0.001375 
0.008005 -0.004582 0.003480 0.002128 0.005252 -0.000768 0.004223 -0.002647 
0.005403 -0.004929 0.004212 -0.008472 0.002958 -0.006719 0.004614 0.001346 
0.019123 -0.005338 0.000773 -0.001881 0.002672 -0.005607 -0.003968 0.002814 
-0.001416 -0.004134 0.005804 -0.008432 0.006264 -0.005432 -0.000730 0.000273 
0.020164 0.032631 0.002586 -0.007273 0.008330 0.003348 -0.002623 -0.006244 
0.023698 -0.000570 0.003705 -0.002650 0.000876 -0.009731 0.002260 -0.001507 
-0.000900 0.004060 -0.000301 0.002220 0.002007 -0.002224 0.004753 0.000329 
0.003573 -0.007811 -0.005520 -0.001436 0.003621 0.001871 0.000695 -0.001465 
-0.001143 0.001452 0.002472 0.000177 0.003839 0.001686 0.000880 0.001627 
0.010220 -0.006132 0.000250 0.003440 0.003079 0.000990 -0.000869 -0.000752 
-0.001497 -0.003688 0.003070 0.003272 -0.001163 -0.001638 -0.000595 0.001429 
0.003547 -0.006173 -0.000388 -0.005477 0.000059 0.000586 -0.000326 0.001225 
-0.001469 0.000658 0.002132 0.001329 0.001442 -0.000483 -0.000645 -0.000824 
0.000085 -0.009172 0.001516 -0.002127 0.002550 -0.003312 -0.000211 0.002876 
-0.001429 0.006932 -0.004215 0.003010 0.001331 -0.004281 0.000051 0.001232 
-0.002979 -0.009207 0.000822 -0.004112 0.004959 -0.003437 0.003979 -0.001356 
0.004498 -0.000817 -0.002376 0.002825 -0.003156 -0.001290 -0.002349 -0.000596 
-0.001858 -0.012802 0.000196 -0.003317 0.002869 -0.001816 -0.001576 -0.000844 
0.005242 0.002114 0.004388 -0.000729 0.004145 -0.000958 0.002314 0.002727 
-0.006223 -0.016844 -0.000301 -0.006143 0.003067 -0.006560 0.000558 0.000095 
0.012593 0.000149 0.000609 -0.001881 -0.000510 -0.002386 0.000736 -0.000439 
-0.003987 -0.014843 0.000379 0.000417 0.000010 -0.006513 0.001783 0.000693 
0.006719 -0.007947 0.010629 0.004853 0.001212 -0.003256 0.000077 0.005663 
-0.016482 -0.016463 -0.000522 -0.000420 0.008425 -0.008143 -0.004481 -0.006240 
0.001494 -0.029341 0.012183 0.007677 0.001480 0.002139 -0.000168 0.000310 
0.019972 -0.015371 -0.011033 -0.010798 -0.005729 -0.004731 -0.000515 -0.004244 
0.000912 0.002621 -0.000325 -0.001552 -0.002350 -0.000842 0.002180 -0.001366 
-0.001594 -0.000718 0.000642 0.002002 0.002916 0.004387 -0.002703 -0.000076 
0.003068 0.003902 0.000847 0.008615 0.001305 0.001699 0.001500 0.000812 
-0.000666 -0.005280 0.000450 0.003633 0.002846 -0.003598 -0.003371 -0.000861 
0.002299 -0.002263 0.003066 0.001352 -0.003138 0.001413 0.000076 0.004356 
-0.000111 -0.006829 0.006266 -0.002828 0.002551 -0.001689 -0.001718 -0.002313 
-0.004093 -0.000402 0.003946 0.004226 -0.001655 -0.001458 0.000664 0.000032 
-0.002131 -0.008657 0.004687 0.000142 0.003441 0.000077 0.000036 -0.000936 
-0.001961 0.000863 0.005612 0.003100 0.000219 0.000442 0.000457 0.000743 
-0.003079 -0.006896 0.008536 -0.000712 0.006887 -0.005877 0.000168 0.000425 
-0.000502 -0.004389 0.004010 0.004384 0.002387 -0.001865 -0.002519 0.004771 
0.003879 -0.006679 0.006183 -0.003000 0.006684 -0.006246 -0.004751 -0.002731 
0.000106 0.002377 0.008009 0.005457 -0.003374 0.000938 0.002996 0.001209 
0.001501 -0.011300 0.003199 -0.001565 0.007147 -0.007072 -0.002850 -0.002550 
-0.003500 -0.005117 0.014503 0.004980 0.001556 -0.006226 -0.000251 0.013112 
0.001956 -0.012696 0.010501 0.002586 0.007282 -0.008919 0.000982 0.000575 
0.002574 -0.008833 0.019209 0.005514 0.009057 -0.002303 0.005837 0.008680 
0.002563 -0.015162 0.010452 -0.000537 0.010988 -0.013188 -0.001937 0.003795 
-0.018972 0.010017 0.024118 0.001342 0.002654 -0.003706 -0.000922 0.010607 
0.027140 -0.017598 0.019940 -0.005386 0.011429 -0.010322 -0.011246 0.003792 
0.018530 0.004862 -0.005508 0.006132 -0.000328 -0.010335 -0.000051 0.002623 
-0.017728 -0.008995 0.006633 0.000577 -0.000581 0.013419 -0.006878 -0.002704 
0.017985 -0.003294 -0.004064 0.009885 0.002742 -0.024725 0.004281 -0.003164 
-0.014229 -0.007244 0.015700 0.005237 0.001998 0.014309 -0.007451 -0.002598 
0.003689 -0.007991 -0.004698 0.011069 -0.000325 -0.032061 0.002552 -0.005112 
-0.013635 -0.003687 0.021442 0.003316 0.005651 0.009630 -0.009580 -0.003685 
0.004507 -0.009454 -0.012493 0.011501 0.007900 -0.035025 0.001767 0.000669 
-0.014923 -0.007394 0.019104 -0.000077 0.004028 0.027528 -0.006986 -0.004207 
-0.006159 -0.010238 -0.009390 0.004402 0.003834 -0.026167 -0.002617 -0.001801 
-0.017181 0.001567 0.024982 0.003859 0.006604 0.027465 -0.016955 -0.006256 
-0.008757 -0.022697 -0.006017 0.015851 -0.001168 -0.030067 -0.004747 -0.001165 
-0.013028 -0.005375 0.033086 0.002529 0.000006 0.032255 -0.016155 -0.003353 
-0.011848 -0.016141 -0.005695 0.017374 -0.006819 -0.033344 -0.006969 0.002472 
-0.008060 -0.000345 0.034119 0.007949 0.002453 0.033900 -0.017669 -0.002061 
-0.018373 -0.032520 0.002058 0.011493 -0.007090 -0.032876 0.003969 0.000037 
-0.027026 -0.002358 0.027631 -0.000301 0.009832 0.038619 -0.023696 -0.000823 
-0.018028 -0.043190 -0.020907 0.015514 -0.001646 -0.032919 -0.002964 -0.002126 
-0.003472 -0.002006 0.034159 0.003624 -0.003871 0.038277 -0.028073 -0.008978 
0.034839 -0.036124 -0.015095 0.002764 0.016957 -0.001751 -0.010202 -0.009535 
-0.029626 -0.002932 0.036386 0.002330 -0.000778 0.052158 -0.000542 0.003468 
