0.218440 1.053184
0.245949 1.167155
0.214443 1.222085
0.193327 1.231677
0.181472 1.205839
0.162688 1.157049
0.144681 1.065612
0.147589 0.989586
0.138121 0.959273
0.129057 1.061171
-0.290485 1.076846
-0.233251 1.180260
-0.108651 1.221079
-0.023760 1.229556
0.029449 1.200290
0.063123 1.144236
0.091583 1.057504
0.102222 0.975897
0.091195 0.949015
0.051525 1.089572
0.009724 0.894920
0.012806 0.946818
0.019381 0.964920
0.021775 0.973947
0.017429 0.966502
0.014710 0.963600
0.017875 0.955134
0.008403 0.946716
0.006953 0.948974
-0.039970 0.935969
0.000369 0.896352
0.011648 0.947513
0.008324 0.969495
0.003448 0.978420
-0.003516 0.978316
-0.016763 0.972333
-0.025639 0.966932
-0.031840 0.963471
-0.046250 0.963615
-0.040607 0.973578
0.215758 1.054090
0.241008 1.166961
0.207689 1.221073
0.185135 1.230652
0.173383 1.204090
0.154954 1.156508
0.136708 1.067553
0.141274 0.992470
0.133594 0.963536
0.127980 1.062581
-0.290090 1.076927
-0.234520 1.180051
-0.110877 1.220622
-0.026347 1.228661
0.027461 1.199639
0.062960 1.145273
0.092579 1.061164
0.104812 0.979648
0.095827 0.954122
0.056988 1.095634
-0.013066 0.704069
-0.017317 0.701846
-0.023273 0.699880
-0.031758 0.696946
-0.036441 0.696855
-0.039423 0.699356
-0.047321 0.698808
-0.050075 0.691436
-0.056567 0.688850
-0.037480 0.745737
-0.076553 0.707642
-0.118770 0.705737
-0.163788 0.702217
-0.207176 0.706242
-0.250300 0.706175
-0.286825 0.707741
-0.318188 0.709249
-0.334154 0.701794
-0.323813 0.702985
-0.396853 0.727680
0.014228 0.704929
0.026581 0.699277
0.035387 0.693370
0.040000 0.689810
0.046140 0.685771
0.053498 0.680530
0.059264 0.677364
0.061795 0.671660
0.069222 0.679867
0.071405 0.692289
-0.016260 0.700447
-0.030309 0.701442
-0.047568 0.696446
-0.061280 0.691553
-0.071717 0.688219
-0.084472 0.683909
-0.093443 0.682998
-0.099536 0.676479
-0.101957 0.673990
-0.151680 0.679872
0.006887 0.699145
0.019706 0.696165
0.025495 0.703308
0.033793 0.708817
0.039569 0.710973
0.051033 0.711907
0.056359 0.705407
0.062784 0.692679
0.070004 0.690197
0.065691 0.699005
-0.017519 0.693867
-0.029640 0.696700
-0.037141 0.701677
-0.043926 0.709993
-0.048747 0.711822
-0.053854 0.711541
-0.060729 0.708195
-0.062636 0.689858
-0.072582 0.685270
-0.135798 0.693404
0.008308 0.696742
0.010887 0.716192
0.016652 0.755915
0.017922 0.791410
0.021658 0.813099
0.024499 0.817806
0.032265 0.799471
0.032415 0.756570
0.023761 0.738385
-0.002093 0.791873
-0.011159 0.694344
-0.017704 0.716050
-0.018440 0.755634
-0.026528 0.788362
-0.025580 0.809503
-0.027060 0.817607
-0.032676 0.798134
-0.037765 0.757509
-0.037424 0.733802
-0.054527 0.793298
0.018411 0.706732
0.021481 0.740477
0.025922 0.789740
0.024264 0.829200
0.027882 0.847344
0.024115 0.838381
0.024532 0.806032
0.021873 0.757112
0.017725 0.734763
0.028331 0.829070
0.051015 0.699536
0.060588 0.734293
0.058087 0.782637
0.047751 0.823303
0.039080 0.842500
0.025095 0.831644
0.012397 0.800102
0.000415 0.752143
0.001704 0.734775
0.022845 0.774380
0.017705 0.659095
0.032794 0.692891
0.042952 0.742608
0.046890 0.770817
0.054939 0.776970
0.064127 0.757682
0.071758 0.718368
0.075588 0.663022
0.078038 0.642911
0.072737 0.730128
-0.018573 0.661149
-0.049501 0.695486
-0.079602 0.741421
-0.113518 0.771838
-0.138772 0.776465
-0.167253 0.762405
-0.193723 0.722123
-0.208355 0.667828
-0.210474 0.639040
-0.292030 0.723597
0.004233 0.709938
0.009098 0.706222
0.011852 0.706676
0.014136 0.704353
0.015207 0.702361
0.017992 0.702994
0.022483 0.701160
0.023394 0.695962
0.029574 0.704988
0.016242 0.650160
-0.012694 0.702352
-0.015176 0.705581
-0.019570 0.705800
-0.022997 0.704766
-0.027780 0.703973
-0.030625 0.700211
-0.033955 0.701908
-0.035202 0.699256
-0.046616 0.688198
-0.119928 0.704800
0.004242 0.708892
0.008628 0.705065
0.010766 0.704939
0.013109 0.705414
0.018780 0.703869
0.022890 0.703983
0.025504 0.701037
0.026514 0.700297
0.033764 0.705830
0.052965 0.696958
-0.009921 0.703239
-0.015092 0.705625
-0.018718 0.705707
-0.022625 0.707278
-0.019907 0.708345
-0.026119 0.703005
-0.028956 0.703805
-0.028086 0.701455
-0.036983 0.695330
-0.065570 0.675422
0.006388 0.708622
0.008922 0.706501
0.012359 0.706917
0.015671 0.707381
0.019937 0.705808
0.027327 0.705002
0.029068 0.705316
0.033824 0.701038
0.041191 0.694430
-0.045345 0.666309
-0.011583 0.702616
-0.011270 0.705651
-0.016497 0.704749
-0.019300 0.706458
-0.021096 0.707164
-0.024795 0.707783
-0.029929 0.709091
-0.026678 0.700813
-0.028588 0.703011
-0.074410 0.686050
0.006278 0.708476
0.010956 0.707326
0.010896 0.707184
0.016715 0.708208
0.019843 0.709554
0.024729 0.710345
0.025725 0.704307
0.030660 0.705565
0.033125 0.697049
0.029438 0.685386
-0.007753 0.703407
-0.014767 0.705815
-0.014708 0.708747
-0.016492 0.710348
-0.022398 0.711255
-0.016507 0.712079
-0.020495 0.710015
-0.024404 0.707386
-0.022627 0.700654
-0.013129 0.704548
0.003188 0.706230
0.007605 0.705708
0.010999 0.708686
0.015025 0.711994
0.013354 0.713471
0.019467 0.712956
0.021601 0.710779
0.023903 0.705765
0.018269 0.704424
0.090661 0.720548
-0.013164 0.703084
-0.011857 0.706070
-0.011286 0.707339
-0.014206 0.712156
-0.016360 0.715439
-0.020227 0.715472
-0.020875 0.716724
-0.024116 0.711420
-0.020291 0.718062
-0.024480 0.734051
0.006348 0.706542
0.006611 0.707591
0.008373 0.711999
0.012380 0.715489
0.012680 0.718973
0.017409 0.720629
0.020970 0.717803
0.022952 0.708621
0.028270 0.715518
0.000854 0.691036
-0.008774 0.704704
-0.009232 0.705832
-0.009514 0.710170
-0.012213 0.715083
-0.013384 0.715999
-0.011532 0.719258
-0.014961 0.717596
-0.014263 0.717656
-0.025108 0.708408
-0.077505 0.713022
0.003068 0.706514
0.003132 0.706164
0.002504 0.714578
0.003611 0.720364
0.007824 0.724316
0.009822 0.724493
0.011774 0.724726
0.013219 0.714125
0.014804 0.713432
-0.006156 0.749140
-0.008359 0.705436
-0.010399 0.706891
-0.009111 0.714342
-0.012218 0.717899
-0.012454 0.721536
-0.012876 0.724905
-0.012307 0.723906
-0.022194 0.717315
-0.019153 0.701509
-0.005313 0.717264
0.002314 0.707766
0.002598 0.709650
0.006369 0.715095
0.005594 0.723663
0.007835 0.727647
0.007104 0.729821
0.010780 0.724247
0.012817 0.720916
-0.004237 0.723617
0.002956 0.743361
-0.010968 0.704005
-0.011798 0.707698
-0.010139 0.714561
-0.012169 0.722659
-0.010968 0.727956
-0.014167 0.728273
-0.014706 0.725451
-0.013162 0.717643
-0.012666 0.719649
0.000135 0.719303
0.005365 0.708213
0.004253 0.710102
0.006782 0.718382
0.006687 0.727909
0.007783 0.731851
0.007906 0.733008
0.013643 0.727948
0.008969 0.724665
0.004673 0.723464
0.030099 0.722032
0.002169 0.703512
0.000917 0.709468
0.000971 0.718338
-0.005461 0.725521
-0.005384 0.729401
-0.005519 0.732658
-0.012191 0.728729
-0.011826 0.715878
-0.009684 0.718810
0.001983 0.754152
0.008995 0.706037
0.009040 0.711268
0.012851 0.720000
0.011835 0.728958
0.010900 0.734714
0.012106 0.734996
0.014369 0.731289
0.013200 0.721640
0.006688 0.717870
-0.037931 0.720097
-0.010611 0.705611
-0.010924 0.709901
-0.013722 0.719028
-0.016659 0.728394
-0.015029 0.735196
-0.015180 0.733235
-0.017788 0.729876
-0.023002 0.718134
-0.015370 0.714533
-0.037822 0.739801
0.003037 0.707228
0.003487 0.711840
0.005405 0.720353
0.006409 0.731696
0.010952 0.736280
0.006358 0.736617
0.008226 0.730070
0.008590 0.719648
0.008877 0.710043
0.007842 0.761524
-0.006405 0.705484
-0.008267 0.711425
-0.011471 0.721369
-0.013494 0.730940
-0.015186 0.735984
-0.017945 0.736595
-0.016153 0.728343
-0.022496 0.720270
-0.014122 0.714410
-0.019577 0.743186
0.011021 0.712513
0.009041 0.717445
0.011790 0.726280
0.010371 0.734632
0.009916 0.741674
0.012107 0.738974
0.011925 0.729365
0.011733 0.721925
0.001972 0.727686
0.001120 0.736900
0.014910 0.700948
0.014663 0.708604
0.011026 0.718286
0.006243 0.727918
0.001484 0.734618
0.000794 0.733453
-0.008065 0.727181
-0.005686 0.715381
-0.014180 0.710751
-0.013704 0.702569
0.028256 0.712423
0.025268 0.718526
0.026986 0.726407
0.022764 0.735364
0.023758 0.739100
0.021431 0.737272
0.019078 0.728734
0.017275 0.721021
0.025902 0.712656
0.028856 0.725147
0.055532 0.698043
0.048226 0.706199
0.042879 0.715652
0.038976 0.723534
0.033659 0.730412
0.021769 0.728307
0.016391 0.725282
0.010862 0.711444
0.017646 0.709651
0.006008 0.757973
0.006247 0.707701
0.003013 0.713817
0.002892 0.722429
0.001063 0.728727
0.002664 0.730608
0.000707 0.730563
0.001169 0.725173
0.001189 0.712343
-0.013046 0.711892
0.018409 0.704461
0.082149 0.702569
0.072244 0.708282
0.068157 0.715975
0.055247 0.726062
0.047049 0.730347
0.034923 0.726940
0.024070 0.722594
0.010909 0.713640
0.003208 0.707177
0.041745 0.724655
0.034753 0.704887
0.034631 0.707693
0.032703 0.710368
0.030765 0.711042
0.031304 0.714506
0.029743 0.713620
0.027937 0.715619
0.020903 0.717303
0.021096 0.702816
-0.024071 0.702337
0.126992 0.696793
0.110403 0.700459
0.097809 0.703193
0.084774 0.706813
0.077300 0.705854
0.068324 0.706573
0.053840 0.702658
0.052766 0.701046
0.052923 0.701446
0.084031 0.703319
0.113208 0.924240
0.123434 0.909462
0.110338 0.905895
0.091228 0.909039
0.083061 0.902349
0.074065 0.892637
0.062280 0.886458
0.057297 0.875919
0.048171 0.884442
0.092553 0.860819
0.498379 1.739178
0.482046 1.683656
0.501276 1.696375
0.501953 1.706424
0.518627 1.715762
0.516932 1.712766
0.521663 1.706736
0.521136 1.705659
0.478349 1.670425
0.535735 1.634393
-0.004383 0.897166
-0.005426 0.950579
-0.007882 0.971549
-0.014055 0.978076
-0.021331 0.975468
-0.023026 0.970990
-0.020420 0.960964
-0.034534 0.954942
-0.015878 0.948381
-0.063199 0.988682
-0.004504 0.888252
-0.003384 0.940324
-0.006238 0.962964
-0.005864 0.970341
-0.014359 0.965730
-0.010914 0.961731
-0.018405 0.956629
-0.016143 0.947709
-0.016866 0.946025
0.051030 0.997580
0.111812 0.926006
0.120697 0.912754
0.106619 0.910467
0.086085 0.913871
0.076248 0.907996
0.066552 0.898958
0.055173 0.892108
0.047264 0.880480
0.043215 0.889646
0.079830 0.876603
0.492291 1.726235
0.470200 1.657464
0.484041 1.658673
0.480884 1.660126
0.492905 1.660857
0.489921 1.654348
0.492198 1.644621
0.491832 1.642316
0.449707 1.605893
0.518459 1.576021
-0.009773 0.705647
-0.012535 0.702748
-0.014578 0.702282
-0.015447 0.702796
-0.015405 0.700311
-0.014976 0.695588
-0.009060 0.697759
-0.008523 0.693407
-0.016580 0.699420
0.010010 0.703029
-0.011279 0.710658
-0.019514 0.711963
-0.023284 0.710536
-0.030251 0.706696
-0.031214 0.706111
-0.036822 0.703007
-0.042464 0.699135
-0.040046 0.697871
-0.044898 0.702002
-0.056297 0.703706
0.019599 0.709327
0.017450 0.709831
0.022939 0.711344
0.023634 0.712060
0.030366 0.708875
0.032890 0.707644
0.036281 0.703309
0.032836 0.699855
0.022756 0.694854
0.096281 0.651017
-0.002024 0.709085
0.005493 0.710852
0.008857 0.711157
0.008280 0.711543
0.013962 0.711120
0.014343 0.707407
0.017398 0.703550
0.026424 0.697629
0.017978 0.699512
0.048081 0.675379
0.017128 0.708247
0.001674 0.706038
-0.000582 0.710114
-0.005118 0.707539
-0.009271 0.708485
-0.010090 0.707655
-0.014861 0.705641
-0.020385 0.702198
-0.020819 0.699722
-0.037825 0.688372
0.006923 0.709635
0.016140 0.710223
0.023950 0.710658
0.026661 0.711256
0.030646 0.713670
0.040146 0.708810
0.038406 0.707391
0.045006 0.703920
0.051176 0.703105
0.099796 0.710453
0.006509 0.705999
0.005028 0.702556
0.007497 0.703855
0.009681 0.706425
0.008247 0.706779
0.009706 0.708646
0.006659 0.707446
0.006101 0.710011
0.023262 0.690863
-0.004935 0.705115
0.003177 0.707380
0.002504 0.704207
0.004401 0.703927
0.003988 0.705391
0.003196 0.708554
0.004064 0.710747
0.002028 0.708785
-0.003242 0.710448
-0.001068 0.719950
0.056151 0.726040
0.014794 0.703390
0.018328 0.700616
0.021642 0.700624
0.019332 0.704455
0.022705 0.707616
0.019383 0.711144
0.019565 0.708909
0.016281 0.711073
0.020039 0.705556
-0.032003 0.691448
-0.009471 0.707963
-0.014301 0.703860
-0.015215 0.703116
-0.016314 0.705688
-0.016468 0.710567
-0.014307 0.712740
-0.010243 0.711521
-0.015620 0.711601
-0.010688 0.721425
0.068751 0.674576
0.026923 0.706358
0.016073 0.701611
0.018724 0.706966
0.016145 0.715222
0.017623 0.715173
0.018324 0.712498
0.017404 0.704129
0.011639 0.697756
0.011694 0.692420
0.022131 0.683074
-0.002295 0.706820
0.001320 0.704256
0.007155 0.707360
0.006192 0.714751
0.010958 0.718420
0.016333 0.713287
0.015877 0.704680
0.022270 0.697710
0.022047 0.704037
0.111724 0.710741
0.011891 0.706743
0.001681 0.706292
-0.000621 0.705738
-0.001303 0.707000
-0.007186 0.705468
-0.002307 0.704830
-0.005029 0.701163
-0.007747 0.701219
-0.005517 0.701695
-0.043351 0.687046
0.003803 0.709279
0.005175 0.710394
0.009873 0.710688
0.010186 0.709917
0.009365 0.711625
0.016006 0.709383
0.015217 0.709537
0.015205 0.705568
0.027676 0.715856
0.075753 0.738260
0.009357 0.706278
-0.000330 0.706393
0.000067 0.707231
-0.004820 0.706794
-0.005699 0.706530
-0.005152 0.704163
-0.006532 0.703009
-0.013050 0.701468
-0.006770 0.698625
-0.013966 0.665688
0.004886 0.708805
0.007405 0.708383
0.009151 0.708363
0.011787 0.709820
0.011231 0.709546
0.019466 0.707683
0.017807 0.704071
0.016372 0.707862
0.037900 0.719366
-0.010426 0.710450
0.008847 0.707029
-0.000231 0.706157
0.001845 0.705014
-0.000860 0.707976
-0.000656 0.705452
-0.002391 0.704887
-0.005034 0.704493
-0.009126 0.702300
-0.010257 0.716426
-0.015163 0.717399
0.004022 0.708602
0.005434 0.708513
0.008954 0.707840
0.009446 0.706719
0.011360 0.709869
0.010932 0.707413
0.013437 0.705999
0.018637 0.702376
0.008069 0.705212
0.051751 0.707026
0.006923 0.707276
0.001450 0.707237
-0.004105 0.707810
-0.003332 0.707946
-0.002804 0.707612
-0.007645 0.706568
-0.011080 0.706336
-0.010085 0.700912
-0.003307 0.691925
0.012345 0.710412
0.006519 0.708226
0.010788 0.708202
0.011988 0.708076
0.014027 0.707620
0.019035 0.708080
0.019922 0.706626
0.019714 0.706686
0.026964 0.703974
0.021622 0.696024
0.067370 0.698834
0.005952 0.707839
0.001695 0.706057
0.001113 0.709031
-0.000773 0.706786
-0.004054 0.707988
-0.004691 0.706331
-0.004663 0.706603
-0.005214 0.709275
-0.020416 0.704512
-0.026050 0.700093
0.004769 0.708608
0.008189 0.707031
0.012054 0.707189
0.014138 0.707950
0.016105 0.706255
0.021145 0.705844
0.018719 0.706464
0.023646 0.708678
0.015088 0.713731
0.047517 0.669342
0.003592 0.707235
0.002253 0.707426
0.001772 0.706306
0.003353 0.708375
0.004015 0.707246
0.002949 0.708143
0.003784 0.706675
-0.003369 0.704920
0.006440 0.692491
-0.058547 0.707172
-0.000722 0.707303
0.001354 0.707924
0.001719 0.708558
0.001177 0.707586
0.002742 0.706780
0.001231 0.704810
0.000759 0.708298
-0.003796 0.708541
0.009177 0.714031
0.011165 0.731778
0.003009 0.706696
0.000966 0.705835
0.003969 0.706511
0.002290 0.708864
0.003472 0.706461
0.004821 0.706404
0.004220 0.707256
0.001335 0.707598
0.013773 0.708724
-0.022684 0.727144
0.000288 0.707921
-0.001553 0.707402
0.001387 0.706977
0.001315 0.707927
-0.001053 0.706831
0.000796 0.708391
-0.001258 0.708614
0.000119 0.707331
-0.022256 0.710270
-0.008064 0.733918
0.005628 0.706237
0.002770 0.705785
0.003780 0.707348
0.004756 0.706483
0.001745 0.705402
0.004842 0.704303
0.000201 0.709504
0.005178 0.709080
0.008109 0.699308
0.044133 0.684193
0.002560 0.707838
0.000257 0.706841
0.001096 0.705244
-0.001038 0.707479
-0.001449 0.707713
0.003562 0.708797
0.002499 0.707088
-0.001539 0.707281
0.001320 0.709219
0.040805 0.667921
0.006460 0.706035
0.005298 0.706241
0.003972 0.706455
0.009526 0.705476
0.008850 0.707979
0.008553 0.707417
0.004839 0.705495
0.007948 0.708268
0.010935 0.705875
0.008468 0.701050
0.000102 0.708132
-0.000520 0.706532
0.000320 0.707169
-0.000972 0.708884
-0.000318 0.708217
-0.000292 0.706139
-0.002604 0.707253
-0.002356 0.707659
0.003232 0.706409
0.055065 0.699645
-0.000440 0.705973
0.001000 0.704364
0.002592 0.706462
0.001643 0.707048
-0.000115 0.708791
0.001227 0.706861
0.002931 0.706573
0.005573 0.712205
0.013867 0.709465
0.031457 0.690502
0.007217 0.708642
0.006475 0.706643
0.004577 0.706702
0.008226 0.706561
0.007109 0.706781
0.003300 0.707725
0.004960 0.709575
0.002641 0.710352
0.009591 0.711453
0.033595 0.670729
0.003123 0.706904
0.000656 0.704122
0.001727 0.704559
0.001010 0.705041
0.003648 0.707855
-0.001303 0.706717
0.001842 0.708489
-0.001453 0.709104
-0.001989 0.704919
-0.018888 0.693816
0.001704 0.707115
-0.000113 0.706727
0.001153 0.707072
0.001180 0.708640
0.004898 0.706868
0.001031 0.709845
0.001689 0.709544
0.000322 0.707379
0.007394 0.714985
0.071975 0.707612
0.018420 0.704681
0.015987 0.704185
0.016158 0.704295
0.015231 0.705839
0.017178 0.704181
0.015061 0.707152
0.012326 0.705127
0.013369 0.712635
0.023429 0.703105
0.022032 0.705506
-0.005497 0.709460
-0.005053 0.707629
-0.003920 0.707653
-0.004173 0.707988
-0.007302 0.710567
-0.004641 0.710600
-0.000540 0.706953
0.000103 0.708887
0.002249 0.717483
0.009977 0.734907
0.021448 0.705553
0.020356 0.706369
0.020848 0.704862
0.019736 0.705673
0.020690 0.705993
0.018497 0.705987
0.013216 0.708095
0.012470 0.710560
0.021619 0.711090
-0.041016 0.733129
-0.012315 0.708041
-0.012836 0.707161
-0.012751 0.706590
-0.012819 0.706756
-0.011196 0.708657
-0.008626 0.709517
-0.002845 0.708023
-0.011926 0.710449
-0.013065 0.716491
-0.012609 0.686078
0.002939 0.704120
0.006947 0.704557
0.005927 0.705988
0.003172 0.706595
0.001992 0.705411
0.004416 0.707984
0.007066 0.706075
0.002547 0.705829
0.001544 0.709351
-0.021038 0.697862
-0.004118 0.709724
-0.004832 0.707599
-0.004456 0.708294
-0.007198 0.709426
-0.005780 0.707721
-0.001268 0.708466
-0.005509 0.708253
-0.005923 0.707219
-0.009404 0.705829
0.102899 0.728310
-0.003815 0.692903
0.000367 0.694321
0.002011 0.697310
0.003570 0.699067
0.009434 0.699050
0.011247 0.701234
0.018849 0.703022
0.027129 0.699102
0.002795 0.686103
0.020992 0.710554
-0.047358 0.720290
-0.039604 0.717928
-0.048914 0.714231
-0.047400 0.713068
-0.051987 0.714064
-0.054828 0.710595
-0.051913 0.710247
-0.056678 0.709320
-0.045967 0.727174
-0.073905 0.717718
-0.005382 -0.035582 -0.064967 -0.053803 -0.010145 0.027789 0.036856 0.018313 
0.265486 0.066381 0.028143 -0.029136 -0.049271 -0.032093 0.001156 0.021459 
0.000809 -0.025718 -0.067392 -0.047856 -0.005614 0.025752 0.026853 0.016397 
0.194571 0.073276 0.028088 -0.027186 -0.044522 -0.023884 -0.001838 0.014246 
0.032270 -0.002630 -0.046167 -0.047816 -0.023979 -0.000649 0.013538 0.017571 
0.106158 0.076665 0.041033 -0.004189 -0.026503 -0.026258 -0.015002 -0.002759 
0.052217 0.004619 -0.030445 -0.034640 -0.021417 -0.005061 0.001630 0.008465 
0.031855 0.073879 0.043064 0.010993 -0.008177 -0.017461 -0.014513 -0.006447 
0.071869 0.010745 -0.018924 -0.028140 -0.024285 -0.011067 -0.003683 0.003423 
-0.036241 0.065271 0.043588 0.017915 -0.000536 -0.010166 -0.011893 -0.008564 
0.091236 0.005521 -0.008700 -0.021973 -0.020048 -0.014511 -0.007534 -0.001754 
-0.101453 0.051066 0.046527 0.021304 0.005967 -0.004410 -0.008513 -0.005790 
0.106833 -0.000573 -0.006842 -0.015399 -0.020733 -0.022954 -0.010116 -0.003993 
-0.153591 0.037043 0.048877 0.029318 0.011447 -0.001505 -0.008799 -0.012424 
0.109029 -0.005559 -0.005684 -0.019717 -0.025588 -0.027768 -0.018297 -0.008444 
-0.177345 0.037532 0.060280 0.038707 0.015292 -0.000345 -0.008565 -0.014389 
0.095571 -0.008875 -0.007288 -0.025434 -0.040348 -0.040312 -0.029183 -0.014048 
-0.179391 0.052994 0.072590 0.049987 0.022369 -0.001391 -0.018635 -0.028745 
0.086449 0.020916 0.003615 -0.031653 -0.053326 -0.056845 -0.046052 -0.030731 
-0.186633 0.067089 0.079153 0.060834 0.035721 0.005385 -0.019236 -0.039383 
0.001271 -0.008231 -0.001058 0.003469 -0.000050 0.000571 -0.002251 -0.001381 
-0.020370 -0.007528 0.003058 0.002544 0.000868 0.000719 -0.000227 0.000913 
0.000254 -0.006723 -0.000762 0.004524 -0.003010 0.001514 -0.000122 -0.000748 
-0.017478 -0.004958 -0.000546 0.002676 0.004014 0.001351 -0.002642 -0.001340 
0.002951 -0.005789 -0.003199 0.002515 0.001435 -0.002740 -0.000955 -0.000285 
-0.006131 -0.001522 0.004037 0.000113 0.001132 -0.003558 -0.004101 0.000540 
-0.000313 -0.000968 -0.002106 0.001923 0.001786 0.001925 0.000187 -0.000679 
-0.003155 -0.004210 0.000231 0.002036 -0.000443 -0.001070 -0.004038 0.001614 
0.004797 0.001903 -0.006123 0.002116 -0.000461 0.002194 0.001902 0.000558 
0.004945 -0.000233 0.001957 0.003453 0.000678 -0.003006 -0.003131 -0.004236 
0.002969 0.005663 -0.007415 0.000915 -0.000655 -0.000240 -0.000644 -0.001554 
0.008418 -0.000854 0.000429 0.004853 0.001096 -0.002681 0.002446 -0.000849 
-0.006892 0.001759 -0.004866 0.004198 -0.001752 0.004113 -0.000729 -0.001315 
0.016761 -0.001616 -0.002245 0.004013 0.002935 -0.002186 -0.003591 0.002218 
0.001543 0.002876 -0.006498 0.004991 -0.003701 0.003134 -0.001236 -0.004937 
0.014407 -0.002491 -0.004432 0.006366 -0.000309 0.002532 -0.004252 0.003412 
0.004662 0.007487 -0.002992 0.006937 -0.000780 0.004658 -0.003264 -0.008586 
0.008803 -0.001903 -0.003045 -0.002677 0.003301 -0.000769 -0.003844 0.001818 
0.054673 0.025133 -0.001818 0.003796 -0.004003 -0.001289 0.004034 -0.002121 
-0.034195 -0.006973 -0.004771 0.001785 0.004581 -0.002847 -0.004071 -0.004046 
-0.010416 -0.034867 -0.041679 -0.028665 -0.003413 0.010485 0.009184 0.002205 
0.263405 0.049405 0.017133 -0.017254 -0.019930 -0.008689 0.002773 0.003985 
-0.004391 -0.022894 -0.045950 -0.023411 -0.000585 0.009758 0.007020 0.004506 
0.191426 0.057512 0.015856 -0.016736 -0.020105 -0.005878 -0.003508 0.000525 
0.026590 -0.002852 -0.029512 -0.023380 -0.008920 -0.000226 0.002524 0.005806 
0.102167 0.059738 0.024338 -0.001792 -0.010262 -0.007721 -0.001922 -0.002812 
0.047812 0.002881 -0.020471 -0.017584 -0.007239 -0.000837 -0.002149 0.002142 
0.027509 0.057868 0.028669 0.005128 -0.002783 -0.007213 -0.004926 -0.001377 
0.068151 0.007664 -0.014403 -0.016687 -0.014102 -0.002073 -0.001878 -0.001221 
-0.040703 0.052811 0.030465 0.011081 0.001213 -0.004654 -0.005590 -0.002488 
0.087887 0.002190 -0.008014 -0.015215 -0.012055 -0.007370 -0.004691 -0.002378 
-0.104914 0.040481 0.033800 0.014181 0.004736 -0.000938 -0.002099 -0.001550 
0.105775 -0.003567 -0.006372 -0.009622 -0.012180 -0.015752 -0.004887 -0.000587 
-0.156596 0.029479 0.039532 0.021969 0.007258 -0.000013 -0.004375 -0.004548 
0.108496 -0.007817 -0.005761 -0.015288 -0.018866 -0.016885 -0.010272 -0.004291 
-0.180261 0.030764 0.050906 0.030189 0.010092 -0.000051 -0.004914 -0.010288 
0.095272 -0.007921 -0.005559 -0.020876 -0.031599 -0.031192 -0.021555 -0.009521 
-0.181714 0.047647 0.064807 0.042241 0.018737 0.000339 -0.011931 -0.020802 
0.079440 0.019337 0.000338 -0.032430 -0.049528 -0.049500 -0.036798 -0.022064 
-0.180474 0.067524 0.073357 0.053940 0.028527 0.000881 -0.019489 -0.036371 
-0.028504 -0.036797 0.001547 0.002069 0.000767 0.001306 0.002030 -0.001575 
-0.216624 0.007655 0.000168 -0.000720 -0.000725 0.002717 -0.001280 -0.004062 
-0.016321 -0.016955 -0.000614 -0.002798 0.001146 0.000412 0.000601 0.000127 
-0.145380 0.001229 0.000214 -0.000861 0.000973 -0.002929 -0.000246 -0.000998 
-0.005120 -0.005029 -0.000104 0.000644 -0.000679 0.001001 0.000721 0.000191 
-0.063360 -0.003325 -0.003487 -0.000153 -0.003402 -0.002417 -0.000448 0.000351 
0.005099 0.002204 -0.000742 -0.000526 0.002682 -0.001261 -0.003556 -0.001095 
0.013225 -0.003369 0.000828 -0.000115 0.002583 0.003999 0.001480 0.001954 
0.015999 0.000528 -0.003131 0.001821 0.001624 -0.000643 0.001610 -0.000236 
0.074779 -0.002448 -0.005990 -0.000517 -0.003160 0.004851 0.000748 0.001150 
0.023854 -0.010362 -0.008155 0.005309 0.000403 -0.001036 -0.004574 0.001018 
0.127624 0.000649 -0.012731 -0.007445 0.000652 0.004496 0.001311 -0.003777 
0.029764 -0.007571 -0.007201 0.005894 0.008431 -0.003489 0.000020 0.000824 
0.157983 -0.000674 -0.017840 -0.006687 0.004964 0.009790 0.005173 -0.005152 
0.030966 -0.013176 -0.011264 0.011547 0.013508 0.001379 0.000244 0.004883 
0.173835 0.000711 -0.023150 -0.011095 -0.001185 0.007025 0.005166 -0.011469 
0.032354 -0.008379 -0.017390 0.012855 0.015258 -0.002799 0.005078 0.006065 
0.158577 -0.004071 -0.022216 -0.018668 0.001907 0.008446 0.004271 -0.012286 
0.018132 0.030545 -0.008732 0.017793 0.015137 -0.004949 0.012460 -0.001911 
0.177623 -0.009735 -0.012668 -0.021930 0.009952 0.008855 0.007705 -0.017397 
0.041814 -0.009338 0.000339 -0.000312 0.002423 0.002497 -0.002329 0.002361 
-0.074052 -0.001477 0.002105 0.001906 -0.001472 -0.000337 -0.000287 0.002715 
0.024356 -0.003243 0.000951 0.001530 0.001828 0.000782 -0.001063 0.000832 
-0.044697 -0.000282 0.001367 0.002725 -0.000085 -0.001414 -0.001141 -0.000285 
0.007072 0.001148 0.001772 -0.000917 -0.000315 -0.000311 0.000635 0.001469 
-0.019311 0.005671 0.000273 -0.000870 0.001244 -0.001969 0.000356 0.000019 
-0.000681 -0.000653 0.000124 -0.003265 -0.001018 0.000103 0.000272 -0.001391 
0.003780 0.005357 0.000882 0.000414 0.001524 0.001631 0.000488 0.000439 
-0.009562 0.000258 0.001834 0.002114 0.002414 -0.000113 0.000565 -0.002414 
0.025325 0.003383 -0.001515 0.002288 0.001169 0.002488 0.000146 -0.001337 
-0.019353 0.000569 -0.003194 -0.001130 -0.000168 0.000050 -0.001059 0.000707 
0.044679 0.000490 -0.001265 0.001332 0.002323 0.002359 0.001891 0.001888 
-0.027322 0.000184 -0.000713 -0.000030 -0.000631 -0.000486 0.001595 -0.000858 
0.061041 -0.000513 0.000192 0.003434 -0.000838 -0.002753 0.001029 -0.000441 
-0.039188 -0.003388 -0.000096 0.001054 -0.002117 0.003545 -0.002808 0.000793 
0.071536 -0.004775 -0.000481 -0.001125 -0.000793 0.002053 0.002016 -0.003682 
-0.041223 -0.005525 0.004816 -0.003978 -0.001695 0.003244 0.000725 -0.000151 
0.068593 -0.005745 -0.000318 0.003873 -0.002771 0.001592 0.001819 -0.000855 
-0.025582 0.004985 0.003879 0.004375 -0.000985 0.003268 0.001684 -0.004149 
0.094033 -0.011511 0.001374 0.003483 0.001227 -0.003027 0.003727 0.003997 
0.046876 -0.006949 -0.002551 0.002158 0.001199 -0.000810 0.001427 0.001378 
-0.041280 0.000723 0.002268 -0.001953 -0.001276 -0.001728 -0.000085 0.005013 
0.026422 0.001726 0.001900 0.001337 -0.000674 0.000007 -0.000353 -0.000995 
-0.019465 0.002469 -0.000048 -0.001606 -0.002670 -0.000941 -0.001486 0.000401 
0.010367 0.000714 0.001240 0.002805 0.000568 0.000983 0.001472 0.000701 
-0.012617 0.004030 -0.001639 0.000298 0.001130 -0.003021 0.002860 0.000174 
-0.002172 -0.002313 -0.000142 -0.000072 0.000788 0.000795 -0.000291 0.000957 
0.002025 0.004700 -0.000991 0.000434 0.000236 -0.000271 0.002106 0.001715 
-0.016411 0.001328 -0.001353 -0.001983 0.000032 -0.000643 0.001606 -0.000955 
0.011593 -0.000619 0.000893 -0.002684 -0.001286 -0.001726 0.002681 -0.002420 
-0.020756 -0.002385 -0.002425 -0.001318 -0.000436 -0.000477 0.000596 -0.003064 
0.020297 0.000124 0.003654 0.000594 0.000346 -0.000181 0.000550 -0.001794 
-0.037319 0.002444 0.000460 0.000283 -0.000111 -0.000093 0.000467 -0.000235 
0.029362 0.000214 0.000309 0.001418 -0.001119 -0.000756 0.000696 -0.001533 
-0.042716 0.002554 0.000149 -0.001377 0.002488 -0.003086 -0.000870 0.001626 
0.039339 0.002650 0.003001 -0.000892 0.000563 -0.001158 -0.000089 0.000601 
-0.051562 -0.001381 0.003685 -0.003892 0.003838 -0.000408 -0.003678 -0.000112 
0.047338 -0.007285 0.003199 -0.002484 -0.005564 0.001431 0.000735 0.001299 
-0.067896 0.023278 0.005225 -0.004475 -0.003432 0.003964 -0.004450 0.001918 
0.085133 -0.016753 0.006390 0.007834 -0.005794 0.003889 0.002101 -0.003852 
0.018019 -0.001198 0.002471 -0.003754 -0.000091 -0.001255 -0.000587 0.000717 
-0.017100 -0.002449 0.001232 0.002337 -0.001534 -0.000987 0.002473 -0.000894 
0.009271 -0.000101 0.000259 -0.000148 0.000500 0.001516 -0.000192 -0.002227 
-0.006371 0.002495 0.003418 0.001030 -0.001448 0.001542 -0.002353 0.001163 
0.002994 0.002346 0.001950 0.000880 0.002652 -0.000848 -0.001707 0.000499 
-0.006411 -0.001119 0.001295 -0.000912 -0.001981 0.000325 -0.002759 -0.000046 
-0.000745 0.000312 0.000220 -0.000999 0.000607 -0.000859 -0.000486 0.000707 
0.000147 -0.001297 0.002935 -0.002097 0.002050 -0.000151 -0.002081 -0.001111 
-0.004917 -0.000277 0.000078 0.001322 0.000934 0.000636 -0.001456 -0.000222 
0.009619 0.000531 -0.000223 -0.001059 0.001665 0.000662 -0.003284 0.000376 
-0.010216 -0.000365 -0.001548 0.000116 0.001029 -0.001638 0.000643 -0.003078 
0.009021 0.002520 0.001673 0.000561 -0.000159 -0.002245 -0.001657 -0.000099 
-0.015763 -0.002665 0.001215 0.000990 0.001760 0.001585 0.000643 0.002236 
0.014478 -0.000991 0.001384 -0.002383 -0.003590 -0.000706 0.004008 -0.000916 
-0.020643 0.004272 -0.001362 0.001422 0.002518 -0.000147 -0.001894 0.000791 
0.016139 -0.003271 0.002179 0.000119 0.000905 -0.000457 -0.000904 0.000585 
-0.023422 -0.000622 0.004209 -0.002891 0.000031 0.001201 0.000714 0.000938 
0.028465 -0.001769 -0.003211 0.001513 -0.001578 0.003547 0.000694 -0.000916 
-0.014293 -0.000513 0.000682 -0.000838 0.001298 0.004506 -0.000325 0.000697 
0.050173 -0.004562 0.001110 -0.000386 -0.002074 0.001354 -0.000504 -0.001457 
0.005389 -0.003069 -0.000251 0.000694 0.001222 -0.001195 -0.001824 0.002822 
-0.034056 -0.004510 -0.000599 0.000177 0.001068 0.001034 -0.003230 0.005495 
0.001948 -0.001532 0.000251 -0.000239 0.003181 -0.001370 -0.002486 -0.003357 
-0.023114 -0.004930 -0.000570 0.001568 -0.001825 0.002488 -0.000214 -0.000325 
0.000363 -0.000965 0.001253 -0.000458 -0.000103 0.000026 0.001364 -0.001426 
-0.010311 -0.003504 0.001897 0.002921 -0.000733 -0.003477 0.001736 -0.000066 
0.000790 -0.002158 0.002839 -0.000510 -0.002182 -0.002828 -0.001108 0.000170 
0.000738 -0.002784 -0.000471 0.000942 0.001571 0.000070 0.000086 -0.003227 
0.002309 0.000907 -0.002785 0.003133 0.000814 -0.000749 -0.000457 0.000081 
0.019880 -0.002995 0.002741 -0.000772 -0.000003 -0.000378 0.003030 0.002808 
0.003416 -0.000898 -0.000268 -0.000496 0.001988 0.002110 -0.000961 0.000894 
0.034326 -0.004143 -0.001125 -0.001815 0.001235 0.004410 0.001348 0.000253 
-0.001779 0.001678 -0.000148 -0.000689 -0.000956 0.001424 0.000897 0.002413 
0.039736 -0.002206 0.002602 -0.003562 0.005462 0.000386 0.001617 0.000410 
-0.001979 0.004334 0.001836 -0.000900 0.000349 -0.002325 -0.000631 0.001503 
0.051301 -0.006502 0.000934 -0.000408 0.002087 0.003595 0.001008 -0.000636 
-0.010540 0.011569 -0.000242 -0.003579 -0.000698 0.004795 -0.003100 -0.000706 
0.046727 -0.007228 0.001503 -0.003431 0.000679 0.002671 -0.003153 -0.001103 
0.007961 -0.015381 -0.000150 -0.006148 -0.002365 0.008537 0.003931 0.005342 
0.050099 -0.003582 0.005896 -0.010661 0.003627 0.003744 -0.002241 -0.003145 
0.049372 -0.017019 0.002198 -0.001166 -0.002380 0.002495 0.002141 -0.000028 
-0.160448 -0.009372 0.000451 -0.000402 0.001360 -0.000840 -0.003423 0.000928 
0.025122 -0.002738 0.000815 0.001014 -0.000283 -0.000412 -0.005757 0.000807 
-0.088123 0.002787 0.001989 -0.000477 0.001446 -0.004790 0.000815 0.002521 
0.008846 0.000107 0.001969 0.002040 -0.000200 0.002658 0.000820 -0.000697 
-0.039794 0.001950 -0.001236 -0.001064 -0.001917 0.001987 0.001607 0.000069 
0.001103 -0.001468 0.000363 0.000082 -0.000907 0.002436 -0.001519 0.001286 
0.011531 0.001476 0.001580 -0.001640 -0.000470 0.000566 0.001094 0.000402 
-0.009776 0.001573 0.000479 0.001419 -0.000322 0.001640 -0.001602 -0.000675 
0.058280 -0.001287 0.001954 0.000285 -0.001816 0.000057 0.001975 0.000083 
-0.017706 -0.005561 0.002189 0.000261 -0.001192 -0.000459 0.000471 -0.001486 
0.103314 -0.001632 0.003154 -0.002163 -0.001541 -0.001605 0.000605 -0.001735 
-0.031796 -0.014189 -0.003097 0.000711 0.000231 0.003697 0.000862 0.002227 
0.144168 -0.004079 0.000375 0.002291 0.001642 -0.001647 -0.000008 -0.000127 
-0.046444 -0.016858 -0.000073 0.000297 0.000957 -0.002093 0.001681 -0.001516 
0.175236 -0.006364 -0.003386 0.000431 -0.000306 0.000051 0.000229 0.001048 
-0.053755 -0.019542 0.002001 -0.002658 -0.000428 0.001322 0.001302 -0.001484 
0.181679 -0.010766 -0.002514 0.001535 -0.001279 0.003764 0.000026 0.002011 
-0.058503 -0.032976 0.004138 0.003626 -0.003459 -0.002606 -0.000972 0.002586 
0.253032 -0.016220 -0.005877 0.000080 0.003083 -0.003381 0.000463 0.003403 
0.015056 -0.004326 -0.003745 -0.000326 -0.002126 -0.000688 0.001550 -0.002140 
-0.021178 0.001513 0.003099 -0.000061 0.000596 0.000830 -0.000377 -0.002326 
0.007737 0.001500 0.000796 -0.000989 0.001222 0.000897 0.004366 0.000320 
-0.012743 0.001272 -0.001649 -0.002122 -0.001063 -0.001618 -0.000666 0.002838 
0.000897 -0.001643 0.000114 0.000611 0.001953 0.001172 0.000392 -0.000175 
-0.008644 0.003202 -0.000592 -0.000523 0.002936 0.000398 -0.002334 -0.000603 
-0.000802 -0.000494 -0.000241 -0.001549 -0.002463 -0.001156 -0.003138 -0.002303 
0.002400 0.003667 0.002237 0.000904 -0.000862 0.000023 0.000280 0.000150 
-0.005926 0.001907 -0.000268 -0.000097 -0.000485 0.001429 0.001209 -0.003032 
0.005341 0.000319 -0.003242 -0.001516 0.001431 0.001530 0.003166 -0.002181 
-0.005883 -0.001607 0.002531 -0.001840 0.001212 0.002712 -0.000505 -0.003623 
0.014866 -0.002494 -0.001040 0.000811 -0.003916 0.002040 0.001047 -0.003138 
-0.013753 -0.000483 0.002147 -0.002560 -0.000931 0.002143 -0.003638 -0.001730 
0.018904 -0.002387 0.004726 0.002924 -0.003693 0.001437 0.001138 -0.000735 
-0.013736 0.001205 -0.001494 -0.006610 0.000240 -0.000947 -0.003993 -0.003242 
0.018346 0.003026 0.001852 0.000304 -0.008091 0.005514 -0.000015 -0.000919 
-0.018713 0.003451 -0.001341 0.002021 0.002463 0.000834 -0.001218 -0.001409 
0.014431 -0.004384 0.004432 -0.002157 -0.006252 0.007038 0.002392 0.001180 
-0.005383 0.050583 -0.009508 -0.000427 -0.007003 -0.001811 -0.002706 -0.006093 
0.047130 -0.005048 0.001425 0.006599 -0.006092 0.012600 0.005075 -0.005587 
0.019592 -0.004901 0.002072 -0.000252 0.002895 -0.001115 -0.000856 -0.001326 
-0.017657 0.000534 -0.000418 -0.001642 -0.000200 -0.001496 -0.001842 -0.002572 
0.011049 0.000259 -0.001630 0.000459 0.000728 0.001047 0.000139 0.000332 
-0.006292 -0.000370 -0.000132 0.001744 0.000332 0.000968 -0.000799 0.001297 
0.005002 -0.002882 -0.000907 -0.002568 -0.000320 0.000991 -0.000584 -0.000894 
-0.006911 0.002896 0.000694 -0.000985 -0.000451 -0.002416 -0.000026 -0.000982 
-0.001413 0.000503 -0.003324 -0.003132 -0.001591 0.001832 -0.004609 0.000701 
0.002804 0.001930 0.001972 -0.001411 0.000666 -0.001015 -0.000060 0.000419 
-0.011120 -0.000192 0.000998 0.000280 -0.000786 -0.000284 -0.002535 -0.001377 
0.003474 -0.001158 0.000946 -0.000464 -0.006460 0.002523 -0.002500 0.000116 
-0.012993 -0.000946 0.003287 -0.003670 0.004109 0.003818 -0.005579 -0.000377 
0.011569 0.000811 0.003514 0.000558 -0.002457 0.001340 -0.000277 0.000183 
-0.014282 0.001234 0.002994 -0.002977 0.001869 0.003305 -0.003303 0.002389 
0.011307 -0.003113 0.002026 0.001383 -0.003221 0.002583 -0.000641 -0.000792 
-0.016507 0.002305 -0.002194 -0.002606 0.002416 0.008028 -0.003976 0.002261 
0.017127 0.000131 0.003263 0.002875 -0.003354 0.006421 0.005636 -0.006819 
-0.020396 0.005653 0.001560 -0.004963 0.002604 0.005113 -0.005857 0.001017 
0.017522 -0.001631 0.001380 -0.000500 -0.003022 0.006342 -0.000233 -0.000136 
-0.054713 0.034892 -0.014668 -0.000387 0.002376 0.003268 -0.002170 0.007534 
0.020579 -0.000422 0.010102 0.003550 -0.009016 0.005115 -0.001027 0.002552 
0.024309 -0.006788 -0.001783 0.000790 0.001048 0.001634 0.002875 -0.001195 
-0.016656 0.001509 -0.001318 -0.000205 -0.000028 -0.000709 -0.001659 0.002430 
0.016587 0.000245 -0.001625 -0.001208 -0.000558 0.004074 0.000076 0.002336 
-0.010406 0.002103 -0.002058 -0.001287 -0.001408 -0.003648 -0.000367 0.001921 
0.006538 -0.000210 -0.001691 0.001766 -0.000267 0.001917 0.003335 -0.001317 
-0.006528 0.004719 -0.002839 -0.000529 0.000011 -0.003914 0.001794 0.001166 
-0.001594 0.001316 0.002517 -0.001668 -0.000338 0.001040 0.001182 0.000254 
0.004538 0.003621 0.000438 -0.001853 0.000255 0.000431 0.000976 0.003081 
-0.007087 0.000695 0.000869 0.000393 0.000771 -0.000618 0.000306 0.003042 
0.004508 0.000577 0.002006 0.001455 -0.002475 0.000066 -0.000822 0.000857 
-0.011420 0.003778 0.003573 -0.003451 0.002978 -0.000347 -0.003167 0.000976 
0.011056 -0.000389 0.001813 -0.000040 -0.000652 0.001480 0.000197 -0.001814 
-0.019699 0.003213 0.001957 -0.002501 0.002903 0.001109 -0.003850 0.001816 
0.014580 -0.003834 0.002821 0.001269 -0.004297 0.002662 0.001302 -0.003448 
-0.016447 0.008112 0.001391 -0.000947 0.005458 0.002541 -0.003531 0.003364 
0.013533 0.000814 0.001234 -0.002489 -0.007324 0.002351 0.002492 -0.002208 
-0.022676 0.002975 -0.000863 -0.005140 0.000967 0.004088 0.000149 -0.000564 
0.006147 -0.002756 0.010486 0.000443 -0.005665 0.005786 -0.001921 -0.002149 
-0.016048 0.029528 -0.008426 -0.001515 0.005289 0.002410 -0.002748 0.008724 
0.019150 -0.003694 0.005470 0.002841 -0.010498 0.002232 -0.002521 -0.000268 
0.019081 -0.006423 -0.001307 -0.002388 0.000109 -0.000816 -0.001237 0.000894 
-0.012948 0.003421 0.001359 -0.000637 0.000439 0.000987 -0.000082 -0.003635 
0.013227 -0.000990 -0.001771 -0.000291 0.000547 0.002552 -0.000014 0.001432 
-0.004089 0.005854 -0.000414 0.000748 0.002644 -0.001781 -0.000710 -0.000180 
0.006963 -0.002195 -0.000901 -0.000440 -0.001985 -0.000211 0.001676 -0.000471 
-0.006007 0.007717 0.001127 -0.000476 -0.001335 -0.003273 0.000145 -0.001589 
0.000095 -0.003864 -0.002650 0.000878 -0.001805 -0.000514 -0.000877 0.000263 
-0.000124 0.002623 0.001928 -0.000831 0.001966 -0.000912 0.002749 -0.000604 
-0.011839 -0.001986 -0.000528 -0.002062 0.000617 0.000993 0.001900 0.001814 
0.005225 0.001764 0.002867 -0.001930 0.000667 0.001238 0.002764 0.000700 
-0.010451 0.000866 -0.003605 0.000925 0.002210 -0.002188 0.000924 -0.000359 
0.000820 0.001746 0.002953 -0.000994 -0.001394 0.002653 -0.000196 0.000732 
-0.016621 0.006411 0.001322 0.003139 0.001945 -0.001947 -0.000455 0.004531 
0.007677 0.000692 0.003524 -0.002631 -0.002540 0.004627 0.001570 0.000950 
-0.013910 0.005676 -0.001642 -0.001337 0.000261 0.001695 -0.000724 -0.000721 
0.012177 0.003264 -0.000012 -0.001425 -0.004121 0.005329 0.000332 -0.000228 
-0.011059 -0.000237 -0.001806 -0.000847 0.002890 0.003426 -0.002079 -0.000545 
0.014892 0.002282 0.007555 0.002973 -0.005880 0.001583 0.004753 -0.000692 
-0.014122 0.046377 -0.006995 -0.001596 0.001639 0.004451 0.000229 0.003648 
0.023991 0.000920 0.002667 0.005789 0.001257 -0.001104 -0.002096 0.005622 
0.014615 -0.004555 -0.001558 -0.000553 -0.003265 -0.000538 -0.000031 -0.000854 
-0.009976 0.005173 0.000471 0.001614 0.000335 0.003895 -0.000487 0.000713 
0.009883 0.000231 -0.001278 0.000405 -0.002648 -0.002573 0.001370 -0.000844 
-0.005533 0.004612 0.001749 0.001147 -0.000038 -0.001410 0.000279 0.001455 
0.005474 -0.002313 -0.002231 -0.000143 -0.000440 0.000253 -0.000546 -0.002045 
-0.003267 0.001534 -0.001911 0.001711 -0.001028 0.000461 -0.001169 0.000665 
-0.001971 0.000396 0.000694 0.000571 -0.003024 0.002441 -0.004203 0.000419 
0.000603 0.000194 0.001774 0.003761 0.002499 -0.002327 0.001796 0.002387 
-0.004366 -0.000193 -0.001778 -0.002761 0.001172 -0.000937 -0.001580 0.000763 
0.007916 0.000895 -0.001270 -0.000508 -0.000621 0.000740 -0.002031 0.001312 
-0.009965 0.002186 0.001143 0.002531 -0.000894 0.000670 -0.002180 0.002504 
0.005359 0.001997 0.001786 -0.001818 -0.000612 -0.000058 0.001081 0.000342 
-0.014969 0.003167 -0.000539 -0.002941 0.003863 -0.001351 0.000711 0.002190 
0.007387 0.004614 0.003729 -0.000099 -0.003907 0.002052 -0.001536 -0.000520 
-0.015909 0.005209 -0.001142 -0.003107 -0.001773 0.000649 0.002024 0.002615 
0.006886 0.001963 0.004882 -0.004859 -0.003764 0.004762 -0.001028 0.002368 
-0.011335 0.005565 -0.003218 -0.002751 0.000063 0.002484 -0.000784 0.000298 
0.006605 -0.002496 0.006782 -0.000410 -0.001038 0.006610 0.001334 -0.001112 
-0.026326 0.024598 -0.003930 -0.001244 0.000575 0.001919 -0.004012 -0.000238 
-0.001078 0.001211 0.006110 0.001793 -0.002907 0.004365 0.000921 0.001295 
0.015413 -0.002950 -0.001732 -0.003809 0.000378 0.001447 -0.000842 -0.001096 
-0.005752 -0.001689 -0.000267 -0.000728 -0.001622 0.000637 0.004075 0.000023 
0.007334 -0.000024 -0.004423 -0.000496 0.000691 0.001007 -0.001617 0.000903 
-0.003418 -0.000944 0.001885 0.000917 -0.001207 0.001861 -0.000806 0.000657 
0.004697 -0.001926 -0.000415 0.000055 -0.000214 -0.000735 -0.000673 -0.002314 
-0.004691 0.000310 0.001782 0.001085 0.000274 0.000167 0.002459 0.001796 
-0.001798 0.001192 -0.000652 -0.000566 0.001061 -0.000846 -0.001702 -0.000556 
0.000605 -0.002125 -0.000142 0.002733 0.001301 -0.000555 -0.000027 -0.000024 
-0.004176 -0.002523 0.000390 0.000358 0.003784 0.000780 -0.004568 0.001127 
0.006069 0.000204 -0.000826 0.001575 -0.001211 0.001157 0.002099 -0.000617 
-0.008197 0.001082 -0.000097 -0.000070 0.001492 -0.001415 0.000193 0.003664 
0.005917 0.000521 0.000554 -0.000343 -0.001236 -0.000167 -0.000848 -0.001837 
-0.009268 -0.002556 -0.000201 0.000221 -0.001233 0.000380 -0.001915 0.006305 
0.006777 -0.003056 0.001722 -0.000841 -0.001935 0.002011 0.000738 0.001353 
-0.012412 0.000394 0.001065 0.002182 0.006413 -0.001362 -0.002035 -0.001604 
0.000380 -0.002257 0.002173 -0.002481 0.000214 0.000536 0.002881 0.004259 
-0.010682 0.007612 -0.000259 -0.001979 0.002541 -0.001525 0.004377 0.000929 
0.005498 -0.001401 0.007124 -0.000906 0.002814 -0.002716 -0.001436 0.003053 
0.001825 0.024868 -0.002487 0.003229 0.010399 -0.003392 0.004245 0.005848 
0.020529 -0.003876 0.008488 0.000119 0.001598 -0.000328 -0.002260 0.001586 
0.008237 -0.003636 -0.002904 0.002337 -0.002857 -0.001495 0.002319 0.000556 
-0.005701 -0.003587 -0.000257 -0.001873 -0.001835 -0.000058 -0.001693 -0.000903 
0.005291 0.001095 -0.000309 0.001856 0.000635 0.000314 -0.001126 -0.003469 
-0.001977 0.002758 -0.000765 -0.001742 -0.003125 0.000613 0.001523 0.000888 
0.001794 0.001922 -0.004865 -0.000832 0.000348 -0.001397 0.002124 0.000215 
-0.000755 -0.001586 0.000425 0.000486 0.001954 -0.001770 0.000243 0.001988 
-0.002111 -0.000278 0.000604 0.001718 -0.002906 -0.002477 0.000116 0.002678 
0.001467 0.000073 -0.002338 0.000259 0.000037 0.001590 0.002669 0.000634 
-0.004296 -0.003312 0.003135 0.001972 0.001330 0.000202 -0.000645 0.001077 
0.005390 0.000021 0.002196 0.004093 -0.000811 0.002703 -0.000455 -0.000879 
-0.002963 -0.001347 -0.000002 -0.001345 0.000920 0.000734 -0.001299 0.000735 
0.003351 -0.002365 0.000920 -0.001557 -0.002548 0.003691 0.003104 0.000353 
-0.008601 0.000207 0.000620 -0.000063 0.002043 -0.001599 -0.001395 -0.002989 
0.000526 0.000364 0.000229 -0.003366 -0.001622 0.000897 -0.001192 0.000363 
-0.010068 0.000444 0.000110 0.000036 -0.001160 -0.000025 -0.002103 0.000262 
0.008296 -0.002911 -0.000775 -0.002090 0.000821 0.002675 0.001811 -0.001412 
-0.004874 -0.004739 -0.002450 -0.001688 -0.000052 0.002210 -0.000624 0.003464 
0.009837 0.000360 -0.000265 0.000501 -0.001875 0.002619 0.001445 0.000276 
-0.012203 -0.005239 -0.001878 -0.001800 0.004750 0.004725 0.002984 -0.006521 
0.025698 -0.002488 0.005075 0.000442 0.000452 0.005898 -0.004641 -0.001097 
0.006845 -0.001024 0.000306 0.001486 0.000543 -0.000145 -0.003238 -0.001972 
-0.002936 -0.000988 0.001085 0.001051 -0.000596 -0.001957 0.000444 0.000863 
0.006828 -0.001019 -0.000988 0.000270 0.003180 0.001385 0.001166 -0.001036 
-0.000629 0.001465 -0.001480 -0.000372 0.004661 -0.001624 -0.000860 0.001133 
0.002368 -0.001745 0.000728 -0.000146 -0.000473 -0.001046 0.000393 0.003067 
-0.001033 0.000870 0.000063 -0.000163 0.003612 -0.000261 0.001662 -0.001877 
0.000951 0.000941 -0.000991 0.001301 -0.001507 -0.000767 0.004932 -0.002094 
-0.001011 -0.002917 0.002163 0.000565 -0.001590 0.001733 0.001021 0.000774 
-0.001973 -0.001127 -0.000184 -0.001739 -0.001365 0.000137 -0.000132 0.003219 
0.003421 -0.001314 0.003875 0.003529 -0.001869 -0.002429 0.002179 -0.000306 
-0.003496 0.001763 0.000333 -0.001108 -0.000901 0.002882 -0.000880 -0.002975 
0.004080 0.001078 -0.002846 0.003107 0.000601 0.006426 0.003495 -0.000809 
-0.007701 -0.000489 0.000256 0.000218 0.002092 0.000392 0.002521 -0.000033 
0.002853 0.000127 0.001047 -0.002377 -0.004771 0.003333 0.004702 -0.001019 
-0.006231 0.004390 -0.001701 -0.002421 0.001064 0.005196 0.000802 0.000358 
0.003015 -0.001066 0.003557 0.001128 -0.004861 -0.000951 0.000814 -0.000265 
-0.005893 0.001897 -0.003587 -0.001879 0.001847 0.003865 0.000868 -0.001162 
-0.002254 -0.000371 0.003014 -0.002441 -0.005387 0.004296 -0.001466 -0.005301 
0.008131 -0.000209 -0.003985 -0.004911 0.004844 0.003399 -0.001460 0.001635 
0.004066 0.006109 0.004082 -0.007089 -0.000764 0.000971 -0.001926 -0.003426 
0.005001 -0.001868 -0.003026 0.004224 0.001875 -0.000702 -0.000904 0.002728 
-0.009887 0.000526 -0.000294 0.001205 -0.000021 -0.000253 -0.003981 0.000297 
0.000142 -0.002101 -0.000865 0.001379 -0.002069 0.000734 -0.002966 -0.002937 
-0.005057 0.000589 -0.002494 0.000627 0.001150 0.000779 -0.002210 0.000813 
-0.002063 0.001394 0.001623 0.004426 0.000474 -0.000752 0.001081 -0.000418 
-0.004944 -0.000007 -0.001212 0.000160 0.001126 0.001337 -0.001308 -0.000036 
0.002734 -0.000080 0.000943 -0.003592 0.002117 -0.003209 -0.000874 0.001500 
0.000607 -0.001365 -0.000589 -0.002591 0.001169 0.002023 -0.001038 -0.001177 
-0.002168 -0.003110 -0.002641 -0.000107 0.000988 0.000599 0.000643 -0.000255 
0.006046 -0.000162 0.002517 -0.001840 -0.001649 0.000075 -0.001113 0.000077 
-0.003965 -0.000945 -0.000602 -0.000329 0.002096 0.000876 -0.000350 0.003341 
0.007587 -0.001948 0.002960 -0.003755 -0.001828 0.002285 0.001164 0.000528 
-0.007696 0.004020 -0.000434 -0.004405 0.001246 0.005943 -0.000953 0.000436 
0.013508 -0.000902 -0.000052 -0.002754 -0.001773 0.000054 -0.001364 0.000505 
-0.003012 0.000908 0.001186 -0.001669 0.000466 -0.001555 -0.000914 -0.000670 
0.006741 -0.002097 0.002835 0.000570 -0.004119 0.003729 -0.001776 -0.001023 
-0.002655 0.001797 -0.009385 -0.005278 0.002860 0.002472 -0.005186 0.001197 
0.015809 -0.003490 0.003486 -0.001360 0.001604 0.005490 -0.001676 -0.000693 
-0.013801 0.013422 -0.001451 -0.005751 0.006001 -0.005442 -0.004022 0.004603 
0.010255 -0.000200 0.005018 -0.005040 -0.001644 0.007777 0.001546 -0.000330 
0.005494 0.000919 0.001974 -0.001360 -0.001877 0.000162 -0.001781 0.001356 
-0.007052 -0.002456 0.001814 0.001761 -0.001686 0.000175 -0.001219 -0.003321 
0.001275 -0.000401 0.000762 0.001538 0.001816 0.000100 0.000069 0.003959 
-0.001822 0.002386 -0.001118 -0.000526 0.001688 -0.000568 -0.000846 -0.000010 
-0.001103 -0.001779 -0.000536 0.004177 0.002765 -0.000648 -0.001251 0.000240 
-0.002146 0.000067 0.000385 -0.000179 0.001948 -0.000490 0.002377 -0.001075 
0.000850 -0.000808 -0.001299 -0.000363 0.000421 -0.001410 0.002227 -0.000473 
0.001145 -0.000746 0.002116 0.002485 0.000237 -0.001357 0.001416 0.004691 
0.001169 0.003521 -0.000398 0.002111 -0.002360 0.001949 -0.002212 -0.000262 
0.005937 0.002739 0.000114 0.000737 0.000064 0.004779 0.001781 -0.000737 
-0.004078 -0.001720 0.000373 -0.003108 0.002344 0.001872 0.000633 0.001001 
0.004880 0.000050 -0.000536 0.001386 0.001750 -0.000966 0.000922 -0.003097 
-0.004158 0.001578 -0.000873 -0.004472 0.001918 0.001319 -0.000552 -0.001465 
0.005337 0.002647 0.003091 -0.001445 -0.000102 0.003548 0.000234 -0.001894 
-0.006569 0.003391 0.001629 -0.003416 0.004364 -0.000028 -0.005896 0.000815 
0.004902 -0.002287 -0.000534 0.000405 0.001538 0.003052 0.003189 -0.003446 
-0.006109 -0.003557 0.000270 -0.006036 0.000008 -0.003253 -0.004842 0.002213 
0.010815 0.000932 -0.000577 -0.003990 -0.002115 -0.000259 0.000808 0.001335 
0.004960 0.016354 -0.000943 -0.001504 0.001406 0.012081 -0.003317 0.003915 
0.001243 0.007113 -0.000886 -0.002988 0.000876 0.003378 0.002890 -0.005714 
0.001919 -0.000973 -0.000901 0.000465 0.002419 -0.003311 -0.002400 0.000222 
-0.011772 0.000044 0.001493 0.000330 -0.000951 -0.000375 0.001370 0.000377 
0.000974 -0.001954 -0.001141 -0.000788 0.001133 0.000053 0.000299 0.001996 
-0.006563 0.000565 -0.001699 -0.001168 0.000625 0.000930 0.001422 -0.001099 
0.001875 0.002358 0.001395 -0.003350 0.002603 -0.001122 -0.001531 0.001118 
-0.001162 0.000430 -0.000873 0.000491 -0.000286 -0.003845 0.001024 0.001189 
0.001591 -0.003424 0.000399 0.000739 0.001023 0.001030 0.002134 0.000403 
0.001974 -0.002216 -0.000656 0.001007 -0.000508 0.000308 0.000023 0.002470 
-0.005497 -0.000197 0.002481 -0.003371 0.000988 -0.000018 -0.000380 -0.002616 
0.003109 -0.000893 -0.000042 -0.003359 0.002317 0.000432 -0.000518 -0.000232 
-0.002341 -0.002240 0.000076 -0.001141 0.003177 -0.000606 -0.004636 -0.002893 
0.008897 -0.003289 0.001826 -0.001026 -0.002288 0.001036 -0.001201 -0.000883 
-0.003701 -0.000215 -0.000628 -0.002516 0.001388 0.002633 -0.000092 -0.003329 
0.010367 0.001335 0.002931 0.001233 -0.002255 0.002682 0.000613 0.000202 
-0.004799 -0.000757 -0.000679 0.002473 0.003800 0.001427 -0.000131 0.000503 
0.010939 0.001264 -0.000547 -0.001723 0.000319 0.000388 -0.001581 -0.003068 
-0.005393 0.006420 -0.003858 0.005405 0.006017 0.001546 0.002364 -0.001139 
0.006527 -0.001212 0.001821 -0.001623 -0.003730 0.003587 0.000904 0.001090 
-0.003666 -0.004498 0.002447 -0.005597 0.002614 0.004787 0.007221 0.002676 
0.024102 0.002065 -0.005140 -0.001364 -0.006938 0.006053 -0.002837 -0.000527 
0.001037 -0.005346 0.003362 0.002403 0.000086 0.003447 0.002483 -0.000960 
-0.021433 0.000632 0.000142 0.001448 -0.002645 0.001706 0.002691 0.001096 
0.003127 -0.003355 -0.000119 -0.002435 -0.001320 -0.001981 -0.001418 0.001910 
-0.011245 -0.002299 0.000443 -0.000737 0.000597 0.000989 0.003277 -0.001331 
-0.000624 -0.000003 -0.000639 -0.000222 0.002767 -0.000024 -0.002414 0.001719 
-0.008035 -0.001618 -0.000238 0.001397 0.001076 0.000922 0.001440 -0.001064 
-0.000051 -0.000089 -0.001824 -0.001317 -0.000276 -0.000646 0.001798 0.002860 
-0.003101 -0.003249 -0.001774 -0.003163 0.000694 0.000948 0.002222 -0.001118 
0.002901 0.001491 0.000154 -0.003529 -0.001705 -0.000807 -0.001021 0.003235 
0.007679 -0.000977 -0.002783 -0.000939 -0.002248 0.000078 -0.001174 -0.000390 
0.000347 0.005602 0.000382 -0.000854 0.001574 -0.001863 0.005166 0.001451 
0.015230 -0.002572 -0.000437 -0.001255 0.000271 0.007175 0.002484 0.001799 
0.000251 0.007102 -0.001480 -0.003914 -0.001259 0.002170 -0.000076 0.000384 
0.015719 -0.001576 -0.003084 -0.000915 -0.000772 0.006479 0.002478 -0.005069 
0.002573 0.009436 0.001356 -0.000689 -0.000277 0.001148 -0.000447 0.000483 
0.021552 -0.005795 -0.002471 0.002027 -0.002315 0.002355 0.000939 -0.003617 
-0.000104 0.011695 -0.000804 -0.005716 -0.000543 0.003832 0.001337 -0.001136 
0.025038 -0.005001 -0.001949 -0.001421 -0.000754 0.009692 -0.001048 -0.002817 
0.016770 -0.001712 -0.005077 -0.008576 -0.000724 0.002981 0.006081 -0.000708 
0.038263 0.001385 -0.003752 -0.002048 -0.001968 0.005145 0.003076 -0.000568 
-0.005277 -0.010180 0.003099 -0.003122 -0.001338 0.005270 0.000692 0.000833 
-0.034028 -0.000629 0.001757 -0.002037 0.000554 -0.001359 0.000480 0.001447 
-0.002814 -0.003055 0.000732 0.000466 -0.001719 -0.000601 -0.000498 0.001824 
-0.021169 0.000321 -0.000278 -0.001182 -0.000641 0.000781 -0.002823 0.000944 
-0.002112 -0.000688 0.000733 -0.000885 -0.000413 0.001072 -0.001041 0.004003 
-0.007392 -0.001010 -0.000051 -0.000402 0.003292 0.001529 -0.001981 0.000041 
0.001770 -0.001956 0.001771 -0.003776 -0.005713 0.003400 -0.000669 -0.000012 
0.002224 -0.002748 0.002382 -0.004902 0.000699 0.002044 -0.000074 0.000971 
0.004595 0.002418 0.003080 -0.002377 -0.002519 0.005616 -0.002676 0.003177 
0.011903 -0.003331 0.001381 -0.008110 -0.002250 -0.002095 0.001121 0.001451 
0.007787 0.001053 0.004028 -0.001818 -0.003591 0.002578 -0.004888 0.001273 
0.024811 -0.003182 0.004392 -0.010506 0.002237 0.001295 0.001826 0.000342 
0.007260 0.009210 0.003239 -0.002866 -0.007784 0.002806 -0.005105 0.000713 
0.031329 -0.005433 0.004193 -0.010885 0.004444 0.001493 -0.001125 0.000652 
0.012201 0.005814 0.001073 -0.003408 -0.008783 0.003290 -0.003523 -0.000638 
0.045031 -0.008642 0.005020 -0.010334 0.002454 -0.001182 0.003691 -0.001635 
0.011828 0.018438 0.007412 -0.003898 -0.012061 0.009368 -0.001211 -0.000841 
0.044434 -0.013855 0.010109 -0.019715 -0.000845 0.002297 0.000832 -0.008417 
0.026699 0.037248 0.006866 0.002573 -0.009980 0.003324 -0.008028 -0.000529 
0.032607 -0.006429 0.010548 -0.029419 0.006899 0.002383 0.003310 -0.003714 
-0.004728 -0.009289 0.000564 0.001456 -0.005929 0.001040 0.003739 0.000376 
-0.053435 -0.002552 0.005288 -0.004098 0.001416 0.005463 -0.001070 -0.002430 
-0.003733 -0.008135 -0.002889 0.002931 -0.006006 0.002854 0.001250 0.002989 
-0.027870 -0.000528 0.008189 -0.002315 -0.000759 0.009534 -0.002694 -0.000877 
-0.001720 -0.005168 -0.000551 0.000271 -0.002570 0.004327 0.002241 -0.000153 
-0.011207 -0.000779 0.010255 -0.002429 0.003741 0.005740 -0.001903 0.000846 
0.001045 -0.003997 0.000456 0.003695 -0.006726 0.006247 0.001104 0.003202 
0.004793 -0.002099 0.007905 0.000712 0.005287 0.005937 -0.001718 0.001658 
0.000005 -0.000441 -0.001576 0.000866 -0.007929 0.009120 0.006404 0.002736 
0.025610 -0.004072 0.009914 -0.002503 0.006658 0.009458 -0.000850 0.000067 
0.004170 -0.001782 -0.004263 0.002236 -0.007606 0.009744 0.000068 0.006987 
0.039163 -0.000481 0.013865 -0.002548 0.011048 0.011656 0.003007 -0.001088 
0.003690 -0.000090 -0.000603 -0.003151 -0.011973 0.012084 0.002722 0.005259 
0.053004 -0.005237 0.019005 -0.009753 0.012986 0.014114 0.004831 -0.000185 
0.006063 -0.001530 0.000472 -0.004614 -0.015851 0.013880 -0.002286 0.008670 
0.070328 -0.000348 0.019518 -0.015128 0.016809 0.020089 0.008256 -0.001974 
0.006234 0.000504 -0.002375 -0.005289 -0.019745 0.018888 0.003645 0.011678 
0.077253 -0.002749 0.026880 -0.015241 0.018986 0.016984 0.007092 0.003517 
0.008392 -0.004570 -0.001926 -0.007731 -0.017131 0.028441 0.000698 0.001896 
0.078999 -0.007281 0.035754 -0.017326 0.022665 0.014009 0.013806 -0.003763 
0.000600 0.005292 0.010901 0.001066 0.000425 0.008883 0.011365 0.004742 
-0.031932 -0.036568 0.013899 -0.006491 0.019644 0.016550 -0.005423 -0.005728 
0.006130 -0.000041 0.014622 -0.001780 0.002517 0.002136 0.019087 0.010469 
-0.005749 -0.039465 0.021563 -0.006308 0.022769 0.018198 0.000603 -0.008125 
0.005242 0.003044 0.017664 -0.006987 0.002404 0.004037 0.016732 0.012088 
0.012347 -0.033224 0.023308 -0.006453 0.026552 0.021426 -0.000727 0.001258 
0.016026 0.000132 0.019381 -0.010536 0.003174 0.003506 0.016819 0.008127 
0.030363 -0.035679 0.029360 -0.002883 0.033597 0.024212 -0.001835 -0.005380 
0.010781 0.005570 0.018125 -0.009756 0.005589 -0.000402 0.016724 0.013818 
0.049449 -0.038329 0.031202 -0.004710 0.031597 0.026671 -0.001742 -0.001048 
0.014964 0.000805 0.020019 -0.021892 0.002232 0.000453 0.012736 0.017094 
0.068326 -0.037482 0.036209 -0.005760 0.036914 0.026148 0.003314 0.000084 
0.017375 -0.010770 0.024513 -0.023560 0.002545 0.000651 0.020569 0.018243 
0.084324 -0.041932 0.044877 -0.004497 0.036785 0.035445 0.002697 -0.000408 
0.017518 -0.007382 0.019093 -0.029562 0.013004 -0.006206 0.016163 0.023282 
0.096179 -0.048679 0.051507 -0.003902 0.037599 0.039755 -0.001680 -0.003256 
0.015415 0.003096 0.022259 -0.034205 0.009094 0.003205 0.025955 0.012203 
0.103447 -0.045766 0.058869 -0.005538 0.037239 0.029084 0.000349 -0.002949 
0.039913 0.006273 0.012072 -0.015134 -0.001278 0.000842 0.028456 0.021943 
0.081383 -0.058070 0.060071 -0.004015 0.053889 0.032315 -0.007099 -0.009811 
-0.041836 0.093609 -0.067676 0.112037 0.065971 -0.033168 -0.078649 0.013017 
-0.046982 0.046237 -0.137013 -0.057816 0.040792 0.078416 -0.029949 -0.079824 
-0.038648 0.089179 -0.066527 0.109704 0.064040 -0.035658 -0.079101 0.013196 
-0.042507 0.042707 -0.137635 -0.057618 0.047513 0.076672 -0.033057 -0.075969 
-0.022136 0.089311 -0.063346 0.108335 0.070684 -0.031097 -0.078824 0.008984 
-0.049317 0.043366 -0.137991 -0.059332 0.039181 0.074980 -0.026189 -0.076098 
0.000977 0.093822 -0.061204 0.104707 0.073184 -0.027530 -0.076713 0.001357 
-0.055287 0.038579 -0.138566 -0.063624 0.034840 0.077382 -0.018483 -0.071474 
0.017464 0.093805 -0.057202 0.099298 0.072123 -0.020559 -0.075523 -0.003495 
-0.061018 0.038420 -0.138503 -0.064878 0.028805 0.077710 -0.015599 -0.068925 
0.032317 0.101343 -0.051846 0.100906 0.076284 -0.014534 -0.072239 -0.007564 
-0.066136 0.037211 -0.136819 -0.072055 0.025686 0.074886 -0.008704 -0.068411 
0.044325 0.103288 -0.052214 0.098236 0.077733 -0.013271 -0.071250 -0.007555 
-0.070654 0.035387 -0.141038 -0.072835 0.018928 0.075716 -0.010922 -0.065559 
0.041126 0.104161 -0.055452 0.098873 0.080666 -0.011394 -0.076960 -0.011538 
-0.065425 0.041892 -0.138750 -0.071028 0.022642 0.079054 -0.010364 -0.069616 
0.044670 0.098003 -0.053631 0.098843 0.081130 -0.017499 -0.079746 -0.011850 
-0.056651 0.036925 -0.133386 -0.073469 0.029976 0.084641 -0.011916 -0.077075 
0.015474 0.087603 -0.058314 0.103559 0.080247 -0.026864 -0.086540 0.004039 
-0.061182 0.039663 -0.138528 -0.070984 0.035637 0.087396 -0.020740 -0.087236 
-0.014980 0.000188 0.002719 0.000094 0.001399 -0.000753 0.000141 -0.000695 
-0.008605 0.002402 -0.001276 0.004031 0.001595 -0.000795 -0.000088 0.000993 
-0.013626 -0.000747 0.001628 -0.001112 -0.000122 0.001504 0.002759 -0.002623 
-0.006945 0.004921 -0.000196 0.000974 0.003824 -0.001537 -0.001642 0.000688 
-0.008376 0.001068 -0.002289 -0.000190 0.000894 -0.001152 0.005088 -0.000513 
-0.001973 0.002471 -0.003257 -0.000026 0.002392 -0.000401 -0.003337 0.002182 
-0.002252 0.002244 0.001923 -0.002978 -0.002130 0.003008 0.004003 0.001803 
-0.000840 0.007245 -0.003261 0.000430 0.003445 0.002073 -0.000392 0.003591 
0.005192 0.001836 0.002189 -0.000659 0.002168 0.000883 0.006050 -0.000712 
0.002581 0.003824 -0.001778 -0.003716 0.000999 0.002536 0.001363 0.001800 
0.009586 0.002534 0.003485 -0.003487 0.001660 0.000078 0.007230 0.003023 
0.003630 0.005930 -0.000791 0.002572 -0.001025 0.000190 -0.002109 0.003880 
0.005032 0.000934 0.001378 -0.003223 0.002681 0.008041 0.008713 0.001846 
0.003477 0.006816 -0.001868 0.002193 0.001649 0.003215 -0.004138 0.005210 
0.007243 0.003313 0.004225 -0.001719 0.003937 0.007722 0.010889 -0.001018 
0.003375 0.002842 0.001255 0.003220 0.007203 0.003730 0.000675 0.007561 
0.010999 0.000987 0.003764 -0.009431 0.007248 0.012776 0.017750 0.007033 
0.001537 0.002730 -0.000089 0.001537 0.006712 0.001427 -0.005213 0.006248 
0.060239 0.020958 0.006515 -0.009431 0.009510 0.010809 0.021620 0.011173 
-0.016742 0.002275 -0.004059 -0.001979 0.009838 -0.001696 -0.009798 -0.005104 
-0.044773 0.093315 -0.063702 0.103256 0.054192 -0.027770 -0.060399 0.009537 
-0.047209 0.044590 -0.130584 -0.049285 0.037221 0.060019 -0.026667 -0.052139 
-0.039804 0.085988 -0.062602 0.103170 0.054094 -0.032683 -0.059956 0.011590 
-0.040616 0.040132 -0.131038 -0.050486 0.042607 0.062340 -0.026673 -0.052404 
-0.022638 0.083230 -0.058108 0.101454 0.059280 -0.028404 -0.057746 0.009174 
-0.045219 0.041311 -0.130783 -0.053200 0.034484 0.061480 -0.022374 -0.053304 
0.000919 0.085730 -0.057313 0.098707 0.064890 -0.026529 -0.061796 0.004716 
-0.050258 0.035587 -0.130466 -0.058836 0.035114 0.061747 -0.018948 -0.056063 
0.019551 0.082592 -0.052701 0.093864 0.063429 -0.022949 -0.061131 -0.003100 
-0.054500 0.035956 -0.130208 -0.058670 0.029938 0.067320 -0.014035 -0.055595 
0.035918 0.089709 -0.048874 0.096337 0.069396 -0.017216 -0.062318 -0.002193 
-0.059420 0.034549 -0.129011 -0.068454 0.027443 0.065998 -0.011134 -0.054986 
0.046468 0.090887 -0.048411 0.094229 0.072094 -0.015593 -0.065391 -0.003806 
-0.063434 0.034477 -0.134072 -0.069025 0.022778 0.070203 -0.014176 -0.058187 
0.044168 0.092154 -0.052815 0.095729 0.077037 -0.015849 -0.069468 -0.007230 
-0.057894 0.039509 -0.132222 -0.068014 0.024513 0.073669 -0.012739 -0.064607 
0.047373 0.083712 -0.051618 0.093976 0.080006 -0.021063 -0.075604 -0.007407 
-0.049333 0.035306 -0.126773 -0.071225 0.033068 0.080862 -0.014952 -0.072341 
0.027758 0.067247 -0.054254 0.097076 0.078847 -0.030253 -0.083451 0.005074 
-0.055974 0.035479 -0.132172 -0.070257 0.040564 0.083693 -0.022538 -0.084131 
0.001009 0.000869 -0.001674 0.000020 -0.001889 0.001430 -0.000780 0.000681 
-0.025425 -0.007862 -0.000707 0.001588 -0.002046 0.001852 0.001168 -0.001764 
-0.000278 -0.001272 -0.001397 0.001913 0.000421 -0.000368 -0.000730 0.004437 
-0.015129 -0.004002 0.000013 -0.004035 0.001166 0.000023 0.000254 0.001833 
0.003669 0.000921 0.001351 0.000834 -0.001159 -0.000455 -0.001115 0.002398 
-0.005874 -0.005495 -0.000963 0.000957 -0.001489 -0.001593 -0.000164 0.001627 
0.003068 -0.001350 0.001553 -0.000363 -0.003155 0.001619 -0.001843 0.002348 
0.001967 -0.006354 -0.004333 0.000290 0.001229 -0.001638 0.000544 0.001993 
0.002042 -0.005454 -0.001721 0.002154 -0.001055 0.001283 -0.000715 0.001231 
0.009228 -0.006929 0.001330 -0.001285 0.000466 -0.006584 -0.001875 -0.001646 
0.003608 -0.004568 -0.001888 -0.002125 0.003159 -0.000219 0.001772 -0.004061 
0.017578 -0.005939 -0.002386 -0.000959 0.000788 -0.010975 0.001484 -0.001628 
0.005305 -0.010042 0.001178 -0.000725 0.002733 -0.007712 0.003571 -0.000941 
0.023114 -0.003383 -0.004658 -0.005058 0.001431 -0.025860 0.002369 0.000408 
0.008124 -0.005820 -0.004385 0.004133 0.011884 -0.012054 0.006363 -0.005205 
0.024671 -0.005774 -0.008398 -0.003842 0.001163 -0.037343 -0.001697 0.004324 
0.011574 -0.000286 -0.002550 0.001239 0.013269 -0.019747 0.005139 -0.004616 
0.029326 -0.003143 -0.007030 -0.004483 -0.001996 -0.049170 -0.004000 0.007553 
0.018678 -0.007054 0.007428 0.005305 0.013046 -0.030394 0.004003 -0.004196 
0.024378 -0.007244 -0.007415 -0.003543 0.003491 -0.055770 -0.004370 0.006064 
0.013007 -0.000557 -0.000886 0.001075 0.001529 0.001607 -0.000191 -0.002051 
0.019352 -0.001120 0.001005 -0.001950 -0.000373 -0.001622 0.000744 0.001136 
0.013017 -0.000309 -0.000848 0.003056 0.001036 0.000231 0.001954 -0.005016 
0.010876 -0.000111 0.001033 -0.001641 0.001069 -0.002252 0.000761 0.002829 
0.005163 0.000769 0.000081 0.000809 0.000406 0.001580 0.000079 -0.001080 
0.003648 -0.003835 -0.002117 -0.001909 -0.000118 0.000554 -0.002419 0.002088 
0.000018 0.002307 0.000649 0.000603 0.000501 0.001238 -0.000632 -0.000324 
0.001125 0.002560 0.000198 0.000268 0.003803 0.000162 0.003719 0.001251 
-0.006680 0.003166 0.001265 -0.000302 -0.000043 -0.000342 0.002030 -0.001518 
-0.004132 -0.001169 -0.001033 -0.001482 0.002571 -0.001011 0.002743 -0.001089 
-0.008624 -0.000237 0.000191 0.000079 -0.000977 0.000888 0.000966 -0.000796 
-0.006524 -0.001900 -0.000117 0.001560 -0.000242 -0.002413 0.002799 0.000617 
-0.012511 -0.000065 0.001774 -0.000968 0.000446 0.000480 -0.000230 -0.001308 
-0.009447 -0.001161 -0.002168 -0.000795 0.001372 -0.002377 -0.000094 -0.004826 
-0.019383 -0.003064 0.000954 0.000421 0.002064 -0.001674 0.001405 0.000283 
-0.021295 0.001791 -0.001433 -0.002337 0.002225 -0.001843 -0.002307 0.001080 
-0.007949 -0.003314 0.000573 0.001200 0.002678 -0.001055 -0.001091 -0.000757 
-0.024650 0.002490 -0.003804 -0.001064 0.000806 -0.006658 -0.001261 0.001442 
-0.036765 0.025178 0.002148 -0.004816 0.002795 -0.007526 -0.003419 -0.001740 
-0.059248 0.006098 -0.005321 0.001181 -0.003869 -0.010242 0.009418 -0.005341 
-0.030692 0.000747 -0.000574 -0.000705 0.002004 -0.000420 -0.001091 0.001965 
0.030738 -0.001965 0.000275 0.000707 -0.000275 0.001494 -0.000113 -0.001490 
-0.009828 -0.001080 0.000679 -0.000942 -0.004612 -0.002892 0.000078 -0.001742 
0.016524 0.002433 0.000366 0.000665 -0.000801 0.002155 -0.000241 -0.001569 
-0.004111 -0.001499 -0.001140 0.001851 -0.000183 -0.003418 -0.000310 -0.001803 
0.004221 -0.000544 0.000132 -0.001412 0.000200 -0.002975 -0.000301 0.000252 
0.000529 -0.000644 -0.000190 0.002803 -0.003376 -0.000130 0.001405 0.000257 
0.000505 0.000637 -0.000933 0.002082 0.000925 -0.000845 -0.002508 0.000049 
0.007557 0.000705 0.000446 -0.002240 0.002823 0.001431 0.002038 0.002851 
-0.010232 0.002043 -0.000651 -0.002098 -0.001014 -0.000157 -0.002455 -0.000354 
0.013706 -0.004879 -0.001498 -0.002180 -0.001030 0.000289 0.001081 0.001312 
-0.017739 -0.000085 0.001665 -0.002486 0.002369 -0.001064 0.000228 0.000483 
0.016116 0.000138 -0.002842 0.000080 -0.002983 0.002857 -0.000007 0.001098 
-0.019865 -0.002105 0.000870 0.002270 0.002428 -0.001310 0.001594 0.000342 
0.023171 0.001389 0.000486 0.002312 0.000903 0.001413 0.001633 0.001465 
-0.024524 -0.002146 0.001009 -0.001093 -0.001193 -0.001921 -0.001605 -0.001734 
0.033497 -0.003081 -0.001943 -0.003531 -0.000094 -0.001854 -0.001007 -0.002145 
-0.039759 -0.005652 0.004997 0.003380 0.003176 -0.002107 -0.000544 -0.003996 
0.063942 -0.015839 -0.005655 0.002212 0.001757 -0.003642 -0.006665 -0.002350 
-0.067035 -0.005540 0.004141 0.003186 0.001679 -0.005233 0.000054 0.002079 
-0.001095 -0.001097 -0.001060 0.001625 -0.000654 0.000626 0.001587 0.001168 
-0.001899 -0.000757 0.000372 -0.001149 -0.002127 -0.000528 0.000437 0.001076 
0.003361 -0.002522 -0.000086 -0.000544 0.000724 0.000218 0.000090 -0.000819 
-0.000155 0.002375 0.001466 -0.001464 0.002429 0.000093 -0.000001 -0.000914 
-0.000033 0.001192 0.000833 -0.000738 0.000016 0.002941 0.000719 0.002932 
0.000792 -0.002597 0.001359 -0.000215 -0.000408 0.000575 -0.000353 -0.000353 
0.001390 -0.003975 -0.000252 0.001776 0.002406 -0.000504 0.002382 -0.001611 
-0.002289 -0.000366 -0.000811 0.001555 -0.001740 0.001112 -0.000445 0.002313 
-0.003061 0.001886 0.000851 -0.001975 0.000402 -0.000355 0.003002 -0.002161 
0.003611 0.001438 0.000196 -0.000757 0.000022 -0.001806 0.001266 -0.003519 
-0.000205 -0.001490 -0.000556 -0.001570 0.001410 -0.001695 0.000031 0.001010 
-0.000515 -0.001004 0.002141 0.003195 0.000933 0.002170 -0.001258 -0.000067 
-0.002306 -0.002900 0.000843 -0.000010 -0.000102 -0.000499 0.001350 0.001743 
0.003479 -0.002132 0.000014 0.000679 -0.003810 0.001295 0.002419 0.001182 
0.000639 0.000038 0.000870 0.000034 -0.000412 0.000464 0.001152 0.002163 
0.003540 -0.002059 -0.000049 -0.004680 -0.000674 -0.002654 -0.000423 -0.001840 
-0.004315 0.003247 0.000081 -0.001451 0.000602 0.000377 -0.000420 0.001012 
-0.002943 0.002470 -0.000210 0.001191 -0.002437 0.000048 0.000679 0.000533 
0.018421 -0.026486 0.003094 0.001964 0.004293 -0.006098 -0.001053 0.003405 
-0.022932 -0.004083 0.004488 -0.003527 0.001942 -0.003142 -0.001103 -0.001741 
0.002456 0.000169 0.002461 0.002370 0.000096 -0.001724 -0.002636 0.000692 
-0.004696 -0.002734 0.002718 0.002277 0.001401 0.002527 -0.000288 0.000481 
-0.001015 -0.000904 -0.003739 0.001000 0.002897 -0.000311 -0.001030 0.003003 
-0.003794 -0.002063 -0.002798 -0.002157 0.000236 0.000825 -0.000951 0.001530 
0.002365 -0.000561 -0.001879 0.001540 -0.000556 -0.000714 0.000445 -0.000596 
-0.001177 -0.004151 0.002437 0.000405 -0.001814 0.001772 0.000548 -0.000876 
-0.000358 0.000680 0.003434 0.003043 0.000552 0.000985 -0.000823 0.002836 
-0.001343 -0.000759 0.001967 0.002270 -0.002704 0.000829 0.000866 0.000604 
0.000851 -0.001096 -0.003059 0.001658 0.000396 -0.000418 0.000785 0.000021 
0.002590 -0.004939 -0.000470 -0.000319 0.003144 0.001332 0.000944 0.001670 
-0.002682 -0.004127 -0.000125 -0.000261 0.002735 -0.000855 0.000380 0.000287 
-0.001759 -0.005045 0.000492 -0.000753 0.000528 -0.000019 0.001537 -0.001286 
-0.000159 -0.001539 -0.000326 -0.000038 0.000960 0.000993 0.000586 0.000519 
-0.000309 -0.002780 -0.000791 0.000593 0.001445 -0.001544 0.000078 0.001173 
-0.002114 -0.003410 -0.000111 0.003150 0.002296 0.001469 0.000366 0.000984 
0.003284 -0.002704 0.005991 -0.002613 -0.001327 0.000465 -0.001812 0.003215 
-0.001124 0.004133 0.002260 -0.003191 0.001798 -0.002936 0.001859 0.002199 
0.003126 -0.005783 -0.001649 -0.002337 -0.002461 -0.002044 -0.002747 0.003246 
0.006147 -0.011229 0.004815 0.006891 -0.001846 -0.006460 0.001400 0.002651 
-0.025777 -0.010856 0.004806 -0.005215 -0.002940 -0.001813 -0.001372 -0.002188 
-0.012338 0.000077 -0.000791 -0.000864 -0.002313 0.000300 0.001884 -0.002635 
0.018355 -0.001485 0.001445 -0.003170 0.002303 0.000433 0.000635 -0.000523 
0.001429 0.001441 0.001395 0.002587 0.003992 -0.002476 -0.000365 -0.002220 
0.012190 -0.002282 0.001164 0.000591 -0.003711 0.001949 0.001317 -0.001799 
0.001638 0.001039 -0.001776 0.000508 -0.001769 0.004288 0.001554 0.000982 
0.001488 -0.004068 0.002338 -0.000458 0.001491 -0.003187 -0.000368 0.000118 
-0.000400 -0.001321 -0.001699 -0.000030 0.001572 -0.002854 0.001914 0.000989 
0.000702 0.001454 -0.001433 0.004811 -0.003104 -0.000124 0.000573 -0.002435 
-0.000018 -0.001609 0.000773 -0.003068 -0.000859 0.000976 -0.001760 0.000623 
-0.002145 -0.001850 0.001346 0.000344 0.001877 0.002260 -0.001873 -0.000812 
0.004506 -0.001165 -0.001063 -0.000842 0.001047 0.001640 0.003066 0.002456 
-0.010890 -0.001783 -0.000323 -0.001369 -0.000126 0.003470 0.000840 0.000247 
0.004303 -0.002421 0.001917 -0.000462 -0.002929 0.000631 -0.002243 -0.001636 
-0.011445 -0.004458 0.000900 -0.000070 0.001078 -0.002835 -0.000046 -0.000857 
0.006502 -0.004888 -0.000373 0.000893 0.000332 0.000990 0.000137 0.000035 
-0.016690 -0.002362 -0.000588 0.001881 -0.001108 0.000628 0.002394 -0.001320 
0.018221 -0.000975 -0.000523 0.001331 -0.000404 0.000022 0.000269 0.001903 
-0.025747 -0.003943 0.000724 -0.001082 0.000042 0.000491 0.002604 0.001848 
0.020182 0.021133 0.001411 0.002645 0.000353 0.000338 -0.001307 0.000702 
-0.084210 -0.002463 -0.002924 0.001206 0.003964 0.001208 -0.000463 -0.000934 
-0.014808 -0.003477 -0.000337 0.001442 0.001367 -0.001104 -0.001212 0.000085 
0.010011 0.001508 -0.000690 -0.004016 0.001524 0.001488 0.000343 -0.000229 
-0.002412 0.000429 -0.001992 0.000178 -0.001661 0.001231 -0.001649 0.002200 
0.007625 0.000039 0.001716 -0.001237 0.000644 -0.001475 -0.001785 0.000158 
-0.001429 -0.002175 -0.000922 0.000987 -0.000332 0.000396 -0.000666 0.002595 
0.001259 -0.000434 -0.002724 -0.001524 0.000867 0.000053 -0.000572 0.001896 
-0.001002 -0.003698 0.001855 0.000216 -0.002998 -0.000953 0.000627 0.002640 
-0.002420 0.000304 0.001650 -0.001055 -0.000324 -0.001090 -0.000122 -0.000206 
0.006233 -0.001701 0.002046 0.000211 -0.001838 -0.002570 0.001957 0.002377 
-0.001552 -0.000845 -0.000664 -0.001143 0.001321 -0.000219 0.000492 -0.005078 
0.007567 -0.002897 -0.000859 -0.002204 0.000939 0.001408 -0.000808 -0.002943 
-0.012406 -0.000564 0.001573 -0.003933 -0.000386 0.000362 -0.003664 0.001801 
0.002932 -0.000093 0.001301 -0.001272 0.000072 -0.000738 -0.001592 -0.001449 
-0.011208 0.002764 0.001548 -0.000040 0.001503 -0.001524 0.000923 -0.002879 
0.010109 -0.004154 -0.001997 -0.004643 -0.000772 -0.004319 0.002184 -0.003833 
-0.005267 -0.001351 0.006940 0.001547 -0.001867 -0.008824 0.000545 -0.003506 
0.017461 0.003734 0.000068 -0.000904 0.001350 0.000434 -0.001626 0.003319 
-0.019391 -0.003498 0.002873 0.003046 0.004892 -0.005746 0.002129 0.002795 
0.036232 0.001843 0.000126 -0.000957 -0.005656 -0.008511 -0.008541 -0.001287 
-0.042899 0.008887 0.013390 -0.010506 0.001360 -0.004087 0.001440 -0.001536 
-0.015899 -0.002420 0.003087 0.001723 -0.002734 -0.000681 -0.002144 0.000366 
0.012470 -0.000853 0.001213 -0.002387 -0.001426 -0.000283 0.001271 -0.003794 
-0.003206 -0.003531 -0.000495 0.001441 -0.000252 0.000405 0.001480 0.002066 
0.008427 0.000505 -0.000456 0.000711 0.001181 0.002886 -0.003353 -0.003036 
-0.004017 0.000999 -0.000687 0.000043 0.001067 -0.001521 0.003398 -0.001004 
0.001153 -0.000418 0.001455 -0.000764 -0.000803 -0.001603 -0.000979 -0.001978 
-0.000206 -0.000721 0.001164 0.001830 -0.000386 -0.001216 -0.000448 0.000641 
0.002548 -0.000901 0.001142 0.000496 -0.001378 -0.001873 -0.002605 -0.000525 
0.006118 0.000209 -0.003155 -0.001712 0.001810 0.000264 -0.000691 0.001842 
-0.003350 0.000742 0.000445 0.001066 0.000029 -0.002352 0.002374 0.002261 
0.007952 -0.000045 0.001688 -0.003478 -0.002527 0.001051 -0.000159 0.001249 
-0.009061 0.002183 0.001014 0.000027 -0.000366 -0.004491 -0.000303 0.000857 
0.008948 -0.000865 -0.000182 0.000376 0.004223 0.002509 0.001160 0.001576 
-0.011510 0.000720 0.002030 0.000841 -0.001302 -0.003697 -0.000773 -0.001332 
0.008083 0.001172 0.000402 0.000240 0.004713 -0.002378 0.002730 0.002465 
-0.008308 0.000534 0.003232 -0.000945 0.001136 -0.003755 0.003241 -0.000226 
0.012892 0.001306 0.005587 0.000030 0.001291 -0.003596 0.000856 0.003276 
-0.017740 -0.001144 0.005352 0.000843 0.002402 -0.004598 -0.000053 0.001034 
0.056072 -0.015509 0.003464 0.005389 0.002553 -0.012280 -0.008993 -0.001820 
-0.010746 0.007755 0.004876 -0.001249 0.001643 0.001417 -0.002179 -0.001551 
-0.016363 0.001783 -0.001731 0.001988 0.000083 -0.000230 0.000001 0.001642 
0.011454 -0.000697 0.004538 -0.001962 -0.001107 -0.004308 0.000645 -0.001335 
-0.002999 0.001558 0.000886 -0.002909 -0.002265 -0.001371 0.002259 -0.003535 
0.005368 0.003228 0.000701 -0.000236 0.001352 0.000470 -0.001977 0.000471 
0.000449 -0.000162 0.000628 -0.000440 -0.001738 0.000452 0.001998 -0.000375 
0.001760 -0.000348 0.000916 -0.003198 -0.002785 0.001860 0.002301 -0.001101 
0.001466 -0.001710 0.000421 0.000342 -0.001032 -0.001101 0.000823 -0.001975 
-0.000613 -0.001670 0.003239 0.002185 -0.000743 -0.001442 0.003265 -0.002716 
0.001908 0.002886 0.000385 0.002340 0.002084 0.002702 -0.000186 -0.001399 
-0.004177 0.000532 -0.001168 -0.002932 -0.000236 -0.000321 -0.000252 -0.002071 
0.004002 0.001918 0.001669 -0.001468 0.002144 0.000180 0.001025 -0.000962 
-0.005415 -0.000519 0.002092 -0.002666 0.000327 0.001105 0.000177 -0.001525 
0.006395 -0.002785 0.001768 0.000719 0.002032 -0.000224 -0.003417 -0.000897 
-0.007903 0.000593 0.000666 -0.001168 0.000019 -0.002677 -0.000240 -0.000787 
0.010472 0.000779 0.001156 0.002107 -0.000360 -0.002265 -0.004645 -0.001324 
-0.005665 -0.002147 -0.000799 -0.002869 -0.000087 -0.006517 -0.004481 0.000466 
0.012783 -0.007852 0.003125 -0.002917 0.000704 -0.004665 -0.006905 0.000657 
-0.007812 0.001219 0.002207 -0.003233 -0.001239 -0.003948 0.002034 0.000564 
0.046854 0.006879 -0.001977 0.006693 0.000122 -0.000082 -0.005766 -0.001670 
-0.043021 -0.000067 0.001124 0.001930 0.001012 -0.005327 -0.006640 -0.000160 
-0.014631 -0.002383 0.001036 -0.000966 -0.001987 -0.002025 -0.000236 0.000606 
0.014107 0.002369 0.000260 0.001158 0.001576 -0.001706 -0.002787 0.000610 
-0.004072 -0.001273 -0.002534 -0.000563 -0.002427 0.002296 0.000446 -0.003025 
0.008312 -0.000403 -0.001122 0.001050 -0.002052 -0.000857 -0.003757 0.000987 
-0.002109 0.000633 0.001418 -0.001946 0.000271 -0.001376 -0.000922 0.000182 
0.004750 -0.000642 0.001219 -0.003362 -0.000047 -0.000258 0.000594 -0.003423 
0.000734 -0.000747 0.000451 -0.001898 0.001421 0.002701 0.000829 0.000267 
-0.000740 0.001834 -0.000500 -0.001471 0.002808 -0.001107 -0.000017 0.001043 
-0.001455 0.000495 -0.001106 0.000265 0.002677 -0.000408 -0.005001 0.001832 
-0.007361 0.001234 0.002089 0.000044 0.000329 -0.002490 0.000320 0.001259 
0.007530 -0.000901 -0.002722 0.002312 0.002034 0.001605 -0.001625 -0.001469 
-0.006772 0.000509 0.000665 0.000770 -0.000655 -0.002870 0.001122 0.002306 
0.008113 0.000544 0.001201 0.004006 0.004157 -0.000016 0.000628 -0.000227 
-0.006660 -0.002891 0.001567 -0.000635 0.003418 -0.003300 -0.002168 -0.001597 
0.011145 -0.000862 -0.000433 -0.001363 0.003458 0.001414 -0.000032 -0.001829 
-0.014150 -0.002388 0.004263 0.000988 0.001051 -0.007637 -0.001832 0.000040 
0.012176 -0.004147 -0.000129 -0.001186 0.005286 -0.001676 -0.005558 -0.002022 
-0.010862 0.001556 0.000146 0.000741 0.001294 -0.009529 0.000483 -0.000491 
0.023993 -0.014530 0.003403 0.002371 -0.001168 -0.003534 -0.000795 -0.000727 
-0.013478 0.004198 0.001609 0.003441 0.000715 -0.008498 0.000843 0.002635 
-0.012370 0.001528 0.000526 0.004261 -0.001343 0.003284 -0.001699 -0.000124 
0.015874 -0.003708 0.000609 0.001221 0.002482 0.000365 0.000893 0.002229 
-0.004602 0.003863 -0.002218 -0.000582 0.002054 -0.001577 0.000136 0.002525 
0.008424 0.000822 -0.000849 -0.003148 -0.001353 0.002490 0.000696 -0.001292 
-0.002748 -0.003118 -0.001823 -0.001003 -0.000285 -0.001508 -0.000654 -0.000729 
0.003597 0.000068 -0.001434 0.000900 0.003750 -0.001337 0.001918 0.000352 
0.001156 0.000227 -0.001341 -0.001677 -0.001802 0.000287 0.001551 -0.000096 
0.000717 0.003017 0.002202 0.001668 0.003299 -0.003390 -0.002203 0.000953 
0.004549 -0.001188 0.002496 0.000432 0.001801 0.003924 0.001096 -0.000856 
-0.006664 -0.001462 0.000269 0.002763 -0.000489 -0.001588 0.001720 0.003193 
0.006297 -0.002155 -0.000769 0.001615 0.003405 -0.000129 -0.003424 0.001589 
-0.014367 -0.000485 0.000157 0.002347 0.000772 -0.001865 0.000954 -0.000749 
0.009926 -0.004692 -0.003349 0.001906 0.006319 -0.001184 -0.002532 -0.000476 
-0.008441 0.000111 0.002047 -0.002009 -0.002605 -0.007379 -0.003623 0.002832 
0.012135 -0.000673 -0.000301 0.002069 0.006788 -0.000629 -0.004305 -0.000690 
-0.011904 -0.006164 0.002647 0.001484 0.000204 -0.009930 0.000302 -0.000287 
0.014979 0.004185 0.002018 -0.000939 -0.002474 -0.002215 -0.007400 0.000137 
-0.013566 -0.001695 0.001237 -0.002123 0.004897 -0.009402 -0.000521 0.001673 
0.043931 -0.028833 0.001184 0.000590 0.001270 -0.001415 -0.009075 -0.000009 
-0.003263 0.002604 0.006627 0.000169 -0.003656 -0.007957 0.004819 0.000355 
-0.003609 -0.001539 -0.000000 0.000192 -0.001461 0.001826 0.000132 0.002396 
-0.001560 0.000136 0.000462 -0.000804 0.000839 -0.001634 0.000213 0.001324 
0.000828 0.002673 -0.000090 -0.001199 -0.000282 0.002365 0.002224 0.002627 
-0.001761 -0.000272 -0.000974 0.000317 0.000846 -0.001327 -0.000283 -0.000174 
0.000457 0.003171 -0.001183 0.001562 -0.002951 -0.001152 0.002439 0.002896 
0.003261 0.000835 -0.001478 0.001650 0.003166 0.002588 -0.001777 0.000057 
-0.002861 -0.002231 0.000272 -0.001837 0.000338 0.001461 -0.001906 -0.000926 
-0.003099 0.000741 -0.001019 -0.000338 -0.003317 0.000201 0.001366 -0.001282 
-0.002732 0.001564 -0.001539 -0.001149 -0.000059 0.001885 -0.001194 0.002050 
0.001389 0.000061 -0.001432 -0.002069 -0.002196 -0.001872 0.000601 0.002244 
0.001081 0.001098 0.000473 -0.000179 -0.002079 -0.000024 -0.001318 -0.001479 
0.001468 -0.000412 -0.002890 -0.000829 0.000200 -0.000161 -0.000491 -0.002318 
-0.003874 -0.000909 -0.002641 0.003270 -0.000949 -0.002778 -0.001015 0.000623 
-0.001861 -0.002274 -0.002586 0.001638 -0.001794 -0.004279 0.002361 -0.001426 
-0.000600 0.002721 -0.000754 -0.002132 0.004610 -0.002883 -0.001606 -0.002732 
0.003079 -0.002174 -0.000107 0.002947 -0.003060 -0.007760 0.002148 0.001588 
-0.002583 0.011611 -0.001165 0.001369 -0.000303 -0.005498 0.003313 -0.003483 
-0.007515 0.000017 -0.000943 0.001965 -0.002221 -0.005936 0.004118 -0.000556 
0.028662 0.010562 -0.003641 0.002687 0.001393 -0.004981 -0.001856 -0.000090 
-0.021307 -0.001992 -0.002919 -0.001284 0.000689 -0.013150 0.001691 -0.001759 
0.000233 0.001796 0.000382 -0.003048 0.002067 0.002479 0.001254 -0.000167 
-0.000742 0.001361 0.000165 -0.000729 0.000868 -0.001130 0.000004 0.002327 
-0.000436 -0.000257 0.000861 -0.000158 0.002109 -0.004163 0.000616 -0.004057 
0.000675 0.000290 0.001338 0.000880 0.000976 0.000416 -0.002274 -0.000750 
-0.001797 0.000437 0.000855 0.000064 0.002204 -0.000204 0.003189 0.002783 
-0.001094 -0.002958 0.001817 -0.000306 0.000400 -0.003599 0.002371 0.000666 
-0.000023 -0.000690 0.002140 0.002205 0.001900 0.000112 0.000759 -0.000068 
0.001303 -0.002676 -0.000048 -0.001410 -0.000239 -0.001111 -0.000489 -0.001084 
0.000729 0.001056 0.002794 -0.000488 0.001472 -0.002598 -0.001265 -0.001573 
0.001801 0.000047 -0.003454 0.000453 0.002846 0.001492 0.001083 0.001961 
-0.001061 0.000063 0.002512 0.001584 0.004413 -0.001397 0.000334 -0.001630 
-0.003031 -0.001580 0.001668 -0.000599 -0.001201 0.001831 0.000023 0.002280 
-0.006266 0.000722 -0.002617 -0.001190 -0.000667 0.000261 -0.000418 0.001372 
0.001495 -0.002175 0.002275 -0.001942 -0.000099 -0.003262 -0.000678 -0.001705 
-0.002969 -0.000917 -0.001263 0.000563 0.000217 0.001367 0.000039 -0.003315 
-0.002128 -0.003039 0.001964 -0.000236 0.009971 -0.002553 0.003598 -0.003853 
0.004088 -0.007352 0.004171 0.003090 -0.001304 -0.000699 0.002485 -0.004299 
0.008469 0.000455 0.001252 0.000503 0.002485 -0.002128 -0.001913 -0.001665 
0.000369 0.003941 0.005876 -0.008353 0.002877 -0.001816 -0.001887 -0.001071 
0.011242 -0.000443 0.004634 -0.000292 -0.002013 -0.003042 -0.001671 -0.002383 
-0.002402 0.003956 0.003991 0.001659 -0.004335 0.000846 -0.000508 0.000488 
-0.000297 -0.000328 0.002908 -0.000209 -0.000071 -0.002830 0.001135 0.000673 
0.001586 -0.003004 -0.000845 -0.000940 0.000301 0.000343 0.000455 -0.001243 
0.000913 0.000359 -0.001737 0.001981 -0.000536 -0.000411 0.000032 0.000052 
-0.002543 -0.001699 -0.000067 0.000588 -0.000696 -0.002716 0.000635 0.000134 
-0.002744 -0.000705 0.003719 0.001945 0.000568 0.001582 0.000466 -0.001059 
0.000974 0.002735 -0.001178 -0.001012 0.000372 0.002234 0.001800 0.001131 
0.001236 -0.000726 -0.001972 0.000547 0.000447 0.000083 0.000238 -0.002001 
-0.001243 0.004061 -0.001697 0.002688 -0.001405 0.002815 -0.000883 -0.001198 
-0.000019 0.001515 -0.000084 0.003309 -0.001840 -0.000101 0.001448 0.001625 
-0.002470 0.000504 -0.000535 -0.003713 0.004347 -0.001400 -0.003120 -0.000212 
-0.000265 0.004041 0.007370 -0.000763 -0.002345 -0.002053 0.000312 -0.002542 
0.001894 -0.001253 -0.000762 -0.000554 0.001250 0.002934 -0.000249 -0.001914 
0.000996 -0.003413 0.002951 -0.000204 0.001534 -0.003236 0.002923 0.001660 
0.004629 -0.002804 0.001971 0.001315 -0.000267 -0.001887 0.002145 0.001244 
0.002017 0.000103 -0.002187 -0.002097 -0.001337 -0.003809 0.000623 0.005159 
0.002777 -0.000259 0.005120 -0.000785 -0.002886 0.000271 0.000866 0.001771 
0.000976 -0.001309 0.003942 -0.006078 0.000760 -0.000918 0.000951 0.001502 
0.021940 -0.003464 0.001599 0.002099 -0.000764 -0.009050 0.000137 0.000740 
0.005810 -0.005821 0.003552 -0.003304 0.001009 -0.004640 0.002158 -0.004034 
0.000355 -0.002194 0.001371 0.001446 -0.001083 -0.000168 -0.001521 -0.001483 
-0.002548 -0.001786 -0.002594 0.001032 0.002396 -0.001426 0.000046 -0.000989 
0.003379 0.004313 0.002520 0.001461 -0.000145 -0.002073 0.001637 -0.006077 
0.001356 -0.000121 -0.000364 -0.000878 0.000493 0.001251 0.000601 0.003122 
0.003371 0.000835 -0.000838 0.001089 -0.000105 -0.000572 -0.001121 0.002862 
-0.001289 0.001232 0.000421 0.000247 0.000569 0.000614 -0.001230 -0.000571 
-0.000217 -0.003868 -0.002021 0.000829 -0.000574 -0.002270 0.002259 -0.002125 
-0.000691 0.000460 0.002153 -0.001849 0.000272 -0.005242 -0.004139 0.001422 
-0.006391 0.001796 0.000732 0.001239 0.001475 -0.002413 -0.001331 0.000592 
0.000880 -0.000839 0.000944 -0.001098 -0.000967 -0.005173 0.003736 0.000145 
-0.003443 -0.000888 0.001403 0.003302 0.000194 -0.000559 -0.000956 0.002295 
-0.000036 -0.005246 0.002542 0.000740 0.000406 -0.005594 -0.001432 -0.001160 
0.001207 -0.004111 0.002239 0.000368 0.001126 -0.000555 0.002150 -0.001808 
0.000813 -0.002797 0.001942 -0.001180 -0.000004 -0.005537 -0.001468 -0.000865 
0.000656 0.001972 0.001573 0.001266 0.002162 -0.006555 -0.004686 -0.001135 
-0.001121 0.002113 0.004476 -0.000819 0.001859 -0.005067 0.000722 -0.000683 
0.000689 -0.003777 0.003117 0.000746 -0.002330 -0.003705 -0.000709 -0.000236 
-0.002112 0.000075 0.005663 0.000086 0.000725 -0.002954 0.003364 0.002534 
0.003572 0.008287 -0.002845 0.004378 0.001251 -0.002133 -0.001762 -0.001404 
-0.021435 -0.003578 0.008041 -0.001637 0.006591 -0.001266 -0.003817 -0.002223 
0.003872 0.001372 -0.000641 0.000949 -0.000520 0.000287 0.001135 -0.003599 
-0.002398 -0.000258 0.000180 -0.000169 0.000387 0.001886 -0.003344 -0.001038 
-0.002979 0.002799 0.000866 0.000551 0.001341 0.004238 -0.000556 -0.000343 
-0.004464 -0.001510 -0.000514 -0.003777 0.000279 0.000284 -0.000310 0.000207 
-0.001399 0.000030 -0.001631 0.000571 0.000516 0.002672 0.001256 0.000754 
0.002563 0.001619 0.002384 -0.001188 0.000738 -0.001814 0.000065 0.001756 
0.000796 -0.001521 -0.000656 -0.001338 -0.002459 -0.000296 -0.000923 0.002087 
-0.001585 0.000790 0.001835 0.002353 -0.002090 0.001112 -0.002569 -0.002127 
0.002849 0.001152 -0.000086 0.001205 -0.001958 -0.001691 -0.000927 0.000024 
0.001585 0.000483 -0.000580 -0.000115 -0.000668 0.000796 0.001094 0.002020 
0.000155 -0.002862 0.000072 -0.001031 -0.000980 -0.000140 -0.000846 -0.000395 
0.000823 -0.003279 -0.000953 -0.004943 -0.001224 -0.001697 0.003197 -0.000353 
0.002120 -0.004968 -0.000672 -0.002895 0.000730 -0.003755 -0.002058 0.001382 
0.005481 -0.001875 0.001458 -0.003216 0.002149 -0.004630 0.001227 0.002765 
0.001058 -0.004455 -0.000252 0.000463 0.001878 -0.002549 0.003367 -0.000904 
0.003297 -0.000562 0.000629 -0.003450 -0.000525 -0.007326 -0.002868 0.000495 
-0.008019 -0.003776 -0.003310 0.000997 -0.002261 -0.003610 0.001367 0.000908 
0.003328 -0.002808 -0.001212 0.002742 0.000303 -0.002199 0.001134 -0.005079 
0.007760 0.000010 0.010439 0.002473 0.002751 -0.005753 -0.003737 -0.001324 
-0.001857 -0.003510 0.001286 -0.006433 -0.002692 -0.004155 -0.005089 -0.000646 
-0.001560 0.001135 0.000410 0.000702 -0.000995 0.000749 -0.000866 0.002271 
0.000152 -0.002326 0.000964 -0.000360 -0.000985 0.001154 0.000766 0.001622 
-0.002438 -0.000880 0.000162 -0.000555 -0.002396 -0.000167 -0.001017 0.000984 
-0.001156 0.000877 -0.002961 0.000518 0.002785 -0.000789 -0.000524 0.002441 
0.001810 0.000936 0.000730 0.001263 -0.001431 -0.000841 -0.000101 0.001173 
0.002994 -0.002388 -0.000559 0.000985 0.000960 0.001652 0.000741 0.001194 
-0.000757 -0.001444 -0.000848 -0.000565 0.000768 -0.000061 0.000728 -0.000730 
-0.001871 0.000954 -0.000926 0.002687 -0.001965 -0.000760 -0.000426 -0.000763 
0.000893 -0.006503 -0.000909 -0.000904 0.000039 0.001019 -0.000967 0.002478 
-0.000746 -0.001207 -0.001551 0.001337 -0.001496 0.001736 -0.000266 -0.002716 
0.000092 -0.000960 -0.000957 -0.000220 0.001168 0.000996 -0.001198 -0.000476 
-0.003310 -0.001520 0.000993 -0.002055 0.002068 -0.003615 -0.001098 0.000346 
0.000925 -0.003463 0.003163 -0.003636 0.003501 -0.002513 -0.003434 0.002221 
-0.000718 -0.001405 0.003133 0.001284 0.000829 -0.007191 -0.001859 0.000652 
0.003759 -0.000833 0.002685 0.001231 0.002984 -0.002949 -0.002381 -0.003019 
0.001895 -0.002573 -0.000725 -0.002959 0.003411 -0.002766 0.000271 0.002827 
0.008036 0.010009 0.000451 -0.001402 0.001507 -0.002406 -0.002775 -0.002379 
-0.001060 -0.002108 0.002111 0.001465 -0.005611 -0.005046 0.000908 0.002440 
0.005253 -0.021814 0.001321 0.002870 0.001743 -0.009008 -0.004074 0.001413 
-0.024341 -0.003616 0.005097 -0.003940 -0.004087 0.000163 0.001559 0.000612 
-0.004116 0.002793 0.001625 0.002016 -0.000403 0.000921 -0.000010 0.000472 
0.001506 -0.000117 -0.000251 0.002055 -0.000297 -0.000873 -0.000697 -0.001388 
-0.003198 0.001322 0.001773 0.003149 -0.003770 0.004198 0.001694 -0.001361 
-0.000654 -0.000775 0.001091 0.002330 -0.000056 -0.000630 0.001904 -0.000814 
-0.000889 0.000171 -0.000362 0.002048 -0.002473 0.000407 -0.000141 -0.002487 
-0.003862 -0.000696 0.001543 -0.002077 -0.001833 -0.003085 -0.000116 -0.000132 
-0.002382 0.003235 0.000153 0.000788 0.000861 0.002355 0.000378 -0.000367 
0.000638 -0.001439 0.001470 -0.002531 -0.000576 -0.001953 -0.001507 -0.000293 
-0.000285 0.000133 -0.002372 0.001889 -0.001450 0.002512 -0.001492 0.000215 
0.000104 -0.003430 0.004470 -0.001803 0.002132 -0.005652 0.002830 -0.000617 
0.000569 0.000344 -0.000860 0.002087 0.001564 -0.001782 -0.002190 -0.002165 
-0.002671 -0.002542 0.001762 0.001577 -0.001612 -0.002175 0.001686 0.001883 
0.005997 -0.001693 -0.000996 0.002495 -0.000463 0.000521 0.001639 0.003033 
-0.004412 0.000115 0.002495 -0.003122 0.000585 -0.000927 -0.002483 0.000183 
0.007527 -0.002077 0.000339 0.000485 -0.003097 -0.002544 0.002925 0.001344 
-0.003566 -0.000283 0.000862 -0.002723 -0.000053 -0.000847 -0.000571 -0.003461 
0.005230 -0.000317 0.000135 -0.000666 -0.000094 -0.001307 0.001287 -0.000823 
-0.010884 -0.001653 0.007193 -0.002486 -0.001862 -0.002218 0.001510 0.001774 
0.010627 0.007899 0.002704 0.000713 -0.003187 -0.012095 0.001708 0.003906 
-0.004973 -0.000845 0.005591 0.000056 -0.000972 -0.004718 0.001359 -0.001723 
-0.008129 0.000042 -0.001093 0.000155 -0.000346 -0.001583 0.000871 -0.000586 
0.006095 -0.005750 0.000652 0.000031 -0.000922 -0.001635 -0.002661 0.000263 
-0.005057 -0.001504 -0.000354 0.000892 0.001383 0.003254 -0.003423 0.001836 
0.002877 -0.005049 0.000368 0.000866 0.001657 -0.002878 0.002459 0.000314 
-0.000015 0.000177 0.002469 0.002076 -0.000126 -0.003937 -0.000680 0.000953 
0.000880 -0.006639 0.001050 -0.000939 -0.000296 -0.000195 -0.000209 0.002278 
-0.002329 -0.001606 0.000561 -0.000417 0.002327 0.001910 -0.001471 -0.000635 
-0.001800 -0.011447 0.004022 -0.001474 -0.001104 0.000068 -0.002587 -0.000506 
0.001079 0.003359 0.005264 0.003706 0.004222 -0.004660 -0.002241 -0.000658 
0.000358 -0.015048 0.002234 -0.001215 0.003181 -0.004946 -0.001769 -0.004142 
0.000934 0.002447 0.000676 0.001113 -0.001433 -0.000506 -0.000604 -0.000198 
-0.003838 -0.013385 0.002215 -0.000487 0.002792 -0.003762 -0.003139 0.001498 
0.007333 -0.000664 0.002953 0.001266 -0.002978 -0.002352 0.001784 0.000992 
-0.005539 -0.013512 0.005491 -0.002366 -0.000873 -0.004592 -0.002174 0.001674 
0.007112 -0.002914 0.004765 0.000759 -0.000338 -0.004948 0.004173 0.000435 
-0.006639 -0.013450 -0.004130 -0.001812 0.001154 -0.003326 -0.002363 -0.002584 
0.013470 0.003307 0.008174 -0.002151 0.001253 -0.008691 0.000408 -0.003456 
-0.006775 -0.019989 -0.000241 -0.007301 0.001362 -0.004512 -0.002756 0.004454 
0.012930 -0.017032 0.000290 -0.001371 -0.005067 -0.006111 0.001811 0.006595 
0.007030 -0.029464 0.002859 -0.006419 0.000330 -0.006378 -0.001210 -0.005939 
0.001193 0.001706 0.002897 -0.000282 -0.002064 0.000891 0.002503 0.001768 
-0.002166 -0.006549 0.004146 0.001497 0.002615 -0.001368 -0.001233 0.001113 
-0.004901 0.001814 0.002473 0.000903 -0.000240 0.001177 -0.001197 0.002379 
0.003702 -0.012043 0.003625 -0.001060 0.001641 -0.002999 -0.000928 0.000186 
-0.002179 -0.003303 0.001474 -0.000695 -0.000732 -0.000553 0.001607 0.003300 
0.000356 -0.006940 0.003544 0.003472 0.001969 -0.002774 -0.002721 -0.001272 
-0.002937 -0.001259 0.006338 0.000543 -0.002607 -0.000590 -0.002242 0.002318 
0.000419 -0.005103 0.000323 0.001449 0.002921 -0.002956 -0.001926 -0.002418 
0.001268 -0.001053 0.006491 0.002234 0.002635 -0.001144 0.001437 0.003830 
-0.001307 -0.006513 0.004844 0.001698 0.005877 -0.001571 -0.002327 -0.003477 
0.000491 -0.001824 0.004789 0.004136 -0.002000 0.000606 0.004322 0.003762 
0.000690 -0.005761 0.005507 -0.001204 0.006556 -0.005261 -0.001729 0.000253 
-0.000500 -0.003415 0.006403 0.003487 -0.001463 -0.001275 0.001584 0.007999 
-0.000186 -0.013136 0.011251 0.000743 0.008552 -0.010668 -0.003617 0.002617 
0.000166 -0.008775 0.008147 0.008177 -0.004864 -0.000702 0.000766 0.007914 
-0.000638 -0.016541 0.017618 -0.002796 0.006035 -0.008676 -0.008586 0.001164 
0.004408 -0.002686 0.014237 0.010554 -0.002145 -0.000481 0.000445 0.005219 
0.001143 -0.016586 0.013751 0.004244 0.009135 -0.009546 -0.006786 -0.003023 
0.002563 0.009232 0.026062 0.004536 -0.002790 0.002311 0.001292 0.009552 
-0.023365 -0.019311 0.014407 -0.004614 0.011567 -0.008363 -0.001839 0.001021 
0.022698 0.005442 -0.001137 0.010900 0.003584 -0.009871 -0.003042 0.000638 
-0.018112 0.000331 0.016440 0.000717 -0.002120 0.009131 -0.007203 -0.000495 
0.007926 0.000154 -0.008186 0.010871 -0.001143 -0.022659 0.000850 -0.006712 
-0.020389 -0.002227 0.014638 0.002357 0.002647 0.014454 -0.008578 -0.000430 
0.007362 -0.007256 -0.007981 0.008792 0.002826 -0.024562 -0.000372 -0.001572 
-0.013363 -0.002022 0.020924 0.010197 0.003997 0.016970 -0.014370 -0.004664 
-0.003095 -0.016634 -0.005763 0.008423 0.006375 -0.029305 0.000800 0.001369 
-0.011770 0.000881 0.022668 0.004151 0.000138 0.015955 -0.011070 0.002203 
0.000453 -0.011826 -0.009919 0.010705 0.001242 -0.033274 -0.001174 0.000100 
-0.013049 -0.001829 0.028259 0.004977 0.004043 0.021814 -0.015494 -0.000408 
-0.005543 -0.024621 -0.010122 0.012635 -0.002466 -0.034049 -0.001089 0.001913 
-0.005533 -0.003931 0.022987 0.004410 0.009811 0.030647 -0.020150 -0.005420 
-0.019648 -0.024998 -0.005274 0.012000 -0.002232 -0.031117 0.003567 -0.000134 
-0.015149 -0.004213 0.035787 0.006019 0.006136 0.025028 -0.017053 -0.011056 
-0.018492 -0.031987 -0.013711 0.020421 -0.003928 -0.031459 -0.006694 0.003048 
-0.018291 -0.002383 0.038103 0.000775 0.004989 0.039140 -0.015737 -0.006611 
-0.007726 -0.031586 -0.006642 0.006763 -0.004552 -0.027354 -0.007868 -0.002512 
-0.007770 -0.001331 0.034992 0.003183 0.005215 0.047070 -0.021939 0.001386 
-0.020049 -0.033758 -0.013366 0.023806 -0.003367 -0.028561 0.003963 0.013209 
-0.020109 -0.000869 0.036442 -0.002088 0.005232 0.032699 -0.033489 0.005992 
