0.127999 1.056060
0.192041 1.213278
0.159724 1.274154
0.133894 1.280737
0.114130 1.254150
0.091843 1.181687
0.079579 1.082598
0.067822 1.000625
0.094452 0.988429
0.060180 1.126776
-0.400317 1.093431
-0.305258 1.213223
-0.168635 1.266450
-0.081745 1.275852
-0.024652 1.252761
0.023654 1.180702
0.044529 1.089569
0.062121 1.005239
0.026055 0.981737
-0.030131 1.076536
0.036998 0.972767
0.015571 0.951042
0.018217 0.971655
0.026224 0.977140
0.023910 0.975188
0.018097 0.969644
0.013642 0.958457
0.013091 0.956100
-0.017350 0.948344
-0.050372 0.956007
0.039914 0.992017
0.008027 0.953610
0.008130 0.975232
0.003213 0.981996
-0.003281 0.981580
-0.020978 0.978884
-0.027542 0.968121
-0.034577 0.967824
-0.043005 0.951855
-0.027431 0.986835
0.115760 1.076817
0.188505 1.212145
0.155389 1.271607
0.128135 1.278214
0.108687 1.251224
0.087397 1.180140
0.076010 1.080701
0.064560 0.999178
0.095667 0.992454
0.067167 1.123978
-0.420599 1.087790
-0.304990 1.211078
-0.168929 1.263204
-0.081837 1.272017
-0.024333 1.249697
0.026342 1.178029
0.047785 1.088092
0.066596 1.005563
0.032166 0.984767
-0.025322 1.060770
0.017559 0.701436
0.025311 0.698842
0.036502 0.698333
0.046119 0.696720
0.048496 0.694727
0.060267 0.696587
0.064859 0.695172
0.056269 0.694735
0.054346 0.683424
0.107012 0.677429
-0.060274 0.708017
-0.094547 0.708226
-0.135934 0.705262
-0.169469 0.706736
-0.203641 0.706399
-0.238209 0.709831
-0.269229 0.710071
-0.282949 0.704211
-0.300180 0.696426
-0.284256 0.718178
0.033724 0.698589
0.067574 0.694946
0.090396 0.691208
0.114307 0.686338
0.134070 0.679710
0.154104 0.678795
0.173676 0.674129
0.177358 0.671659
0.186743 0.666198
0.261280 0.757378
-0.013193 0.705908
-0.003518 0.705291
0.001154 0.700738
-0.000793 0.693597
0.000242 0.690170
0.000242 0.688597
0.001735 0.687981
0.006224 0.680451
0.008577 0.664927
0.033416 0.646613
0.016036 0.672189
0.039871 0.694236
0.051844 0.702928
0.067944 0.711005
0.077680 0.712190
0.090491 0.713163
0.100429 0.705171
0.120232 0.692418
0.108286 0.683091
0.089046 0.703632
-0.183771 0.731124
-0.044973 0.701589
-0.018897 0.703117
-0.001554 0.706131
0.010164 0.711307
0.022176 0.706957
0.032762 0.700856
0.031158 0.687666
0.040351 0.688901
0.092896 0.698750
0.010496 0.672783
0.029873 0.716255
0.042490 0.758198
0.049889 0.792795
0.054244 0.813664
0.057512 0.819874
0.069283 0.794385
0.073364 0.751119
0.049825 0.730492
0.186422 0.896645
-0.160240 0.726051
-0.023049 0.716346
0.001323 0.751867
0.020053 0.786678
0.032740 0.804449
0.044910 0.806705
0.054527 0.783640
0.041406 0.749866
0.033870 0.729015
0.100743 0.838368
0.018273 0.692411
0.034619 0.739702
0.041392 0.792471
0.041031 0.831886
0.042956 0.844036
0.048021 0.839219
0.039916 0.797762
0.032973 0.753974
0.059639 0.735342
0.234640 0.789703
-0.028762 0.719327
0.066714 0.732481
0.084495 0.779474
0.088097 0.815923
0.084185 0.832668
0.075447 0.822370
0.065330 0.783104
0.052788 0.744223
0.049246 0.724097
0.108675 0.716557
0.033579 0.635061
0.091101 0.692938
0.121215 0.741592
0.149168 0.769377
0.169041 0.772158
0.194418 0.757012
0.215576 0.708750
0.226604 0.662597
0.222165 0.640950
0.377323 0.749913
-0.240464 0.742534
-0.038041 0.702331
-0.018030 0.741600
-0.011608 0.767346
-0.012921 0.771660
-0.016148 0.754499
-0.019986 0.713034
-0.031919 0.669022
-0.033783 0.653307
0.066534 0.751734
0.014377 0.690294
0.017574 0.703049
0.018360 0.704398
0.027021 0.702677
0.024822 0.704671
0.031986 0.702110
0.034480 0.701035
0.045639 0.699335
0.025680 0.701487
-0.018221 0.695711
-0.092574 0.718173
-0.028322 0.709283
-0.021959 0.707191
-0.018981 0.701432
-0.018056 0.702913
-0.014879 0.701614
-0.015756 0.698644
-0.012426 0.700159
-0.013217 0.696628
-0.034240 0.671337
0.015535 0.685759
0.016522 0.703133
0.021842 0.705659
0.027902 0.706106
0.033022 0.706215
0.036897 0.705427
0.042249 0.704063
0.051512 0.703920
0.034216 0.715432
0.044254 0.651732
-0.118221 0.720761
-0.030720 0.706910
-0.017669 0.705457
-0.009819 0.704756
-0.008342 0.704206
-0.005361 0.701226
-0.000491 0.700671
0.004614 0.700298
0.004244 0.706328
0.053982 0.694141
0.010510 0.689679
0.017116 0.704179
0.024234 0.706712
0.032619 0.707673
0.037657 0.706610
0.047211 0.708963
0.053672 0.705141
0.053424 0.705965
0.068926 0.707295
0.062471 0.758197
-0.100114 0.718067
-0.015096 0.706129
-0.003285 0.705496
0.004057 0.704359
0.010814 0.705264
0.018118 0.704542
0.024589 0.700385
0.018904 0.691513
0.023099 0.703932
0.098287 0.720225
0.006053 0.689363
0.020946 0.705135
0.025260 0.708071
0.032169 0.708386
0.040456 0.711347
0.043393 0.708765
0.046709 0.709712
0.058470 0.706396
0.062891 0.697294
0.027293 0.670570
-0.098367 0.718965
-0.015458 0.706311
-0.000626 0.706027
0.011170 0.706881
0.019409 0.711135
0.027011 0.703554
0.033754 0.703423
0.033271 0.696755
0.036365 0.711908
0.060082 0.668266
0.009442 0.688723
0.018407 0.705718
0.024061 0.710177
0.028528 0.715676
0.035842 0.716851
0.040739 0.718148
0.047174 0.716157
0.057585 0.705839
0.050521 0.710038
0.055364 0.707006
-0.095517 0.718883
-0.012675 0.705697
0.001283 0.707403
0.011067 0.707170
0.019908 0.710032
0.025545 0.712331
0.033537 0.706122
0.026465 0.704426
0.041728 0.712544
0.022562 0.740856
0.007891 0.689632
0.016103 0.706939
0.022547 0.713117
0.028973 0.717157
0.029856 0.720394
0.031895 0.721497
0.043284 0.722468
0.041267 0.711174
0.046441 0.722001
0.063948 0.761067
-0.093685 0.718872
-0.009144 0.705840
0.000656 0.708360
0.014043 0.711772
0.020865 0.713395
0.025937 0.714542
0.037332 0.709274
0.031426 0.709962
0.031399 0.709491
0.057505 0.758278
0.001356 0.690153
0.010634 0.708366
0.016556 0.716140
0.018721 0.719956
0.023787 0.727441
0.019834 0.726244
0.030876 0.725990
0.032286 0.718780
0.021911 0.707481
0.100021 0.803760
-0.096372 0.718513
-0.011928 0.706710
0.000236 0.710133
0.008011 0.715560
0.012677 0.717821
0.023953 0.720571
0.026677 0.713793
0.018117 0.713509
0.032926 0.709508
0.059489 0.665857
0.005170 0.690340
0.014235 0.708647
0.015924 0.717815
0.017811 0.724931
0.018163 0.730209
0.025714 0.730901
0.025828 0.725596
0.030924 0.720039
0.016756 0.714947
0.109956 0.780013
-0.087047 0.718594
-0.012708 0.709473
-0.001709 0.713446
0.004542 0.718270
0.011567 0.724112
0.014993 0.725456
0.018324 0.720044
0.012660 0.710427
0.019361 0.706593
-0.096213 0.753474
0.009126 0.692034
0.013448 0.710714
0.016299 0.721357
0.016721 0.727686
0.020776 0.734282
0.025310 0.735171
0.023823 0.730172
0.025389 0.721435
-0.012172 0.709419
0.077073 0.739525
-0.072414 0.716860
-0.003122 0.709688
0.008876 0.715390
0.017090 0.721305
0.019513 0.726008
0.021946 0.726787
0.021646 0.719081
0.023301 0.711969
0.004111 0.710059
0.134486 0.746303
0.014690 0.691723
0.016201 0.711683
0.023687 0.720410
0.026843 0.731128
0.026670 0.736990
0.024815 0.736032
0.027957 0.728877
0.032851 0.716592
0.027670 0.720687
0.088855 0.713725
-0.081989 0.716017
-0.015587 0.710569
-0.005961 0.719581
-0.001947 0.726859
0.003808 0.730317
0.008311 0.727580
0.011437 0.725479
0.000937 0.718485
-0.008461 0.703311
0.067405 0.705890
0.007958 0.695310
0.016239 0.712606
0.012287 0.723214
0.016196 0.732002
0.017539 0.738915
0.020995 0.738850
0.020328 0.730109
0.018465 0.718685
0.028113 0.720610
0.214609 0.716145
-0.072665 0.715791
-0.009332 0.712619
-0.001146 0.720303
0.001896 0.729188
0.006047 0.733261
0.007112 0.732104
0.011516 0.723231
0.005762 0.715901
-0.001826 0.710746
-0.049458 0.705021
0.010995 0.699746
0.014370 0.718483
0.019671 0.730495
0.017298 0.737483
0.017696 0.741871
0.018980 0.740385
0.014671 0.730066
0.010004 0.723525
0.022385 0.733241
0.143575 0.662382
-0.042115 0.713244
0.011902 0.707836
0.020460 0.716315
0.022040 0.725863
0.019309 0.729190
0.019252 0.729842
0.019283 0.720910
0.008232 0.713280
-0.004500 0.710497
-0.001773 0.740962
0.026804 0.704119
0.031022 0.717306
0.033153 0.728204
0.032884 0.735857
0.031042 0.737005
0.032274 0.739269
0.030048 0.728918
0.023527 0.717592
0.033552 0.726543
0.044050 0.698341
0.007966 0.710188
0.051135 0.706963
0.056058 0.712189
0.053360 0.723213
0.050985 0.724804
0.047338 0.724521
0.038348 0.719056
0.033424 0.710005
0.045388 0.703948
0.147547 0.692488
0.008046 0.701953
0.010655 0.715526
0.013195 0.724758
0.009012 0.731252
0.008755 0.735013
0.012650 0.733988
0.003951 0.727672
0.005110 0.720263
0.031205 0.717268
0.066546 0.762009
0.058116 0.709240
0.083609 0.706808
0.081884 0.712673
0.079002 0.719842
0.068398 0.725526
0.056050 0.721558
0.042190 0.714225
0.039282 0.708085
0.040865 0.705089
0.087484 0.707287
0.037769 0.709382
0.039796 0.713070
0.038524 0.716858
0.035957 0.717000
0.038617 0.720578
0.042070 0.724172
0.034401 0.722307
0.023982 0.717758
0.029965 0.712836
-0.022359 0.770914
0.165998 0.685085
0.141695 0.690121
0.136435 0.692669
0.128832 0.694699
0.124813 0.693356
0.111096 0.691968
0.101418 0.690325
0.098073 0.689010
0.080325 0.681855
0.186173 0.664877
0.045454 0.938540
0.074602 0.938241
0.061303 0.937131
0.043800 0.932434
0.033904 0.925760
0.020885 0.921753
0.019116 0.910007
0.007078 0.900947
0.030531 0.913280
-0.045106 0.967342
-0.003811 0.935593
-0.010502 0.936655
-0.003858 0.936490
0.001839 0.933493
0.006391 0.929286
0.009782 0.919535
0.006290 0.905332
0.012110 0.905085
0.021251 0.896788
0.108947 0.875698
-0.002734 0.901394
-0.008431 0.955126
-0.007983 0.977632
-0.013457 0.981822
-0.016276 0.981782
-0.024685 0.977232
-0.029010 0.965640
-0.023744 0.960090
-0.004575 0.959632
-0.116620 0.990532
0.005896 0.892984
-0.005502 0.944447
-0.006018 0.966045
-0.002317 0.975269
-0.009517 0.972360
-0.014542 0.966942
-0.015506 0.962051
-0.008194 0.957904
-0.015648 0.957224
-0.077141 0.879877
0.046553 0.939668
0.073232 0.939820
0.059680 0.939854
0.041347 0.935279
0.030763 0.928634
0.016259 0.924156
0.014087 0.912313
0.002672 0.903109
0.030258 0.921781
-0.065830 0.959049
-0.001949 0.938304
-0.011006 0.938347
-0.004673 0.939039
0.001407 0.936369
0.004876 0.931603
0.006968 0.921676
0.003565 0.908510
0.010674 0.907772
0.017627 0.898780
0.101276 0.878361
-0.012144 0.705777
-0.020866 0.705280
-0.022702 0.703059
-0.023835 0.703733
-0.031892 0.699809
-0.032219 0.698341
-0.032239 0.697119
-0.037079 0.696277
-0.041541 0.690215
0.007613 0.701885
-0.017389 0.709582
-0.024309 0.707028
-0.032344 0.708666
-0.043647 0.705030
-0.046482 0.698858
-0.055874 0.699955
-0.062748 0.698406
-0.060545 0.699874
-0.057707 0.694779
-0.125768 0.706688
-0.009166 0.706038
-0.019865 0.708076
-0.026509 0.708232
-0.031323 0.709133
-0.039252 0.708671
-0.047266 0.703463
-0.050680 0.699001
-0.054220 0.700029
-0.074786 0.723363
-0.142212 0.657560
-0.017424 0.712261
-0.025498 0.714653
-0.036977 0.712109
-0.043956 0.711206
-0.055034 0.711571
-0.066612 0.706116
-0.075159 0.702047
-0.070915 0.703869
-0.059587 0.705556
-0.067722 0.713350
-0.095286 0.700502
-0.013009 0.709452
0.005447 0.709794
0.019544 0.708894
0.031362 0.708562
0.036046 0.706407
0.041768 0.702016
0.041753 0.701964
0.044759 0.719730
0.121844 0.664912
-0.012813 0.720674
-0.011753 0.709664
-0.019784 0.709083
-0.018192 0.712508
-0.022321 0.711088
-0.021360 0.702777
-0.018557 0.704178
-0.023595 0.703750
0.004983 0.697915
-0.092620 0.666083
-0.086506 0.697155
0.003991 0.703893
0.020542 0.704216
0.035271 0.708398
0.047516 0.709489
0.053330 0.710680
0.061444 0.708508
0.057841 0.709098
0.071195 0.708075
0.156262 0.717061
-0.007604 0.718584
-0.027266 0.703865
-0.038900 0.704534
-0.049032 0.706274
-0.050441 0.709310
-0.056389 0.707707
-0.058303 0.705679
-0.061160 0.705447
-0.064476 0.701947
-0.087949 0.705965
-0.032908 0.697925
0.023299 0.701317
0.041488 0.700264
0.043816 0.705547
0.051102 0.708528
0.054423 0.708548
0.053778 0.710750
0.046298 0.714952
0.060591 0.699967
0.146981 0.746981
-0.014143 0.714573
-0.034565 0.703774
-0.041003 0.703597
-0.050968 0.707807
-0.050187 0.707643
-0.051994 0.709627
-0.050860 0.710412
-0.045299 0.706867
-0.041913 0.700317
-0.059282 0.732929
-0.132533 0.710309
-0.011944 0.702324
0.007720 0.707443
0.018666 0.716793
0.025229 0.716755
0.025593 0.709844
0.028677 0.702638
0.020333 0.694334
0.018508 0.701492
0.107769 0.643742
-0.023877 0.720628
-0.053296 0.706395
-0.073700 0.707884
-0.087634 0.716950
-0.096340 0.718346
-0.108027 0.711987
-0.113237 0.707810
-0.111856 0.700347
-0.089677 0.692622
-0.183440 0.707662
-0.047340 0.696982
-0.013391 0.705371
-0.006865 0.705316
-0.001375 0.705964
-0.000714 0.706266
0.003018 0.701820
0.003932 0.700202
0.002297 0.698880
0.014213 0.694860
0.092358 0.678832
-0.014201 0.716863
-0.001723 0.711214
-0.002792 0.710187
0.003249 0.709400
0.001701 0.711165
0.001908 0.704950
0.006276 0.708446
0.002878 0.703206
0.000119 0.714802
-0.052880 0.663003
-0.061753 0.695682
-0.010824 0.704623
-0.002390 0.706855
0.001014 0.704837
0.005127 0.707090
0.006276 0.702877
0.007640 0.701020
0.009103 0.702382
0.006784 0.680709
0.031450 0.681173
-0.017928 0.716931
-0.005043 0.709472
-0.010482 0.707070
-0.009115 0.710187
-0.006799 0.707968
-0.005465 0.704019
-0.003685 0.701886
-0.003138 0.707741
0.016967 0.704923
0.000495 0.711932
-0.049431 0.696053
-0.002293 0.706196
0.003743 0.706456
0.014965 0.706629
0.019531 0.706588
0.023862 0.704729
0.027485 0.702958
0.027201 0.703888
0.045254 0.715138
0.088777 0.646521
-0.003869 0.718706
-0.008025 0.708013
-0.011919 0.706812
-0.014863 0.705724
-0.018616 0.705787
-0.014320 0.705164
-0.017885 0.703671
-0.022112 0.706723
-0.005026 0.704869
-0.180465 0.669849
-0.050722 0.698619
-0.002705 0.707268
0.006880 0.708671
0.012479 0.707178
0.020817 0.706584
0.023721 0.705652
0.025094 0.705390
0.029807 0.706572
0.001823 0.708884
0.040754 0.702685
-0.001919 0.716623
-0.006621 0.708165
-0.008912 0.707281
-0.010104 0.705931
-0.014009 0.705573
-0.013822 0.703492
-0.017321 0.703765
-0.018119 0.704475
-0.007703 0.721769
0.073602 0.702680
-0.050313 0.699048
-0.000796 0.707601
0.009185 0.709102
0.015801 0.709519
0.025558 0.705063
0.024590 0.707483
0.028761 0.707981
0.028052 0.706836
0.032991 0.712860
0.027309 0.697730
-0.000683 0.715067
-0.006802 0.707866
-0.010182 0.705510
-0.009867 0.706748
-0.013351 0.705103
-0.016117 0.704092
-0.009245 0.704587
-0.014732 0.705455
0.006559 0.689664
-0.044434 0.715186
-0.049089 0.698837
0.002717 0.705108
0.010505 0.706986
0.017272 0.708211
0.025162 0.709101
0.031709 0.706533
0.032810 0.706634
0.029552 0.703428
0.033533 0.691089
-0.007384 0.648162
-0.007013 0.715383
-0.012560 0.707058
-0.019524 0.706363
-0.022947 0.708528
-0.028010 0.706606
-0.030665 0.706169
-0.031331 0.704543
-0.026460 0.703852
-0.026231 0.700209
0.004596 0.698943
-0.048779 0.697327
0.001641 0.707254
0.011452 0.705493
0.012870 0.706489
0.022043 0.705555
0.023528 0.708118
0.030952 0.705051
0.031449 0.709905
0.031931 0.716734
0.066052 0.623721
-0.008078 0.715299
-0.013462 0.707011
-0.018138 0.705827
-0.021462 0.707493
-0.025635 0.707270
-0.026566 0.704909
-0.029402 0.706845
-0.034005 0.702354
-0.025292 0.702324
-0.042270 0.705803
-0.046919 0.698406
0.000585 0.706042
0.008873 0.705669
0.014942 0.706585
0.019645 0.708887
0.019538 0.708682
0.027626 0.707534
0.025251 0.708140
0.025369 0.703583
0.106285 0.723206
-0.005207 0.715511
-0.014168 0.708496
-0.015443 0.707699
-0.022384 0.707157
-0.022818 0.706079
-0.022429 0.705583
-0.029339 0.707264
-0.029462 0.701060
-0.036317 0.711741
-0.050604 0.679890
-0.040170 0.699521
0.003150 0.706006
0.011086 0.706002
0.016708 0.708039
0.019583 0.706311
0.021219 0.707246
0.025501 0.706464
0.026883 0.706381
0.022094 0.693044
0.061200 0.719694
-0.007589 0.713991
-0.015119 0.705774
-0.018514 0.707866
-0.022416 0.706577
-0.021332 0.707040
-0.024746 0.706383
-0.024326 0.705456
-0.026260 0.710728
-0.018838 0.696172
-0.031659 0.653044
-0.041368 0.698415
0.000145 0.704309
0.003552 0.706482
0.014058 0.707159
0.016742 0.708431
0.019916 0.708031
0.016380 0.708001
0.010018 0.713244
0.048555 0.707441
0.128146 0.711140
-0.002288 0.715276
-0.009032 0.707511
-0.013553 0.707378
-0.017730 0.704526
-0.012839 0.709177
-0.019510 0.706074
-0.012809 0.709039
-0.018634 0.713792
-0.035109 0.710876
-0.086185 0.711124
-0.035550 0.698695
0.000709 0.705183
0.009370 0.706110
0.010928 0.706537
0.014835 0.705512
0.016954 0.709603
0.017441 0.706860
0.014124 0.711754
0.035420 0.702851
0.032223 0.702572
-0.006277 0.714372
-0.013956 0.706097
-0.018539 0.706893
-0.018574 0.706807
-0.017334 0.707477
-0.022285 0.706848
-0.022301 0.707440
-0.022545 0.708099
-0.023010 0.709628
0.004284 0.662515
-0.017268 0.698724
0.019838 0.704994
0.027038 0.705271
0.024847 0.707173
0.029042 0.706056
0.027709 0.706041
0.026768 0.708669
0.022752 0.708159
0.007144 0.698168
0.091763 0.746156
-0.009420 0.714423
-0.014726 0.707645
-0.016402 0.707983
-0.021660 0.707749
-0.019953 0.707959
-0.019851 0.706954
-0.020237 0.708122
-0.014191 0.704669
-0.012987 0.721808
-0.002734 0.694719
-0.006294 0.701938
0.020744 0.706195
0.029783 0.705174
0.029376 0.707091
0.031130 0.707318
0.031552 0.708155
0.026315 0.710019
0.023889 0.710411
0.032026 0.715997
0.031179 0.754531
-0.015612 0.712478
-0.023192 0.705591
-0.024789 0.704825
-0.027441 0.707112
-0.026761 0.706632
-0.025714 0.707510
-0.024079 0.707579
-0.025756 0.703019
-0.014357 0.707252
-0.120176 0.729410
-0.012825 0.703832
0.010213 0.706273
0.016764 0.706724
0.019369 0.707481
0.019718 0.710412
0.024106 0.708305
0.026527 0.707105
0.024044 0.708432
0.025363 0.713407
0.065618 0.704022
-0.007311 0.710493
-0.017074 0.706953
-0.013360 0.706890
-0.021661 0.706662
-0.022857 0.704322
-0.020802 0.708480
-0.018402 0.707535
-0.011740 0.702102
-0.014036 0.706559
-0.059994 0.691453
0.009817 0.697868
0.017093 0.699972
0.022272 0.698789
0.025058 0.701141
0.030905 0.701130
0.040436 0.704413
0.044322 0.705046
0.037606 0.704134
0.070436 0.706104
0.172061 0.671971
-0.052383 0.715794
-0.050268 0.712281
-0.055205 0.711388
-0.059169 0.711457
-0.054368 0.709844
-0.060375 0.708146
-0.057365 0.705678
-0.066603 0.709140
-0.062751 0.703948
-0.007117 0.754264
-0.029664 -0.027562 0.003808 0.000639 -0.005777 0.002922 0.001414 -0.000432 
0.252346 -0.012611 -0.003014 0.001460 -0.000657 -0.000485 -0.001642 0.000273 
-0.043100 -0.014830 0.001673 0.000495 0.002785 0.000517 -0.001550 -0.004431 
0.155424 -0.006100 -0.002064 0.002025 -0.000531 -0.002064 0.000281 0.000835 
-0.017190 -0.000001 -0.002045 0.000904 0.000797 -0.002684 -0.002386 -0.000751 
0.055702 0.000443 0.001603 0.000760 0.001062 0.001866 -0.000409 -0.002456 
0.004577 -0.000251 0.001999 0.000714 -0.003059 0.000907 0.000644 -0.000939 
-0.017880 0.000287 -0.003882 0.000797 -0.001400 0.000286 -0.001929 -0.001777 
0.023690 0.000940 0.000352 -0.001584 0.003626 0.000678 -0.001579 -0.000996 
-0.083901 -0.005020 -0.000990 -0.000221 0.000906 -0.005249 -0.000634 0.000197 
0.043274 -0.011328 -0.000705 0.000797 -0.002132 0.003253 -0.000510 -0.002429 
-0.152666 -0.013361 -0.000795 -0.000073 0.001257 0.002954 0.002588 -0.001111 
0.060075 -0.023580 -0.003922 -0.003069 0.003254 0.002946 -0.001340 0.001225 
-0.202099 -0.022502 -0.000630 -0.000723 -0.000355 -0.000460 -0.002735 -0.000663 
0.062869 -0.030765 -0.003982 -0.001448 0.000144 0.004102 0.005074 0.002442 
-0.224342 -0.031836 0.000832 0.000322 0.005011 0.000462 0.000112 -0.001741 
0.044568 -0.036853 -0.006099 -0.002622 -0.001174 -0.000013 0.001400 0.002237 
-0.219524 -0.024260 0.002007 0.001124 0.003264 -0.000186 0.000539 0.000790 
-0.082173 -0.091309 0.014142 0.006857 -0.000547 -0.000831 -0.000527 0.000387 
-0.266943 0.036204 0.018176 -0.004938 -0.001572 0.000333 -0.000860 -0.002540 
-0.015137 0.000613 0.000084 0.000738 0.001244 -0.001164 0.002120 0.001067 
-0.042005 -0.003223 0.003307 0.000654 0.002727 0.001318 -0.002262 0.002441 
0.006031 -0.004265 0.000343 0.004836 -0.001371 -0.000003 -0.002495 -0.000758 
-0.019606 -0.004085 0.002496 0.001571 0.005401 0.000803 0.002339 0.000373 
0.004534 -0.000269 -0.000084 0.002327 0.001281 0.000840 -0.000797 -0.000294 
-0.002725 -0.003493 0.001998 0.001637 0.003856 -0.000917 -0.000556 0.002178 
0.004204 -0.001085 -0.002085 0.003763 -0.001124 0.003082 -0.001885 -0.005097 
-0.005548 -0.000696 0.000538 0.003349 0.000259 0.002312 -0.003608 0.003007 
0.000249 -0.000775 -0.000104 0.002217 -0.000089 0.000735 0.000144 -0.002849 
0.006593 -0.000343 -0.000256 0.000564 0.001399 -0.001821 -0.001137 -0.002044 
0.004673 -0.001634 -0.003756 0.005077 0.002107 0.004023 -0.000538 -0.003702 
0.009745 -0.004417 -0.003411 0.002726 -0.002513 0.001069 -0.004790 -0.001634 
-0.002552 0.009157 0.000912 0.006791 0.000018 0.001850 0.003555 -0.000511 
0.015833 -0.000940 0.001535 0.002934 0.002829 0.001960 -0.003429 -0.000982 
-0.004882 0.006696 -0.005027 0.009379 -0.003676 0.006220 -0.007206 -0.004427 
0.018529 -0.000768 -0.001772 0.002425 0.004997 -0.002706 -0.001572 0.001613 
0.011848 0.006154 -0.003212 0.006077 -0.002712 0.000189 0.005697 -0.007222 
0.004178 -0.000505 -0.002824 0.002326 0.006611 -0.000967 -0.005644 -0.001181 
0.017107 -0.047889 -0.017091 0.002342 -0.001066 0.003067 -0.006891 -0.028147 
0.067060 0.025487 -0.003734 -0.005587 0.002718 -0.007157 -0.016134 0.000406 
-0.024562 -0.042127 0.002637 0.002235 -0.004136 -0.000077 0.000903 -0.003681 
0.266026 -0.009661 -0.008594 0.001389 0.000423 -0.002418 -0.000430 -0.000264 
-0.044129 -0.014914 0.000063 0.000708 0.001318 -0.000420 -0.000708 -0.003538 
0.157242 -0.006795 -0.001936 0.001134 0.001386 -0.001842 -0.000219 0.000698 
-0.018295 0.000256 -0.002536 0.000174 0.001994 -0.001362 -0.002311 -0.001105 
0.056154 0.000951 0.001472 0.000264 -0.000410 0.002312 0.001006 -0.000619 
0.005104 0.000486 0.002540 0.001718 -0.004733 0.001054 0.000086 -0.000690 
-0.017554 0.000379 -0.003300 -0.000447 -0.002952 -0.000454 -0.002066 0.000534 
0.023882 0.001206 0.000383 -0.001372 0.002170 0.001490 -0.000802 -0.000981 
-0.084463 -0.004458 -0.001902 -0.000517 0.000701 -0.004027 -0.000915 0.000599 
0.043339 -0.010651 -0.001076 0.001995 -0.001252 0.003126 -0.001398 -0.002200 
-0.153934 -0.014377 -0.001703 0.000298 0.000863 0.002230 0.000940 -0.001424 
0.060636 -0.023767 -0.004071 -0.002856 0.002414 0.001334 0.000517 -0.001250 
-0.204167 -0.021758 -0.000923 -0.001387 0.000161 0.000668 -0.001909 0.000008 
0.064112 -0.032150 -0.005617 -0.000238 -0.000274 0.002895 0.006148 0.000540 
-0.227522 -0.031541 -0.000149 0.000248 0.004431 -0.000075 0.000170 -0.001998 
0.043293 -0.036320 -0.006420 -0.003713 -0.001454 0.000765 0.000746 0.003115 
-0.220179 -0.023635 0.001146 0.001952 0.002258 -0.002902 0.002079 0.001437 
-0.084856 -0.098558 0.017485 0.006209 0.000396 -0.001138 0.000283 -0.000310 
-0.296778 0.042063 0.023532 -0.005440 -0.003089 -0.000503 0.001362 -0.001966 
0.040464 -0.026545 0.000253 0.001702 -0.000883 0.002894 0.000805 -0.001724 
-0.184509 -0.011501 0.004528 0.000289 -0.001387 -0.001959 -0.001406 0.003688 
0.030757 -0.013159 -0.002536 0.000272 -0.000380 -0.000009 0.003486 -0.001037 
-0.120163 -0.008491 -0.000325 0.000879 0.000564 -0.001974 -0.001638 -0.000464 
0.017341 -0.004654 -0.003994 -0.001558 0.000046 0.000182 0.000702 -0.001666 
-0.051213 -0.006082 -0.000592 0.000065 0.001369 -0.000200 -0.001140 -0.001771 
0.004613 -0.000195 0.001925 -0.000844 -0.001194 -0.000159 -0.001256 0.001610 
0.010069 -0.004434 0.002461 0.000915 0.000051 -0.001043 -0.003057 -0.000230 
-0.009386 0.000600 0.001515 0.002186 -0.001606 0.000611 0.001961 -0.003443 
0.062697 -0.007690 -0.000312 0.003967 0.001977 0.002305 -0.003907 0.004203 
-0.021762 -0.007914 0.004706 0.004546 -0.003064 -0.000089 0.001911 -0.001650 
0.106607 -0.010071 -0.002635 0.000750 0.006522 -0.003409 -0.000980 0.000983 
-0.022526 -0.015519 0.008767 0.000470 -0.008841 -0.004570 0.002569 -0.001933 
0.142736 -0.014251 -0.006998 0.004342 0.004326 -0.008146 -0.000732 -0.001112 
-0.016807 -0.019394 0.009273 0.001169 0.001001 -0.003508 0.005470 -0.006520 
0.142555 -0.013598 -0.003123 -0.002160 0.006782 -0.003711 -0.005724 -0.002729 
-0.011686 -0.019025 0.009685 -0.002410 -0.001770 -0.004104 0.004423 -0.001794 
0.145891 -0.008508 -0.008979 0.002219 0.006173 -0.005675 -0.009919 -0.005015 
-0.037125 0.011756 0.014942 -0.006806 0.002981 -0.001239 0.005237 -0.018101 
0.159898 -0.008744 0.010843 -0.003025 0.008042 -0.008517 -0.010381 -0.001022 
0.131661 0.007672 -0.000088 -0.003404 -0.002717 -0.000620 0.000176 -0.000172 
0.017470 0.004466 -0.003018 -0.001950 -0.004755 -0.000857 -0.002637 -0.003032 
0.082509 0.003741 0.000010 0.001045 -0.000910 -0.000277 0.002761 -0.001578 
0.009023 0.003419 0.000649 0.001312 -0.000827 -0.000654 -0.001553 -0.000757 
0.036384 -0.002645 -0.001742 -0.000071 -0.001901 -0.000201 -0.004086 0.001288 
0.006147 0.000347 0.002175 -0.001713 0.001605 0.000601 -0.000245 0.000498 
-0.002888 0.002527 0.002631 -0.000759 0.004667 -0.002545 0.001818 -0.000713 
0.007838 -0.003234 -0.000740 0.001258 -0.002928 -0.001188 0.003440 0.000219 
-0.036288 -0.004351 -0.000083 -0.000859 -0.002340 0.002991 -0.002358 -0.002592 
0.010170 -0.001547 -0.001337 0.000875 -0.001167 0.001791 0.001542 -0.002200 
-0.061546 -0.000908 -0.000364 -0.001159 0.001459 0.001934 0.002083 -0.003697 
0.001975 0.000703 0.002689 0.000237 0.000262 -0.000983 -0.001680 -0.000028 
-0.090696 0.006513 0.001760 -0.000992 0.000087 -0.000422 -0.002385 -0.000801 
0.001494 -0.002353 0.004514 -0.001709 -0.000878 -0.001185 -0.002153 -0.003147 
-0.108269 0.009260 -0.000715 0.002518 -0.000743 0.004151 -0.000236 0.000307 
0.005785 -0.006582 0.001753 -0.000775 0.000920 -0.003052 0.003391 -0.004551 
-0.121529 0.006227 -0.005077 0.005982 -0.002128 0.002711 -0.007304 0.003246 
-0.006763 -0.003233 0.005018 -0.000737 -0.001005 -0.004163 0.000938 -0.000314 
-0.157446 -0.042558 -0.007583 0.020414 0.002376 0.003898 -0.034758 0.008554 
-0.032757 -0.001288 0.025223 -0.001841 0.004206 -0.025811 0.000052 0.019206 
0.083453 0.024837 0.003603 0.001403 0.000281 -0.000727 0.004948 0.000560 
0.176162 0.016611 0.009883 -0.001001 -0.000329 -0.000812 0.003456 0.000245 
0.044323 0.004782 -0.003666 0.002681 0.003266 -0.000467 -0.001661 -0.001695 
0.059490 0.000119 0.002039 -0.003795 0.000189 0.002945 0.001085 -0.004819 
0.023585 0.002380 -0.004854 0.000688 0.001518 0.000593 -0.004219 -0.001530 
0.025065 0.001055 0.000609 -0.000115 -0.000975 0.000426 0.000789 0.001513 
0.000539 0.002270 -0.000659 -0.000513 -0.001243 -0.000874 0.000252 0.000080 
-0.004631 -0.001290 -0.000655 0.000055 -0.000811 -0.001239 -0.000937 0.001279 
-0.018519 0.000638 -0.001340 -0.001096 -0.001970 -0.001470 -0.000817 0.001104 
-0.022296 -0.002122 0.004369 -0.001349 0.001105 -0.002379 0.000159 -0.000491 
-0.040371 -0.012236 -0.001991 -0.000941 -0.002312 -0.001379 0.001920 -0.000953 
-0.049645 0.000616 -0.000119 -0.000556 0.001624 -0.001593 0.001633 -0.000431 
-0.055419 -0.010072 -0.001204 -0.001908 -0.000247 0.001500 -0.002250 -0.000257 
-0.070935 0.001487 -0.000348 0.006818 0.002809 0.000951 -0.003470 -0.000711 
-0.067979 -0.019364 -0.003059 0.001748 0.002973 -0.000959 0.001382 -0.000185 
-0.090803 0.008066 0.004977 0.000182 -0.002338 -0.000831 -0.003886 -0.003874 
-0.070260 -0.028634 -0.004677 0.007396 0.003772 0.002983 -0.010543 -0.000802 
-0.120766 0.010046 0.009709 0.008540 0.001867 -0.003929 -0.003310 0.002109 
-0.086761 -0.213835 0.019710 0.024721 0.060940 0.055722 -0.094508 -0.043480 
-0.370421 0.047172 0.108435 0.017865 0.028365 -0.087557 -0.058884 0.075142 
0.051263 0.026154 0.003189 0.001904 0.001934 0.001905 -0.001046 0.000524 
0.154365 0.003850 0.010029 -0.002814 0.001509 -0.001034 -0.001025 -0.001043 
0.021197 0.007872 -0.000987 -0.000843 0.000697 0.003669 -0.001918 -0.001034 
0.049401 -0.005938 -0.000316 -0.001294 0.002414 -0.000304 -0.005198 0.000902 
0.010731 -0.001174 0.000945 0.000283 0.000875 0.000162 0.000718 0.002499 
0.023764 -0.005460 -0.002672 0.000423 -0.002148 0.001218 -0.000397 -0.000433 
0.001855 0.001452 -0.001236 0.001457 -0.002775 0.001386 -0.002504 -0.000886 
-0.006291 -0.008114 0.001936 0.002363 0.000412 0.002114 -0.001281 -0.000299 
-0.009502 -0.003688 -0.000891 -0.001762 -0.001091 0.000724 -0.001758 -0.000326 
-0.022961 -0.003773 0.002835 -0.002434 0.004560 -0.001052 0.000841 -0.001964 
-0.019679 -0.007275 -0.000904 -0.001201 0.000305 0.000377 0.002129 0.001164 
-0.046934 -0.003918 -0.001793 -0.001344 -0.001147 0.000585 0.000092 0.001861 
-0.030381 -0.008769 -0.001835 0.000155 -0.001939 0.001657 0.002968 0.002871 
-0.073733 -0.001565 0.003934 0.001262 0.001130 -0.001566 0.000290 0.001882 
-0.040127 -0.016104 -0.001719 -0.000139 -0.000775 0.000508 -0.000370 -0.000575 
-0.085916 0.000878 0.002903 0.002044 0.001961 -0.001906 -0.002936 -0.000367 
-0.029803 -0.032375 -0.001979 0.002549 0.006051 0.003515 -0.003509 -0.004385 
-0.122328 0.005354 0.007976 0.002637 0.004649 -0.005528 -0.004507 -0.001644 
-0.075406 -0.236903 0.036890 0.023953 0.043077 0.065733 -0.095677 -0.051714 
-0.367707 0.055824 0.114865 -0.003654 0.037440 -0.075347 -0.069447 0.087179 
0.017715 0.026144 0.000161 0.000600 0.003288 0.000313 -0.002330 0.002267 
0.065099 -0.009823 0.003885 0.001991 -0.000361 0.001121 0.000085 -0.001063 
0.009867 0.006205 0.001853 0.002746 -0.001165 -0.001924 -0.000093 0.002537 
0.007612 -0.009221 -0.000182 0.001658 -0.001856 -0.000516 -0.001212 0.004148 
0.003229 0.002165 -0.000204 -0.001208 -0.001744 0.001467 -0.000530 0.003554 
0.003145 -0.010834 0.000461 0.000772 0.000456 -0.001861 0.000499 -0.001704 
-0.001656 0.001001 -0.003855 0.000450 -0.000039 0.001466 0.000027 -0.000653 
0.000449 -0.008177 -0.002941 0.001354 0.002186 0.001841 0.001215 0.002176 
0.003889 -0.001924 -0.002700 -0.000013 -0.001429 0.002085 -0.000896 0.001947 
0.003554 -0.013268 -0.001364 0.001095 -0.001188 0.003275 0.000833 -0.001772 
-0.002150 -0.004827 -0.003317 0.000162 -0.000917 -0.000436 0.002009 -0.000201 
0.004177 -0.008977 0.002205 0.002687 0.001876 -0.000480 0.002059 -0.003243 
-0.005840 -0.006793 -0.000943 -0.001643 0.001775 -0.002161 0.001257 -0.001856 
-0.004335 -0.007140 -0.000255 0.002393 0.003019 0.000687 -0.003493 0.000658 
-0.002439 -0.010638 0.001610 0.000285 0.000357 0.006928 -0.000399 -0.004962 
-0.005784 -0.005919 0.004892 -0.001836 0.003241 -0.000791 -0.001922 0.003355 
-0.025663 -0.011716 0.001276 -0.008600 0.008847 0.009559 -0.007042 -0.001387 
-0.026593 0.000551 0.001713 0.000764 0.008576 -0.004413 0.000320 -0.004331 
-0.042181 -0.153708 0.021630 -0.001374 0.022329 0.083311 -0.073200 -0.054463 
-0.271132 0.032114 0.072664 -0.004624 0.055256 -0.049025 -0.076700 0.068961 
0.169907 0.069137 0.013471 0.004917 0.001440 0.002137 0.001743 0.001076 
0.168729 0.040706 0.023679 0.005002 0.000592 0.001088 -0.001711 -0.002142 
0.084839 0.011989 -0.004226 0.003181 0.002078 -0.000268 0.002640 -0.000703 
0.021430 -0.001067 0.001385 -0.003802 -0.000281 -0.000842 -0.002260 0.003251 
0.038877 0.002705 -0.002529 -0.000804 -0.000559 -0.002399 -0.000345 0.000718 
0.011837 -0.002398 0.001809 -0.000509 -0.000476 0.001083 0.002158 -0.001581 
-0.002067 -0.001573 -0.000608 -0.001338 -0.005187 0.000351 -0.002748 0.000353 
0.004722 -0.004118 0.000685 -0.002877 -0.000321 -0.000699 0.001017 -0.001313 
-0.035787 -0.000854 0.000054 0.000440 -0.002245 -0.001121 0.001693 0.004357 
0.007813 -0.002810 0.003357 0.000488 -0.000547 0.001413 -0.000283 -0.002209 
-0.074130 -0.006775 0.004091 -0.000523 -0.001967 -0.001426 -0.003447 0.000126 
-0.001973 -0.001404 0.001321 0.000065 0.000198 0.001048 -0.001778 -0.002156 
-0.112619 0.003599 0.001899 -0.001492 -0.001276 -0.001989 -0.002634 0.002652 
-0.014229 0.000771 0.004055 -0.003261 -0.001562 0.000601 -0.000140 -0.002437 
-0.137459 -0.003618 0.002783 0.000952 0.000213 -0.001032 0.000503 -0.001628 
-0.023172 0.004600 0.002943 -0.000774 0.000493 0.002979 0.001358 -0.001999 
-0.151992 -0.018115 0.007380 -0.000278 -0.000489 -0.003263 -0.000106 0.003659 
-0.069462 0.013457 0.010425 -0.003207 -0.001079 0.000723 -0.000547 0.001714 
-0.237203 -0.196253 0.093403 0.047407 0.001825 -0.013498 -0.047069 0.029838 
-0.383027 0.135947 0.109286 -0.045553 -0.016467 -0.038757 0.025844 0.030919 
0.020628 0.017575 -0.001288 -0.000185 -0.001945 0.001462 -0.000595 0.001676 
0.063126 0.002130 0.002710 -0.002173 0.000858 -0.000857 -0.003835 -0.001540 
0.015385 0.003717 -0.000986 0.001570 -0.000062 -0.002026 -0.001879 -0.000910 
0.009352 0.003649 -0.000206 0.001086 0.004440 -0.001378 -0.001989 0.004768 
0.007167 0.003401 -0.001803 -0.000737 0.000313 -0.002346 -0.001157 -0.000290 
0.005508 0.000575 0.001086 0.000112 -0.000485 0.002818 0.000347 0.003692 
-0.001837 0.001801 -0.004844 0.000459 -0.001787 0.000328 -0.003994 0.002424 
0.000623 -0.002674 0.001009 -0.001581 -0.000722 0.001679 0.000737 -0.003475 
-0.006243 -0.000544 -0.004221 -0.000224 0.005874 0.001507 -0.004396 -0.000413 
-0.004845 0.001908 0.002983 0.001158 0.004969 -0.001213 -0.000052 -0.002495 
-0.016092 -0.005892 -0.004962 -0.002697 0.004787 0.001968 -0.001680 -0.001552 
-0.007960 -0.001031 0.000895 -0.002213 0.000768 0.001571 -0.000167 -0.003904 
-0.019322 -0.005507 -0.003026 -0.003223 0.006821 0.002337 -0.000212 -0.001516 
-0.017248 -0.003947 0.002936 0.000424 0.002974 -0.001408 -0.003525 -0.004672 
-0.020070 -0.008378 -0.009929 -0.006376 0.009860 0.010314 -0.005959 -0.010799 
-0.027520 -0.001713 0.005715 0.008010 0.014306 -0.003981 -0.011506 -0.006670 
-0.005529 -0.035460 -0.015171 -0.018133 0.015926 0.032181 -0.010172 -0.020310 
-0.049900 -0.012571 0.005581 0.016894 0.021622 -0.005112 -0.022231 -0.006523 
0.013589 -0.130775 -0.047225 -0.070783 0.048784 0.149849 -0.016489 -0.085457 
-0.233469 -0.036511 0.034054 0.056721 0.130965 -0.037074 -0.126973 -0.014988 
0.028721 0.020159 -0.000093 0.003019 0.002398 0.001550 0.001801 0.000955 
0.094851 0.003845 0.006095 0.001130 0.000592 0.001158 -0.002583 -0.000556 
0.016876 0.008405 0.004666 0.001249 -0.002179 0.000934 -0.000767 0.001464 
0.021129 -0.000765 0.000821 -0.002281 0.001813 0.002797 -0.001495 0.002257 
0.009253 0.002763 -0.001900 -0.001521 -0.001221 -0.000685 0.000475 0.000190 
0.008844 -0.003355 -0.000762 0.003459 0.000607 -0.003804 0.002849 -0.001064 
0.001880 -0.002348 -0.001231 -0.001961 0.002777 0.000751 -0.001922 -0.001744 
-0.001581 -0.003753 0.000759 0.002406 0.000549 0.001444 0.001915 0.001679 
-0.009666 0.000778 -0.001869 0.001712 0.002851 -0.000826 -0.003475 0.000694 
-0.007007 -0.004388 0.002348 -0.000625 0.000738 -0.000928 0.001011 0.001691 
-0.016271 0.000535 -0.005925 -0.000618 0.002809 -0.001303 -0.002154 -0.001974 
-0.021657 -0.001158 0.000326 0.003514 0.000633 -0.000110 0.000059 -0.002196 
-0.019739 -0.003398 -0.009621 -0.005183 0.001744 0.004961 -0.004851 -0.003894 
-0.035009 0.002258 0.005662 0.007485 -0.001625 -0.002420 -0.001372 -0.002393 
-0.022139 -0.016388 -0.008964 -0.003908 0.013010 0.011653 -0.008134 -0.007976 
-0.051602 -0.004006 0.005838 0.008413 0.006634 -0.006870 -0.006547 -0.003810 
-0.017975 -0.041392 -0.021540 -0.009967 0.032999 0.032623 -0.020816 -0.018369 
-0.085195 -0.009395 0.018604 0.018288 0.026490 -0.020769 -0.024739 0.004666 
-0.043750 -0.183902 -0.036712 -0.024351 0.111540 0.104264 -0.118768 -0.063090 
-0.290587 -0.001501 0.079005 0.076908 0.077376 -0.126046 -0.092384 0.076245 
0.041676 0.016212 0.000560 -0.000158 -0.000397 0.004002 0.000003 -0.001128 
0.101912 0.005513 0.005140 -0.000760 0.000692 -0.003536 -0.001026 -0.001161 
0.028609 0.005402 -0.002092 0.001938 0.000266 0.000033 -0.001758 0.001143 
0.032561 -0.001081 0.003241 -0.001679 -0.001120 0.001695 -0.000794 0.001936 
0.011699 0.000491 -0.003703 0.002623 -0.001737 -0.000011 0.000252 0.000899 
0.011396 -0.000682 0.000628 -0.000374 -0.000540 -0.002337 -0.000144 -0.001166 
-0.004465 0.002642 0.000040 0.001722 0.003210 -0.000652 -0.001053 0.000583 
-0.001413 -0.001015 0.001761 0.000134 -0.000976 0.001724 -0.000154 0.000144 
-0.013240 0.000218 -0.001802 -0.001858 0.004389 0.002691 -0.000413 0.000487 
-0.015673 -0.001005 -0.000461 0.002026 -0.001942 0.001829 -0.000515 -0.002383 
-0.019494 -0.000106 -0.003151 0.000298 0.005449 0.000900 0.000895 -0.002717 
-0.027643 -0.001249 -0.000717 0.002689 -0.001977 -0.001634 -0.000248 -0.001376 
-0.031643 -0.004419 -0.006828 -0.002762 0.008744 0.003285 -0.003895 -0.005318 
-0.039995 -0.000441 0.002096 0.009145 -0.002353 -0.004370 -0.001070 -0.003460 
-0.027455 -0.013539 -0.012806 -0.004956 0.014735 0.011385 -0.008265 -0.007221 
-0.054826 0.003482 0.004405 0.011598 0.001867 -0.006626 -0.010093 -0.000104 
-0.025415 -0.026690 -0.013329 -0.013638 0.020034 0.026052 -0.018178 -0.018577 
-0.086453 -0.000490 0.006806 0.017697 0.015860 -0.014022 -0.019523 0.004382 
-0.057797 -0.199254 0.013096 -0.001022 0.055090 0.102822 -0.111107 -0.083290 
-0.329066 0.043360 0.097016 0.012782 0.060874 -0.089984 -0.104429 0.098731 
0.037266 0.018901 0.001405 -0.001601 -0.000321 0.000124 -0.000226 -0.000743 
0.107915 0.000482 0.003517 -0.000416 -0.000370 -0.000962 -0.000331 0.000016 
0.020530 0.004952 -0.001964 -0.000600 -0.003563 -0.000454 -0.002523 -0.000085 
0.037166 -0.001412 -0.000988 -0.001405 -0.000909 0.002260 0.001016 0.002851 
0.012325 -0.003978 -0.001485 0.000527 0.001694 -0.001013 0.004291 0.000354 
0.014789 -0.001573 0.002264 0.002548 -0.000526 0.002817 0.000544 -0.003024 
0.000238 0.000969 -0.001060 0.000907 -0.002597 0.000637 -0.000704 0.001645 
-0.004663 -0.003165 -0.000440 0.002010 -0.001833 0.002920 -0.000459 0.001703 
-0.010576 0.002940 -0.006524 0.003136 0.004146 0.000093 0.001353 -0.001375 
-0.016661 -0.000522 -0.000311 0.000101 -0.002577 0.003796 -0.001760 0.001471 
-0.016952 -0.002261 -0.001211 0.001412 0.003501 0.001098 0.000277 0.001133 
-0.030185 -0.001071 -0.000405 0.004913 -0.002405 -0.000501 0.001739 -0.000948 
-0.023298 -0.004739 -0.007167 -0.004229 0.007104 -0.000490 0.000313 -0.001574 
-0.042661 0.004294 0.002527 0.005210 -0.000434 -0.004134 -0.003028 -0.000919 
-0.025889 -0.013572 -0.008582 -0.005458 0.012753 0.004362 -0.001476 -0.006005 
-0.058826 0.006514 -0.002235 0.010632 0.000794 -0.005196 -0.007387 -0.001232 
-0.031057 -0.035747 -0.009690 -0.004541 0.021901 0.023675 -0.014956 -0.015615 
-0.095669 0.004695 0.007842 0.020540 0.021386 -0.014213 -0.021481 0.010320 
-0.046632 -0.116035 -0.007714 -0.055564 0.081944 0.127452 -0.080710 -0.055990 
-0.296065 0.027287 0.036545 0.039616 0.116720 -0.095747 -0.104964 0.052463 
0.039322 0.019494 0.001150 0.004802 -0.003224 0.001103 -0.001733 0.000438 
0.106186 0.004652 0.003509 -0.000235 0.001062 -0.000512 -0.000657 -0.001404 
0.018186 0.002328 0.001291 -0.000636 0.000269 -0.002574 -0.001317 -0.000835 
0.033818 -0.003148 -0.004448 0.000000 0.001133 -0.000261 0.000061 0.000291 
0.011480 0.003487 0.000017 -0.001953 0.001338 -0.003282 -0.002304 0.000790 
0.014332 0.000604 -0.000120 0.002961 -0.001505 -0.001900 0.002640 0.000322 
0.000923 -0.000975 -0.003024 0.002129 0.000811 -0.003192 0.002683 0.001868 
0.000789 -0.004007 0.002109 0.000179 -0.001972 0.004185 -0.001804 0.001178 
-0.011926 -0.000482 -0.004623 0.000573 -0.000523 0.002054 0.000660 -0.000667 
-0.012979 -0.000738 -0.001344 0.003843 0.000426 0.001253 0.000294 -0.002081 
-0.019644 -0.003583 -0.004515 0.001037 0.005200 -0.002340 0.002782 -0.000240 
-0.025508 -0.000069 -0.001825 0.004967 -0.004616 -0.000920 -0.003223 0.000658 
-0.021171 -0.005380 -0.002462 -0.000548 0.009005 -0.000593 0.003260 -0.001252 
-0.042264 0.003005 0.001032 0.007069 0.001517 -0.001874 0.001005 -0.000194 
-0.023129 -0.014631 -0.007291 0.001504 0.009184 0.005905 -0.004713 -0.008440 
-0.053877 0.005697 0.001281 0.002053 0.005037 -0.004936 -0.007465 -0.000492 
-0.019080 -0.036876 -0.007799 -0.007145 0.018353 0.024177 -0.011122 -0.016337 
-0.095248 0.008992 0.013652 0.012215 0.019538 -0.014690 -0.019453 0.008089 
-0.008493 -0.150474 -0.007716 -0.054742 0.046234 0.139145 -0.043598 -0.072453 
-0.274126 0.007531 0.048173 0.028747 0.121938 -0.045984 -0.119989 0.020313 
0.030697 0.016011 0.001405 0.001585 -0.000335 -0.001918 0.001732 -0.000231 
0.105441 -0.002142 0.004770 0.001469 -0.000340 -0.002078 0.000288 0.001792 
0.013553 0.005835 -0.000588 0.001983 -0.000001 -0.002160 -0.000904 0.000303 
0.031303 -0.006862 -0.000056 -0.001697 -0.000765 0.000382 -0.002097 -0.001454 
0.009781 -0.000188 0.001081 0.000182 -0.002698 -0.000719 0.000952 -0.001900 
0.015200 -0.004885 -0.001319 -0.002194 0.003910 -0.000832 0.000996 -0.003620 
0.001004 -0.001343 -0.004621 -0.000687 -0.000828 0.002547 -0.000652 -0.000010 
-0.005842 -0.006493 0.001389 0.001081 -0.003166 0.000945 -0.001765 -0.000235 
-0.007052 0.001037 -0.001519 0.000430 0.002600 -0.003231 -0.000034 -0.000904 
-0.018841 -0.002878 0.000732 0.001552 0.001551 -0.000034 0.000891 -0.001827 
-0.014732 -0.002797 -0.001776 -0.002466 0.001365 -0.000520 -0.000222 -0.001307 
-0.026185 0.002139 0.003486 0.001520 0.004064 -0.000890 0.001680 -0.000461 
-0.017260 -0.007165 -0.004434 -0.004985 0.001464 0.001279 -0.001536 0.001193 
-0.046257 -0.000209 0.003294 0.003841 0.000862 -0.006425 0.001171 -0.000609 
-0.019332 -0.014154 -0.008868 -0.002652 0.009324 0.006770 -0.000309 -0.003613 
-0.054455 -0.005276 0.004292 0.007027 0.009367 -0.003578 -0.002787 0.003842 
-0.012668 -0.035769 -0.007976 -0.008105 0.016712 0.020307 -0.010072 -0.011646 
-0.091172 0.001517 0.010635 0.005438 0.019503 -0.013599 -0.020686 0.005330 
-0.016115 -0.179647 -0.008224 -0.044057 0.050630 0.133488 -0.054658 -0.088335 
-0.260736 0.011377 0.058076 0.023663 0.116583 -0.057478 -0.122094 0.040304 
0.024340 0.018274 -0.001527 0.002032 0.003283 0.002933 0.003629 0.002134 
0.096016 -0.003460 0.008723 0.002760 -0.000150 0.002001 0.001152 -0.000748 
0.009651 0.002830 0.001307 -0.000889 -0.001341 -0.000724 0.004105 0.000740 
0.028403 -0.008256 0.001478 -0.003703 -0.000265 -0.001909 -0.002247 -0.000700 
0.006840 0.000651 -0.000093 0.001939 -0.002869 -0.001048 0.001305 0.001983 
0.011214 -0.005554 -0.001825 -0.000773 0.000453 0.003506 0.000519 -0.001126 
0.003960 0.001636 -0.003578 -0.002104 0.001678 -0.000685 0.003520 0.000222 
-0.001367 -0.004756 -0.001460 0.001780 0.001004 0.002216 -0.001538 -0.000582 
-0.007813 0.000421 -0.004261 0.000150 0.005255 0.002129 -0.000166 -0.000361 
-0.009126 -0.002652 -0.000184 -0.001367 -0.001458 -0.003617 -0.000044 -0.003860 
-0.009213 -0.000373 -0.000859 0.000320 0.005422 0.002795 -0.002663 -0.000097 
-0.027204 0.001543 -0.002877 0.002842 0.000478 0.002492 -0.001517 -0.001045 
-0.018341 -0.006986 -0.004558 -0.002045 0.005670 0.002991 -0.000074 -0.000401 
-0.038132 -0.000768 0.003196 0.004134 0.000877 -0.001135 0.002498 -0.004466 
-0.018347 -0.013939 -0.004609 -0.004851 0.011517 0.009441 -0.001955 -0.009244 
-0.049803 -0.004704 0.001538 0.004622 0.002890 -0.001246 -0.007774 -0.004062 
-0.010143 -0.030002 -0.005422 -0.015320 0.015911 0.028535 -0.008263 -0.015756 
-0.083795 -0.004645 0.011734 0.013313 0.023713 -0.013080 -0.021804 -0.000812 
-0.055489 -0.182734 0.007739 -0.026468 0.072371 0.111432 -0.099801 -0.069428 
-0.286715 0.033592 0.068222 0.028738 0.093212 -0.089067 -0.095768 0.074772 
0.018987 0.019213 0.002245 0.000852 -0.001652 0.000630 0.000973 0.001304 
0.082954 -0.005422 -0.001089 0.001674 -0.000770 -0.003698 -0.001167 -0.002640 
0.010296 0.004185 -0.000257 0.002356 -0.001730 0.001505 -0.001443 0.001896 
0.022956 -0.012247 -0.000763 0.001200 0.002070 0.004089 -0.000157 -0.002332 
0.004038 0.004293 -0.000976 0.002787 -0.001274 -0.000835 -0.003018 -0.001479 
0.011986 -0.002812 0.000194 0.002759 0.002092 -0.002870 0.000172 0.002181 
-0.003512 -0.000165 -0.004822 -0.001362 0.003834 -0.001855 -0.000683 -0.000096 
-0.000724 -0.002899 -0.001613 0.001264 0.000452 -0.000302 0.001274 0.002851 
-0.001231 -0.000859 -0.003711 -0.003529 0.000118 -0.001125 -0.002520 -0.004364 
-0.011417 -0.006585 0.002103 0.001876 0.000404 0.000059 0.003496 -0.000613 
-0.008181 -0.001329 -0.004524 -0.002898 0.007525 -0.000682 0.001012 -0.001504 
-0.019416 -0.004879 -0.002158 0.004821 0.001094 0.001456 -0.000118 -0.002268 
-0.009657 -0.008952 -0.004530 -0.003052 0.002510 0.004917 0.000246 0.000013 
-0.032649 -0.002422 0.000792 0.003749 -0.003150 0.001888 -0.004396 -0.002154 
-0.012908 -0.013663 -0.005364 -0.003861 0.005831 0.008336 -0.000492 -0.006476 
-0.043507 -0.001052 0.000342 0.006489 0.009286 0.000340 -0.003011 -0.002690 
-0.021093 -0.023403 -0.010487 -0.006753 0.018330 0.024487 -0.006364 -0.014891 
-0.077864 0.001384 0.004369 0.008532 0.017820 -0.015220 -0.013209 0.001138 
-0.031870 -0.154656 -0.003108 -0.045504 0.069245 0.122329 -0.079810 -0.057825 
-0.262765 0.020373 0.052062 0.030738 0.106825 -0.075217 -0.097388 0.054524 
0.013599 0.019441 0.000731 0.001671 -0.004091 -0.001907 -0.000675 -0.001407 
0.075786 -0.005890 0.002487 0.003356 -0.001236 -0.001223 0.000354 0.000960 
0.009052 0.003188 0.000256 -0.000661 0.000752 0.002223 -0.003667 -0.000195 
0.021000 -0.010045 -0.000305 -0.000744 0.001567 0.001893 0.000497 0.000062 
-0.000378 0.003771 -0.003164 0.002145 0.000836 -0.002238 -0.001233 0.001431 
0.009866 -0.004721 -0.002829 0.000722 0.000786 0.000834 -0.000377 -0.001114 
-0.000266 -0.001335 0.001569 0.000675 0.001127 -0.000065 -0.000703 0.001248 
-0.002865 -0.006320 0.000141 0.000055 -0.000767 0.002208 0.001883 0.000639 
-0.002331 -0.000229 -0.002023 -0.002849 0.001324 0.003763 -0.001441 -0.000337 
-0.005170 0.000474 -0.002528 0.003337 0.001406 0.002409 0.000951 -0.002697 
-0.007945 -0.007212 -0.000792 -0.001951 0.005870 0.001433 -0.001905 -0.000955 
-0.020022 -0.000823 0.002761 0.000280 0.000340 0.000457 -0.001020 -0.000289 
-0.007311 -0.004197 -0.003058 -0.002823 0.009297 0.004280 -0.001062 -0.000165 
-0.030803 -0.004077 0.004067 0.004808 0.001341 -0.000744 -0.001310 -0.001817 
-0.007145 -0.006227 -0.010719 -0.002322 0.008563 0.006408 -0.007474 -0.005822 
-0.030981 -0.004572 0.005036 0.008620 0.009205 -0.005089 -0.005402 0.001538 
0.004411 -0.024925 -0.012079 -0.005449 0.016559 0.021448 -0.009174 -0.013593 
-0.063753 -0.006820 0.014906 0.009461 0.019281 -0.014635 -0.021057 0.000406 
-0.004948 -0.225836 -0.002867 0.016413 0.035511 0.108718 -0.064234 -0.117601 
-0.311512 0.010305 0.103470 0.009785 0.057111 -0.051038 -0.124113 0.058320 
0.016999 0.016068 -0.001872 0.000312 0.000862 -0.004361 -0.000885 0.000874 
0.068793 -0.004615 0.002232 -0.000124 -0.002513 0.000757 -0.000957 0.000291 
0.006801 0.005238 0.001256 -0.004222 -0.001567 0.003127 -0.000516 0.004356 
0.020950 -0.002684 0.001168 0.001296 0.000066 -0.000086 -0.000105 -0.000936 
0.004930 0.006981 -0.001806 -0.001565 0.000267 0.002060 0.000814 -0.000164 
0.007905 -0.004234 0.001166 -0.001739 -0.001744 0.000942 -0.000524 0.001768 
0.001580 -0.002918 -0.004558 0.003739 0.002394 0.000401 0.001729 0.001632 
-0.004233 -0.005459 0.001159 0.002610 -0.002749 0.003833 0.000833 0.000085 
-0.004206 -0.001705 -0.004267 -0.001257 0.002260 0.001789 0.000484 -0.000175 
-0.009120 -0.006707 -0.000940 0.001298 -0.004155 0.001530 0.000830 -0.004683 
-0.006869 -0.002539 -0.004594 -0.001132 0.002318 0.001634 0.001944 -0.003444 
-0.018599 -0.004195 0.000633 0.003635 0.002916 -0.000727 -0.000676 0.000325 
-0.007967 -0.003323 -0.009024 -0.002299 0.009130 0.002677 -0.000516 -0.003673 
-0.026247 -0.001170 -0.000820 0.002105 0.001435 -0.000032 -0.000703 -0.000862 
-0.010829 -0.002642 -0.011998 -0.004773 0.003353 0.006522 -0.006446 -0.003504 
-0.033084 -0.002071 0.006119 0.006612 0.002475 0.000228 -0.005242 -0.001771 
0.010148 -0.040809 -0.009791 -0.011727 0.012494 0.017761 -0.010112 -0.010398 
-0.060692 -0.004293 0.012020 0.009260 0.017161 -0.004984 -0.018166 0.004823 
-0.038421 -0.187486 0.005618 -0.021777 0.068897 0.098816 -0.096305 -0.060261 
-0.250224 0.024352 0.070320 0.024264 0.078519 -0.087609 -0.082690 0.076891 
0.013511 0.015780 0.002003 -0.002568 -0.002126 -0.002836 0.000842 0.000811 
0.059995 -0.007186 0.000601 0.001405 0.001449 -0.000071 0.000058 0.003465 
0.004935 0.005611 -0.000734 -0.005963 0.001974 0.003285 0.000923 -0.002296 
0.013486 -0.005999 -0.000107 -0.003262 0.002293 0.003182 0.000523 0.001303 
0.001887 0.002412 -0.005012 0.003558 -0.000851 0.001753 -0.001155 0.000821 
0.006572 -0.004425 0.001934 0.002198 0.000180 0.001931 -0.000486 -0.000547 
0.000638 0.001465 -0.002971 -0.002673 0.002488 0.000062 -0.001290 0.000954 
-0.002785 -0.002892 -0.004717 0.000972 -0.004047 0.001546 -0.000395 0.003516 
-0.004176 -0.003212 -0.002435 0.001310 0.005035 -0.002122 -0.004469 0.001107 
-0.006307 -0.006712 -0.001535 0.003261 -0.003875 -0.000105 0.001031 -0.001142 
-0.004360 -0.001778 -0.006407 -0.002543 0.007078 0.000260 -0.000005 0.000253 
-0.012283 -0.003821 0.000710 0.005951 -0.003286 0.000373 0.000524 0.000751 
-0.005367 -0.004163 -0.006419 0.000346 0.004147 -0.000252 0.000917 -0.001510 
-0.022195 -0.004900 -0.002818 0.007344 -0.003035 -0.001388 -0.002302 -0.004424 
-0.002528 -0.003233 -0.010208 -0.006993 0.004877 0.006372 -0.001967 -0.004431 
-0.029812 -0.004893 0.000312 0.005324 0.004431 -0.002541 -0.001008 -0.007543 
-0.010926 -0.023928 -0.009699 -0.010030 0.014540 0.019171 -0.010177 -0.002336 
-0.047780 -0.000030 0.003960 0.011300 0.013695 -0.006716 -0.006363 -0.005476 
-0.052774 -0.127400 -0.004250 -0.044266 0.078073 0.095212 -0.097120 -0.033143 
-0.244491 0.028659 0.041640 0.032208 0.086761 -0.092696 -0.060751 0.066074 
0.002080 0.012876 -0.003521 0.001243 -0.001249 -0.002025 -0.000511 0.000088 
0.044459 -0.007905 -0.001544 -0.000677 -0.002472 -0.001495 0.000483 -0.004742 
0.000618 0.002046 -0.002156 0.001291 0.001756 -0.001085 -0.000380 0.000206 
0.006434 -0.001444 -0.002929 0.001234 0.002673 0.000145 0.000125 -0.003899 
0.004317 -0.000441 0.001211 -0.001016 -0.000331 -0.000627 -0.001867 -0.000590 
-0.000273 -0.007225 -0.000216 0.001794 -0.002056 -0.002683 -0.003237 -0.002178 
-0.001303 0.001962 -0.005625 0.001483 0.002323 -0.001002 -0.000441 -0.002653 
-0.000814 -0.004815 -0.000495 -0.000676 0.000969 -0.000186 0.003260 0.000159 
0.003335 0.003480 -0.004828 -0.001458 0.003793 0.000942 -0.001522 0.003496 
-0.001921 -0.006571 -0.001611 -0.000974 -0.001064 0.001804 -0.004639 0.001539 
-0.001943 0.000668 -0.008148 -0.003148 0.003283 0.004236 0.000021 0.000767 
-0.002256 -0.003209 -0.001521 0.002559 0.001471 -0.001225 0.004430 -0.001629 
-0.002582 -0.002703 -0.005648 0.000383 0.004107 -0.000735 0.000079 -0.002027 
-0.006555 -0.006802 -0.002309 0.003795 0.002772 -0.000220 -0.001217 0.001794 
0.003934 -0.007901 -0.009198 -0.008817 0.006068 0.005249 -0.000073 0.002288 
-0.007154 -0.006579 0.001257 0.003911 0.003993 -0.000909 -0.004332 -0.002467 
0.001618 -0.014714 -0.013875 -0.014373 0.009239 0.025051 -0.010033 -0.008336 
-0.033884 -0.008546 0.005938 0.006339 0.018151 -0.005668 -0.008028 -0.002500 
-0.002872 -0.095029 -0.011827 -0.061107 0.041253 0.105047 -0.044489 -0.032822 
-0.188087 0.003615 0.008028 0.022880 0.101540 -0.046064 -0.073175 0.023494 
0.000884 0.010022 -0.004503 0.003810 0.001344 -0.001756 0.001964 0.000051 
0.023183 -0.003096 0.000297 0.001904 0.000287 0.000801 0.000584 -0.002619 
0.003876 -0.002235 0.000344 -0.002256 -0.003575 -0.001908 -0.001710 -0.002919 
0.000388 -0.004275 0.001648 0.001883 0.000532 -0.000116 -0.002117 0.000820 
0.000753 -0.001843 0.001804 -0.001254 -0.003267 0.001346 0.001717 -0.000945 
-0.002840 -0.007766 -0.002446 -0.002902 -0.001749 -0.002223 0.001057 0.000083 
0.002291 0.000654 0.002624 -0.001543 -0.000407 0.003941 -0.000810 -0.000403 
0.002265 -0.006626 0.001134 -0.007374 0.000272 -0.005248 -0.000097 -0.001671 
0.003556 0.002482 0.001946 -0.003376 -0.005605 0.000917 0.000789 -0.000064 
0.007513 -0.005711 0.004271 -0.002123 0.006700 0.001463 -0.000034 -0.003047 
0.005442 -0.000994 0.002582 -0.001092 -0.003418 0.003209 -0.002308 -0.002181 
0.013655 -0.008471 0.001379 -0.007284 0.003891 -0.005281 0.004928 -0.001804 
0.012577 -0.002104 0.000767 0.000136 -0.006785 0.002968 -0.006693 -0.002813 
0.013708 -0.007560 0.006445 -0.006619 -0.000552 0.000981 0.000390 -0.004829 
0.014392 -0.001833 -0.002814 -0.005939 0.000030 0.011411 -0.009457 -0.001895 
0.017424 -0.009413 0.005813 -0.011851 0.002094 0.001028 0.000454 0.001596 
0.005124 0.004154 -0.000945 -0.009346 0.002011 0.018105 -0.004663 -0.007640 
0.010359 -0.016967 0.008680 -0.011580 0.012588 -0.011466 -0.000996 -0.004009 
0.030387 -0.152937 -0.001301 0.002987 -0.001382 0.094366 -0.027917 -0.088247 
-0.202988 -0.003919 0.073115 -0.010739 0.054231 -0.012025 -0.093615 0.021491 
-0.002848 0.010550 -0.001607 0.002779 -0.004023 -0.000882 0.003343 -0.001804 
-0.014210 -0.003181 0.002440 0.000252 0.000884 0.006564 0.001536 0.001434 
0.000944 -0.002064 0.000320 0.002898 -0.002840 0.005426 0.005680 0.000325 
-0.020182 -0.006736 0.004054 -0.003099 -0.000510 0.005159 0.004331 -0.002437 
-0.002851 -0.004868 0.000596 0.006492 -0.002861 0.003467 0.002912 0.001841 
-0.001579 -0.007151 0.007732 -0.001403 -0.000110 0.006119 0.003637 -0.006986 
0.001131 -0.003020 -0.003537 0.003381 -0.006914 0.004029 0.006454 0.003036 
0.005515 -0.007687 0.009805 -0.000520 0.005059 0.005892 -0.000036 -0.003780 
0.006907 -0.005339 -0.001436 0.003811 -0.005195 0.005540 0.006591 0.001514 
0.022871 -0.008578 0.010049 -0.001920 0.007655 0.004132 0.003243 -0.002376 
0.005693 -0.004186 -0.003253 0.001004 -0.006076 0.005450 0.003784 0.004123 
0.034593 -0.008827 0.013973 -0.005584 0.013349 0.008648 0.003266 -0.009185 
0.003386 -0.003394 -0.008079 -0.000714 -0.011766 0.008520 0.003896 0.004338 
0.046932 -0.009134 0.016514 -0.000674 0.013810 0.015240 0.003196 -0.008557 
0.008074 -0.006267 -0.004618 0.002638 -0.011425 0.015251 0.000218 0.011097 
0.056618 -0.007552 0.026409 -0.006177 0.019756 0.009585 0.006776 0.000234 
0.003884 -0.015870 -0.003924 -0.002228 -0.010884 0.025752 -0.001254 0.004355 
0.054935 -0.005637 0.028343 -0.010036 0.028232 0.006880 0.001782 -0.003958 
-0.057158 -0.065096 0.022590 -0.007650 0.011204 0.065553 -0.054627 -0.004156 
-0.119339 0.038062 0.065669 -0.013711 0.058633 -0.024449 -0.042351 0.040689 
-0.000749 0.017656 0.010054 0.003374 -0.005278 0.006669 0.024519 -0.000002 
-0.009178 -0.049631 0.012330 -0.011461 0.012879 0.010851 -0.005018 -0.013671 
0.013660 0.014307 0.009336 0.006975 0.001603 -0.000859 0.029181 0.010449 
0.012334 -0.048679 0.015038 -0.013814 0.018072 0.016480 0.000319 -0.020386 
0.007873 0.014904 0.012351 -0.000580 -0.002888 -0.001599 0.028325 0.016475 
0.034483 -0.047936 0.022604 -0.007836 0.017583 0.019711 0.001557 -0.021579 
0.006892 0.007683 0.018681 -0.003501 -0.002819 -0.002247 0.035500 0.013578 
0.050879 -0.047730 0.024195 -0.011100 0.025711 0.026851 0.002761 -0.017102 
0.018667 0.009956 0.014863 -0.009362 0.004248 -0.002464 0.034650 0.022543 
0.063347 -0.049297 0.024592 -0.009711 0.017853 0.033127 0.003694 -0.015268 
0.022346 0.009236 0.006459 -0.008025 0.009303 -0.009702 0.029204 0.022139 
0.078791 -0.046227 0.030225 -0.008093 0.032908 0.033825 0.004895 -0.019030 
0.014968 0.006560 0.014101 -0.003848 0.005407 -0.004671 0.037794 0.023096 
0.085521 -0.051970 0.039562 -0.009106 0.029540 0.032964 0.011164 -0.020289 
0.028604 0.000885 0.017176 -0.014783 -0.000577 0.000217 0.031590 0.012240 
0.111418 -0.053863 0.051186 -0.005071 0.041746 0.039414 0.014429 -0.020037 
0.001077 0.020368 0.029274 -0.022744 0.011514 0.000506 0.038915 0.022168 
0.117404 -0.061327 0.047208 0.000366 0.037976 0.052293 -0.002568 -0.021574 
0.021661 -0.021054 0.019849 0.022847 0.004708 -0.001141 0.037595 0.015409 
0.132664 -0.049472 0.042499 -0.014576 0.039633 0.055049 0.013851 -0.004180 
-0.021887 0.000952 0.000966 0.001558 0.000973 0.000774 -0.000972 0.001503 
0.008340 -0.001424 0.001933 0.002854 0.000154 0.005107 0.003102 -0.001461 
-0.033429 0.000558 0.001337 -0.002275 -0.001968 -0.000265 -0.000567 0.002773 
0.010592 -0.002400 -0.000247 -0.002881 0.001123 0.001328 -0.003040 0.000369 
-0.012408 -0.000468 0.003033 0.001013 0.003979 -0.001619 -0.001168 0.002863 
0.006497 -0.000550 0.001965 -0.001849 -0.002920 0.001774 -0.000084 -0.000398 
0.006460 -0.002259 0.002179 0.001616 0.001823 -0.000941 -0.001577 -0.001347 
-0.005960 0.002114 0.003593 -0.001777 0.000076 0.000346 0.002359 0.002716 
0.020113 0.000539 -0.000826 0.000473 -0.000947 -0.002311 0.000817 -0.002337 
-0.005645 -0.000287 0.001569 -0.004021 -0.000778 -0.002918 -0.000405 0.001639 
0.036659 0.003009 -0.000994 0.001016 -0.000339 -0.000607 -0.001582 -0.002346 
-0.008601 -0.001615 0.001621 0.000269 0.004669 -0.002233 -0.003257 0.000427 
0.045645 0.002810 -0.002493 0.001806 -0.001594 0.000266 -0.000372 -0.002141 
-0.013159 0.002707 0.002137 -0.000499 0.003850 -0.001415 -0.000509 -0.002955 
0.044849 0.004428 0.001435 0.000146 0.001876 -0.001588 -0.001008 -0.000961 
-0.012812 0.001130 -0.004466 0.000557 -0.001881 -0.000458 -0.001394 0.000087 
0.034689 -0.007283 -0.000744 -0.000933 0.000144 -0.000252 0.000751 -0.001773 
-0.023246 -0.003476 -0.000919 -0.001304 -0.001350 -0.001184 0.001063 -0.002598 
0.040135 -0.020100 -0.000943 0.001816 -0.001131 -0.000770 0.000162 0.002392 
-0.067419 -0.006762 0.003219 0.002385 -0.002309 0.002113 0.001988 -0.000358 
-0.012923 -0.000916 -0.001965 -0.000748 -0.001050 0.005790 0.000958 0.001842 
-0.011586 0.002932 -0.000176 0.002098 0.001620 -0.003389 -0.004494 0.001024 
-0.009487 -0.000845 0.001549 0.000584 0.000068 -0.004022 0.003007 -0.002087 
-0.005967 0.002078 0.000665 0.002447 0.000107 -0.000085 -0.000970 0.002358 
-0.002932 0.000226 0.002959 0.000895 0.001934 -0.000589 0.002580 0.000924 
-0.003911 0.002826 -0.004493 -0.000072 0.002513 0.003418 0.004891 0.002613 
-0.000370 0.002066 0.003940 -0.004102 0.003460 0.000919 0.003931 0.003817 
0.002320 0.005616 -0.002522 0.002134 -0.003085 -0.000933 -0.002857 0.002891 
0.004814 0.004408 0.002844 -0.002661 0.003261 0.003887 0.003304 0.001267 
0.002061 0.003335 -0.001121 0.001949 0.001361 -0.000851 -0.000021 -0.000886 
0.006589 0.003388 0.003734 -0.003393 0.004264 0.003882 0.005214 0.001333 
0.001682 0.007382 -0.000928 -0.002933 0.004663 -0.002890 0.001582 0.003395 
0.014328 0.004521 0.002078 -0.000982 0.001983 0.005232 0.008025 -0.003334 
0.002577 0.000270 0.002737 -0.000120 0.000010 0.002366 0.001896 0.001513 
0.012586 0.008325 0.003817 -0.001755 0.001287 0.006332 0.011552 -0.001966 
0.003766 0.003027 0.001349 0.003529 0.004739 0.004113 0.000370 0.006202 
0.020376 0.002871 0.003215 -0.005408 0.007364 0.008676 0.013114 -0.001945 
0.012151 0.003734 -0.002401 -0.000849 0.001796 0.002746 -0.005046 0.007742 
0.013979 0.005558 0.002761 -0.019352 0.022086 0.015707 0.014818 0.009726 
0.070219 0.001799 -0.004880 0.006458 0.011643 0.019662 0.010039 0.011464 
-0.025929 0.000796 -0.001057 0.003092 -0.000564 0.002528 -0.002920 0.001651 
0.005060 -0.000542 0.003476 0.001005 -0.000112 0.004438 0.002797 -0.000458 
-0.035466 -0.000144 0.001785 -0.002647 -0.001822 -0.001766 -0.004050 0.003560 
0.008681 -0.001905 -0.002374 -0.004741 0.003600 0.001016 0.000025 0.000437 
-0.013471 -0.000870 0.002447 -0.001100 0.002470 0.000470 0.001259 0.000943 
0.005914 0.000007 0.001521 -0.002578 -0.003504 0.000416 0.000300 0.001084 
0.006022 -0.002398 -0.000677 -0.001363 0.003888 0.000119 -0.000981 -0.000466 
-0.005989 0.001760 0.003392 -0.000488 0.000036 0.000073 0.001888 0.001785 
0.021159 0.000560 -0.000685 0.002108 -0.000883 -0.002239 0.002197 0.000297 
-0.004674 0.000315 0.003118 -0.003773 -0.001636 -0.003583 -0.001117 0.000635 
0.038323 0.002137 -0.000287 -0.000873 -0.002447 0.000077 -0.001348 -0.000167 
-0.007772 -0.000951 0.000941 0.000123 0.004158 -0.001282 -0.002734 0.000513 
0.048469 0.002758 -0.001553 -0.000231 -0.000487 0.001454 -0.001163 -0.004047 
-0.012079 0.003266 0.001704 -0.000228 0.004411 -0.000392 -0.000782 -0.000895 
0.047479 0.005312 0.001713 -0.001356 0.001325 -0.002755 -0.000313 0.000422 
-0.011555 0.001759 -0.003616 0.001312 -0.002116 -0.000354 -0.001009 -0.000712 
0.038942 -0.007781 -0.000352 0.000096 -0.000656 0.000735 0.002184 -0.001857 
-0.020258 -0.003524 -0.001963 -0.001060 -0.001561 -0.001192 0.000750 -0.000915 
0.045063 -0.005335 0.000813 0.002055 -0.000630 -0.001204 -0.000814 0.001855 
-0.055842 -0.006369 0.001072 0.002439 -0.001053 0.002156 0.002137 -0.001336 
-0.019578 -0.001758 -0.001129 0.002053 0.000209 0.000237 0.000504 -0.000953 
-0.041041 -0.006065 0.001040 0.000117 0.000276 0.000715 0.000461 -0.001204 
-0.014948 0.004132 -0.001010 -0.001137 0.001433 0.001045 -0.002131 0.000979 
-0.030678 -0.005888 -0.001748 -0.002755 0.001356 -0.000487 -0.001958 -0.001555 
-0.008224 0.002580 0.003000 -0.001383 0.002373 -0.001213 -0.003044 0.000047 
-0.015861 -0.009432 0.000511 0.000365 -0.000545 0.001217 0.000132 -0.000642 
0.000127 -0.000886 -0.002283 -0.002841 -0.000396 -0.002949 0.003687 0.000307 
0.000732 -0.005963 0.001149 0.000521 0.000502 -0.000106 -0.002152 -0.000116 
0.002531 -0.005913 -0.002450 -0.003226 -0.000266 -0.001516 -0.000570 -0.001836 
0.009225 -0.003352 0.002272 0.000562 0.001165 -0.006275 -0.001687 -0.001509 
0.003184 -0.003839 -0.000478 -0.000475 0.004037 -0.002447 0.000475 -0.002519 
0.025170 -0.006939 0.001676 0.000289 -0.000634 -0.011525 -0.005121 0.000413 
0.009005 -0.003107 -0.002820 0.000204 0.006346 -0.011489 0.004363 -0.004301 
0.031212 -0.002857 -0.001142 -0.004477 -0.000480 -0.020568 -0.001780 0.001782 
0.006727 -0.005937 -0.003292 -0.006443 0.006581 -0.015722 0.006682 0.000246 
0.028419 -0.008015 0.003330 -0.003542 0.001723 -0.035081 -0.007248 0.002188 
0.002444 -0.001985 -0.001511 -0.004673 0.007105 -0.030446 0.006125 -0.000205 
0.030078 -0.002078 0.000183 0.000152 -0.000570 -0.044911 -0.005734 -0.000752 
-0.007048 0.006635 0.005969 0.000356 0.013315 -0.035537 0.018868 0.000180 
0.048743 -0.015591 0.002151 0.002337 -0.011694 -0.050206 -0.016165 0.010076 
-0.043501 0.004295 0.001716 0.004295 0.000027 -0.000627 -0.004106 0.000332 
-0.052229 -0.002697 -0.003795 0.000505 -0.000068 -0.001914 -0.001182 -0.001061 
-0.026582 0.000266 -0.000464 0.005705 0.000365 -0.000550 0.002654 0.000671 
-0.033620 -0.003943 0.003685 0.001762 0.002008 0.000228 0.003996 0.001129 
-0.011734 0.001379 -0.001248 0.001127 -0.001004 0.001707 0.000807 -0.001174 
-0.017736 -0.006178 0.001646 -0.003407 0.001719 0.001150 -0.000637 0.000019 
-0.001151 0.001233 -0.000201 0.001245 0.000840 0.000173 -0.003946 0.001532 
-0.001271 -0.007946 -0.000678 -0.000379 -0.003280 0.000270 0.001250 0.003448 
0.007193 -0.003152 0.000994 -0.001721 0.000085 0.000462 -0.000229 -0.001212 
0.015155 -0.006712 0.001512 -0.001473 -0.002303 0.000178 -0.003149 0.001510 
0.015151 -0.006719 0.001061 0.000596 -0.000059 -0.000052 0.000487 -0.001157 
0.022682 -0.005802 -0.000102 0.001988 0.001311 0.001155 0.002146 -0.002913 
0.030561 -0.004922 -0.002244 -0.000106 -0.000295 -0.002610 -0.001612 0.003427 
0.038965 -0.005050 -0.001229 0.002098 -0.000852 -0.000765 0.001046 0.000612 
0.031465 -0.002004 -0.002251 0.000463 0.000587 0.003784 -0.000594 0.000584 
0.041777 -0.002777 -0.000967 -0.002298 -0.000845 -0.003388 -0.000948 -0.000094 
0.026542 -0.007805 0.001188 -0.002893 0.003026 -0.001944 0.002549 0.002476 
0.020033 -0.000694 -0.001122 -0.003744 -0.002328 -0.008316 -0.003864 0.000903 
0.083990 0.003529 0.033881 -0.018715 -0.003201 0.016255 -0.011279 0.003663 
0.023479 0.009671 0.002783 -0.004080 0.014251 -0.017746 -0.014091 0.006310 
0.115340 0.020250 0.003715 -0.001601 0.000647 0.001522 -0.003760 0.000229 
-0.004456 0.002824 0.001748 -0.000502 -0.001690 -0.000709 0.001398 0.001216 
0.039282 0.004119 -0.001695 -0.002594 -0.000538 0.003645 -0.002831 -0.001330 
-0.009696 0.001648 -0.000406 0.004052 -0.000565 0.000700 -0.000196 0.002170 
0.018291 -0.000417 -0.003000 0.000850 -0.000817 0.002106 -0.001084 0.000762 
-0.003156 0.001766 -0.004121 -0.001068 -0.000616 -0.000556 -0.001250 -0.001877 
-0.002670 -0.001276 -0.002309 -0.001780 0.001106 -0.000073 -0.001446 0.000208 
-0.004468 0.002978 -0.002322 -0.001892 0.000490 0.000526 0.000360 -0.000820 
-0.017110 0.004025 0.003124 -0.000305 0.001450 0.002159 0.001649 -0.004271 
-0.002047 0.002511 -0.000069 0.001899 0.000200 0.001827 -0.002358 0.000239 
-0.033292 0.002632 0.000623 -0.002899 0.002683 -0.000881 -0.000320 0.000311 
0.004764 0.002382 -0.001636 -0.003316 -0.000269 0.001820 0.000991 0.000350 
-0.050025 0.000496 0.001405 -0.000891 0.002254 -0.000167 -0.003601 0.002498 
0.007403 0.007058 -0.004035 -0.002965 0.002751 -0.000598 -0.000501 -0.002319 
-0.061833 -0.003184 0.002714 -0.000935 0.000715 -0.001501 0.001340 -0.000289 
0.004630 0.005209 -0.000433 -0.002129 -0.000975 -0.001464 -0.000760 0.001952 
-0.079412 0.006325 0.006172 -0.005842 0.004599 -0.001785 0.000134 0.000450 
-0.001497 0.007017 -0.002691 -0.001318 0.007541 -0.003633 0.002971 0.000662 
-0.259073 0.006065 0.094676 -0.077790 0.032427 -0.007313 -0.006619 0.020949 
0.058994 0.007394 -0.040680 0.034748 0.007802 -0.050448 0.055773 -0.039831 
0.125333 0.026000 0.001101 -0.001775 -0.000760 -0.000969 -0.000725 0.002097 
-0.045532 -0.002584 -0.003057 -0.003399 -0.003614 0.003451 -0.002177 -0.001926 
0.042077 0.003017 -0.000294 -0.001499 -0.000454 0.002840 -0.001561 -0.001215 
-0.028021 -0.000613 -0.000060 -0.001144 0.000447 0.001618 -0.003192 -0.001989 
0.019231 -0.000647 -0.002591 -0.003186 -0.000932 0.003604 -0.003053 0.000184 
-0.014322 0.001246 0.000232 0.001737 0.001161 -0.000360 -0.000286 -0.002397 
-0.003141 0.003140 0.002529 -0.001022 0.003040 -0.001761 0.000017 0.002084 
-0.003119 0.005947 -0.000918 -0.002299 0.001146 -0.001629 -0.000971 -0.002890 
-0.020690 -0.003290 0.001070 -0.001345 -0.000783 0.003734 0.001541 0.000932 
0.010512 0.005997 -0.001946 0.001073 0.001457 -0.001885 0.001931 -0.001085 
-0.038791 0.000270 0.001165 0.003748 0.001961 -0.001482 -0.000903 -0.000162 
0.015736 0.003071 0.001419 0.000810 -0.000855 -0.005237 0.001405 0.001269 
-0.056785 0.000194 0.003745 0.001550 0.000065 -0.002115 0.001947 -0.000368 
0.031090 0.002482 0.000719 0.000359 0.003423 -0.004470 0.002260 -0.004234 
-0.068636 -0.001306 -0.000682 -0.002409 -0.000366 -0.001063 0.000465 -0.003333 
0.032037 0.000826 0.003180 -0.003018 -0.002775 0.000013 0.001324 0.000645 
-0.103119 0.005199 0.005881 -0.007820 0.004800 -0.005087 -0.000907 0.004604 
0.034697 -0.004788 0.002346 0.001752 0.002521 -0.004876 0.003700 0.001383 
-0.269171 -0.017550 0.104909 -0.077893 0.020295 -0.000333 -0.008697 0.016795 
0.061782 -0.005390 -0.041219 0.039613 0.004056 -0.050687 0.064053 -0.045054 
0.072096 0.016420 0.003775 0.001919 -0.001317 -0.002664 -0.002882 0.002511 
-0.031809 -0.003169 -0.001700 0.001357 0.002532 0.001754 -0.004290 -0.000502 
0.026930 0.000278 -0.001258 0.001020 0.001914 -0.000126 -0.000827 -0.001468 
-0.017514 0.000914 -0.000711 0.001853 0.004705 -0.001400 -0.001243 -0.002241 
0.011683 0.002443 0.001774 -0.000634 -0.001806 0.002197 -0.000678 0.002091 
-0.008383 0.005589 0.001514 -0.001730 0.001230 0.000001 -0.000324 0.001544 
0.000674 -0.001037 -0.000193 -0.003066 -0.001961 0.000335 -0.000873 0.001130 
-0.001882 0.000285 0.001159 0.000243 0.000130 0.001420 0.000551 -0.004079 
-0.006992 -0.003357 -0.000607 0.000608 -0.000628 0.004414 -0.002808 0.001290 
0.006730 0.002914 -0.001750 -0.001614 -0.000850 -0.001785 -0.000814 -0.003044 
-0.019561 0.000155 -0.000539 -0.003429 0.000747 -0.002229 0.000370 -0.000410 
0.008235 -0.000031 0.000636 -0.003791 -0.003293 -0.000868 0.001701 0.001429 
-0.030858 -0.000186 0.001066 -0.001556 -0.000813 -0.002277 0.000954 0.000403 
0.012325 -0.001248 0.003537 -0.000093 0.000734 -0.001981 -0.001308 -0.001523 
-0.033239 -0.006053 0.001500 0.000127 0.000927 -0.000137 0.001687 0.003576 
0.018864 -0.004534 0.003246 0.001372 -0.000297 -0.002560 0.002253 -0.000386 
-0.042589 -0.024085 0.016021 -0.005423 -0.000315 -0.002225 -0.000724 0.006333 
0.030393 -0.006385 -0.003070 0.000283 0.003052 -0.004682 0.003805 0.001738 
-0.217413 -0.015234 0.092576 -0.058917 0.000767 0.014336 -0.016221 0.028017 
-0.010025 0.008772 -0.031940 0.030409 -0.001080 -0.038512 0.047376 -0.032559 
0.129792 0.008793 0.003265 0.001319 -0.001452 -0.003358 -0.000556 -0.002650 
-0.079972 -0.015902 -0.003013 -0.000761 -0.000047 -0.001921 -0.001950 0.001288 
0.028484 -0.001229 -0.003466 0.000357 -0.000593 -0.000980 -0.000785 0.000131 
-0.048726 -0.005103 0.001700 0.000975 0.001087 0.002585 0.000405 -0.001261 
0.013116 0.000254 0.001677 0.001379 0.001719 0.000729 -0.000296 -0.000802 
-0.023171 -0.000939 -0.000532 0.002301 -0.002993 0.001948 0.001942 -0.001117 
-0.001894 0.001547 0.000754 -0.000818 -0.003000 0.006197 0.001787 0.004478 
-0.004170 -0.000676 0.000436 0.003060 -0.004163 0.002844 0.000858 0.001618 
-0.012908 0.001473 0.000444 0.002538 0.001085 -0.000275 0.000231 0.004072 
0.017594 -0.002439 0.001104 -0.003070 0.000642 0.000504 -0.003465 0.004486 
-0.027892 -0.000842 -0.000027 -0.001552 0.000571 0.003116 0.001327 -0.000172 
0.031191 -0.003457 -0.000577 -0.001024 -0.000968 -0.002512 0.000668 0.001938 
-0.039175 -0.000164 0.000943 0.000843 -0.001441 0.000706 -0.001337 -0.002647 
0.053843 -0.003847 0.000639 -0.001464 -0.000776 0.001692 -0.003610 0.001187 
-0.052727 0.001152 0.005002 0.002620 -0.000305 -0.001258 -0.001850 -0.003710 
0.054301 -0.001485 -0.001583 -0.002295 -0.000518 -0.001564 -0.003590 0.000927 
-0.084256 -0.000460 0.003735 -0.001072 0.000672 0.001784 -0.000295 -0.001215 
0.045549 -0.002425 -0.000798 0.001672 -0.000726 -0.000046 0.000383 0.000570 
-0.295981 0.034290 0.057500 -0.051105 0.015461 -0.002505 0.006149 -0.004547 
0.108338 -0.029843 -0.024788 0.027942 0.005348 -0.038495 0.045308 -0.027792 
0.040707 0.008778 0.005159 0.002611 0.002101 0.005408 -0.002693 0.002613 
0.015134 0.001597 0.002972 0.002689 0.000547 0.000751 -0.002106 0.001140 
0.008917 0.000551 -0.004625 -0.002586 -0.002636 0.000769 0.000283 -0.001133 
0.001445 -0.001469 0.001931 -0.001477 -0.002171 0.002925 -0.002846 -0.000924 
0.005269 -0.000098 -0.001534 -0.000568 0.000883 -0.000418 0.002559 0.000248 
0.002702 -0.000961 -0.002142 0.001814 -0.000418 -0.000710 0.002007 -0.000919 
0.002271 -0.002603 -0.000143 -0.001296 0.002172 -0.000306 -0.000536 0.004254 
-0.002880 -0.000476 -0.001875 -0.000008 0.002465 -0.000403 -0.000506 0.002189 
-0.004408 -0.001187 -0.001482 -0.001155 -0.000476 -0.002891 -0.000612 0.000036 
-0.005383 0.001672 0.000906 -0.004066 0.000116 0.002640 -0.000868 -0.000318 
-0.013945 0.000313 0.002312 0.000691 -0.003344 0.002259 -0.004131 -0.002562 
-0.004091 0.001530 0.000841 -0.002403 0.001089 -0.002024 -0.001663 -0.004866 
-0.016989 -0.002688 0.002612 0.000644 -0.001371 -0.001011 -0.001301 -0.002680 
-0.005115 0.005921 -0.001814 -0.003618 0.005273 -0.006516 0.001744 -0.001429 
-0.015277 -0.005662 0.007254 -0.009645 -0.005383 0.003655 -0.005996 0.002505 
-0.010604 0.007885 -0.001670 -0.005035 0.010386 -0.013348 0.005798 0.002609 
-0.044875 -0.019316 0.029915 -0.021658 0.001193 0.001601 -0.006522 0.006459 
-0.002169 0.013734 -0.003361 -0.007340 0.012644 -0.015030 0.009082 0.001368 
-0.192474 -0.006875 0.127742 -0.117368 0.038890 0.014574 -0.041825 0.047261 
-0.030897 0.055056 -0.042983 0.007796 0.037939 -0.060015 0.048792 -0.017612 
0.056785 0.015352 0.002606 -0.001377 -0.000282 0.001278 -0.000371 0.002893 
0.012699 0.006161 0.000470 0.000058 0.003244 -0.001320 0.001786 0.000755 
0.013058 0.005302 0.001252 0.001246 0.001115 -0.000475 -0.002298 0.001075 
-0.000432 0.004765 0.003128 0.000233 -0.000937 -0.000737 0.003798 -0.002146 
0.007844 -0.002779 0.001158 0.003385 0.001124 0.003159 -0.000284 -0.001512 
-0.000007 0.004056 0.001578 0.001397 0.002431 -0.002910 0.000792 0.000282 
-0.002294 0.000609 0.000538 -0.001386 0.001788 -0.000981 -0.001186 0.000540 
-0.005953 0.003046 -0.000488 -0.000697 0.004835 -0.001723 -0.002092 0.001406 
-0.004782 0.003555 0.001421 -0.001631 -0.000387 0.002423 0.002467 0.001767 
-0.006556 0.002585 0.001303 -0.002883 0.003544 -0.000677 0.002548 0.001637 
-0.011210 -0.002488 -0.002168 -0.002661 0.000913 -0.000509 -0.000408 0.004664 
0.000258 0.005654 -0.000868 -0.000403 0.004192 -0.004679 -0.001429 -0.001785 
-0.017749 -0.007325 0.002420 -0.003556 0.003516 -0.002370 0.000223 0.002267 
-0.001349 0.010343 0.000127 -0.001066 0.006342 -0.006901 0.001513 0.003123 
-0.035137 -0.006235 0.011190 -0.008323 0.003122 -0.002626 -0.002935 -0.000506 
-0.007729 0.007454 -0.000854 -0.006315 0.011192 -0.011929 0.007703 -0.004501 
-0.044243 -0.009359 0.034351 -0.018210 0.006671 -0.004523 -0.011067 0.003599 
-0.018864 0.018942 -0.010488 -0.000964 0.020730 -0.021960 0.012938 0.000518 
-0.164370 -0.001570 0.132695 -0.087399 0.047642 -0.020211 -0.016363 0.038275 
-0.003619 0.069448 -0.075877 0.033989 0.028442 -0.069654 0.064701 -0.041313 
0.064071 0.014309 0.000370 0.000084 0.003164 0.000019 -0.001920 0.002439 
-0.013192 0.000619 0.001456 -0.001532 -0.001653 -0.005607 -0.000948 -0.003570 
0.019015 0.001815 0.001377 -0.000048 0.001809 0.000378 0.000372 0.000919 
-0.006853 0.004482 0.000579 -0.002221 0.000389 0.000215 0.001562 0.000484 
0.008574 0.001412 0.002383 0.000666 0.002025 0.001744 -0.000011 -0.001842 
-0.007984 0.007981 -0.000429 0.002628 0.000150 0.000296 0.002606 0.001756 
-0.001444 0.002124 -0.001454 0.004055 -0.000687 -0.001067 -0.001995 0.000907 
0.000483 0.004376 0.000690 -0.000305 0.000500 -0.003584 0.002473 -0.000836 
-0.012747 0.001317 0.000531 0.002816 0.001873 -0.000580 -0.000036 -0.000352 
0.003196 0.001790 -0.000144 0.000548 0.002034 -0.005264 0.003895 -0.000029 
-0.016886 0.001226 0.001133 -0.003452 0.001512 -0.003034 -0.002427 0.003267 
0.005566 0.003657 0.001654 -0.001757 0.001745 -0.001159 -0.000061 -0.001770 
-0.027591 -0.001519 0.004165 -0.004888 0.001923 -0.002195 -0.003840 0.001328 
0.007253 0.004791 -0.002482 -0.006573 0.002731 -0.006995 -0.001268 0.002157 
-0.039724 -0.007829 0.007841 -0.005152 0.008551 -0.008454 -0.003907 0.004408 
0.007408 0.006917 -0.003923 -0.001871 0.003735 -0.009813 0.002735 -0.001004 
-0.055603 -0.022987 0.027924 -0.020582 0.002863 -0.000057 -0.009189 0.009063 
-0.017037 0.013588 -0.008833 -0.002979 0.013359 -0.016419 0.007102 -0.001314 
-0.196168 0.049814 0.106619 -0.082142 0.056874 -0.036521 -0.001368 0.025924 
0.044614 0.015812 -0.051996 0.048328 -0.012983 -0.030913 0.044665 -0.048157 
0.064182 0.016716 -0.003915 -0.002794 -0.000995 -0.000205 0.000313 -0.001631 
-0.013342 0.003486 -0.001267 -0.001495 0.000066 0.000507 -0.003749 -0.001050 
0.022111 0.003121 -0.001906 -0.000762 -0.002785 -0.001720 -0.001271 0.002405 
-0.008055 0.004137 0.000591 -0.003994 -0.000184 0.000141 0.000748 0.000624 
0.009955 -0.001309 -0.002652 -0.001760 -0.002020 -0.001530 -0.000598 -0.001780 
-0.002542 0.003037 -0.000136 0.000835 -0.000526 0.000708 0.004992 -0.001944 
-0.000952 -0.000193 0.003462 -0.001951 -0.000541 -0.001234 0.000028 -0.003325 
-0.002822 0.007990 -0.000179 -0.000610 0.002596 -0.002381 0.001712 0.003892 
-0.012878 0.000598 0.001250 -0.001110 -0.000428 -0.002186 -0.000026 -0.000356 
0.005218 0.003486 -0.000715 -0.000368 0.002096 0.000258 -0.002468 0.004384 
-0.017420 0.003652 0.003573 -0.002188 0.003301 -0.005561 0.002288 0.002058 
0.006252 0.005249 0.002221 -0.004289 0.005779 -0.005784 -0.002159 -0.000392 
-0.030302 -0.001118 0.005612 -0.000687 0.004976 -0.002539 0.000212 0.001352 
0.008990 0.001399 -0.004324 -0.002602 0.003786 -0.008899 0.001410 0.003509 
-0.033541 -0.003904 0.006646 -0.007374 0.006603 -0.007456 -0.004761 0.005333 
0.010211 0.006586 -0.001876 -0.001509 0.005019 -0.011539 0.002496 0.003289 
-0.050886 0.000082 0.025301 -0.014761 0.008149 -0.001198 -0.008696 0.007663 
0.013658 0.015308 -0.007094 0.005512 0.006884 -0.017328 0.006181 -0.004343 
-0.196761 -0.056728 0.145726 -0.086963 0.020427 0.003302 -0.036561 0.041331 
0.019364 0.023239 -0.051266 0.036363 0.016373 -0.055838 0.051629 -0.029178 
0.066063 0.015068 -0.001981 -0.000389 0.000757 0.000893 -0.002319 0.000086 
-0.009706 0.005555 0.001178 0.002545 0.000749 0.002317 0.001804 -0.000276 
0.022654 0.003323 0.001056 -0.001385 0.003240 -0.002303 -0.001273 0.004105 
-0.009012 0.003302 0.001919 -0.001191 -0.001294 -0.002420 -0.002760 -0.001268 
0.010165 -0.002087 -0.000437 0.002582 0.000658 0.001945 -0.002164 -0.001020 
-0.002130 0.006867 0.001057 0.001303 0.000161 0.001426 -0.000705 -0.000069 
-0.002766 -0.001755 -0.002818 0.002381 0.003630 0.001895 -0.000679 0.002163 
-0.003964 0.005255 0.000297 -0.001076 0.001067 0.001836 0.003851 0.000118 
-0.010429 0.002076 0.000389 0.001881 0.001665 -0.001456 0.003144 -0.005171 
-0.001416 0.003006 -0.000889 0.000346 0.005741 -0.003730 0.000148 0.001624 
-0.019646 0.003537 -0.003320 -0.000067 0.004652 -0.003087 -0.002175 0.000606 
0.005414 0.004095 0.000243 0.001642 0.004620 -0.004168 -0.001815 0.001054 
-0.031318 -0.002409 0.001260 0.002343 0.005469 0.001962 -0.002842 0.002101 
0.003807 0.004687 0.000200 -0.002941 0.005605 -0.006369 0.003726 0.002846 
-0.038714 -0.001884 0.006537 -0.002838 0.007280 -0.002475 -0.005465 0.007433 
-0.000440 -0.000246 0.000889 -0.000824 0.006003 -0.010465 0.008036 -0.000716 
-0.048695 -0.021683 0.024622 -0.015411 0.006664 -0.002416 -0.006403 0.009363 
-0.003053 0.011756 -0.011210 0.003709 0.003550 -0.019618 0.004601 0.001052 
-0.163396 -0.053417 0.135935 -0.069964 0.016458 0.009058 -0.031424 0.036869 
0.029812 0.027777 -0.054774 0.032764 0.015189 -0.064332 0.045853 -0.023380 
0.069550 0.012450 0.002112 0.000584 -0.001830 0.002097 -0.000410 0.000592 
-0.021163 0.004136 -0.000482 0.002892 0.002689 -0.000358 0.000100 0.003396 
0.021939 0.003075 0.001769 -0.001436 -0.000942 0.003548 -0.000281 -0.000457 
-0.018407 0.006368 -0.002883 0.001211 -0.001290 -0.000276 0.002264 0.000837 
0.009193 -0.003672 -0.001926 0.002399 0.000117 -0.001352 -0.001034 -0.001985 
-0.007268 0.003955 -0.001597 -0.003501 0.001212 -0.001307 -0.002964 -0.003608 
-0.003361 -0.001436 0.002908 -0.000170 0.001334 -0.002301 0.001685 0.000333 
-0.003451 0.005286 -0.000259 -0.001502 -0.000830 -0.002630 0.000038 0.000443 
-0.011473 -0.002292 -0.001445 0.000032 0.003397 0.000745 0.000767 -0.000602 
0.004477 0.000617 0.002473 -0.002076 0.002257 -0.001665 -0.000960 -0.001983 
-0.023388 -0.001707 -0.003247 -0.004255 -0.000306 -0.004394 -0.002202 -0.000568 
0.005864 0.000813 0.001320 0.001592 -0.000746 -0.003151 0.000254 0.000766 
-0.032868 -0.002547 0.003853 -0.001164 0.004159 -0.001093 -0.003286 0.001516 
0.019204 -0.002252 -0.000652 -0.000846 0.004564 -0.004792 -0.001931 -0.000374 
-0.044794 -0.001070 0.007195 -0.005122 0.007187 -0.003085 -0.002607 0.001083 
0.006798 0.001483 0.000423 0.001516 0.004856 -0.010643 0.002213 0.000386 
-0.059365 0.001689 0.017564 -0.015306 0.008376 -0.004556 -0.001389 0.009863 
0.021476 0.001595 -0.005419 0.003769 0.004826 -0.013819 0.009332 -0.004048 
-0.199287 -0.031853 0.130398 -0.091564 0.029579 -0.003844 -0.022815 0.037212 
0.037308 0.016178 -0.054738 0.047004 -0.003193 -0.056925 0.059333 -0.041939 
0.065779 0.019196 -0.000467 0.003965 0.000680 0.000060 0.004319 -0.001678 
-0.021433 -0.000014 -0.003234 0.003353 0.002712 -0.000061 0.001270 0.002109 
0.017804 0.004200 0.000388 0.000555 -0.002104 0.000302 -0.001064 0.001184 
-0.013745 0.001156 -0.000639 0.001656 0.002414 0.001896 -0.000224 -0.000249 
0.004351 -0.003055 0.001554 -0.001317 0.001948 0.002481 -0.000477 -0.000894 
-0.006576 0.003696 -0.000120 -0.000438 -0.002802 -0.002114 0.000058 0.001421 
-0.000392 0.000662 -0.001109 -0.000298 -0.000560 0.000811 -0.001811 -0.005082 
-0.000275 0.008137 -0.001208 -0.002615 -0.000006 0.000365 0.001704 0.001416 
-0.007928 0.001610 -0.000317 -0.001930 0.002815 -0.000687 0.001346 -0.001277 
0.005151 0.002200 0.001542 -0.001689 0.000871 -0.002741 -0.001683 0.003322 
-0.017261 0.001122 0.002956 -0.004332 0.006879 -0.005621 -0.000728 0.004755 
0.007941 0.003048 0.002414 -0.003267 -0.001877 0.001122 -0.001327 0.001125 
-0.026487 -0.001230 0.004402 -0.002229 0.006254 -0.005023 0.000423 0.003265 
0.012769 -0.000106 0.001270 -0.003629 0.002717 -0.005585 0.006140 -0.000985 
-0.036311 -0.005353 0.012444 -0.009298 0.007938 0.000141 0.001985 0.005317 
0.012085 0.001601 -0.001206 -0.002975 -0.000786 -0.004577 0.003634 0.001554 
-0.054826 -0.007193 0.022981 -0.018217 0.006269 -0.003068 -0.003357 0.005090 
0.004033 0.010095 -0.007879 -0.000592 0.006357 -0.014425 0.006429 -0.004066 
-0.185051 -0.029957 0.131174 -0.090156 0.024142 0.009756 -0.039984 0.042589 
0.003315 0.024629 -0.042046 0.027010 0.014612 -0.054589 0.050236 -0.028197 
0.061924 0.014367 -0.000044 0.002307 0.001024 0.001167 -0.001812 -0.005661 
-0.024133 0.003574 -0.000130 -0.000724 -0.000586 -0.000043 0.000356 -0.003225 
0.016560 0.002353 -0.002924 -0.003016 -0.000274 0.004205 -0.001522 -0.002559 
-0.011537 0.004436 0.000203 0.000133 -0.000921 0.000521 0.003060 0.000215 
0.010722 0.001963 0.001348 -0.001976 0.000415 0.000405 -0.001856 0.000552 
-0.003462 0.005201 0.000260 0.002152 0.002605 -0.001260 -0.000339 0.001949 
-0.002407 0.000263 0.001729 0.001187 -0.000064 0.002536 -0.000586 -0.000521 
-0.001116 0.002601 0.000130 -0.001071 0.000932 -0.000842 -0.000384 -0.001221 
-0.010255 -0.005460 0.003734 -0.002041 0.001187 -0.001149 0.001962 -0.000387 
0.006908 0.003148 0.000122 -0.000013 -0.000365 0.000977 -0.001734 -0.003184 
-0.016607 -0.007274 0.001817 -0.002182 0.000615 -0.002452 0.001558 0.000563 
0.008614 0.004424 0.002258 -0.002977 0.004960 -0.005084 0.003005 -0.002624 
-0.028458 0.001440 0.002433 -0.003739 0.002334 -0.006017 -0.001777 0.000436 
0.009563 0.002889 0.007028 -0.002265 0.000825 -0.007136 -0.000325 0.000884 
-0.030633 -0.002910 0.007631 -0.007037 0.006087 -0.007702 -0.002867 0.003291 
0.013131 0.002973 -0.000678 -0.000051 0.004619 -0.002907 0.003088 0.001061 
-0.045208 -0.010245 0.022765 -0.015207 0.002763 -0.001512 -0.006529 0.004310 
0.011581 0.004365 -0.009065 -0.000100 0.007762 -0.009592 0.008037 0.001655 
-0.163549 -0.056455 0.135077 -0.068723 0.009772 0.005027 -0.020168 0.028911 
0.023817 0.022065 -0.047368 0.035165 0.025308 -0.060351 0.055451 -0.030607 
0.054235 0.013858 0.000918 0.001831 0.001644 -0.002777 -0.000660 -0.001144 
-0.014929 0.003473 -0.001304 0.000594 -0.000095 0.003213 -0.001527 0.003165 
0.016465 -0.001725 0.001775 0.002685 0.003334 -0.001220 -0.002357 -0.000227 
-0.008179 0.001513 0.004235 -0.000554 0.001006 -0.001788 0.004025 0.001151 
0.006759 0.001201 -0.003666 -0.001553 -0.000128 0.002611 -0.000973 0.001675 
-0.005975 0.003516 0.001718 -0.001055 0.003134 0.000511 0.000902 -0.002917 
-0.001289 0.001997 0.001088 0.000702 -0.000242 0.000833 0.000052 -0.000080 
-0.001026 0.005683 0.000580 0.000042 0.002858 -0.001336 -0.000373 0.003132 
-0.007985 -0.003020 0.001092 -0.001663 -0.001541 -0.001098 0.001991 -0.000208 
0.004435 0.003394 0.003613 -0.003033 0.001603 -0.003755 0.000206 0.001482 
-0.016092 -0.001841 0.004448 -0.002063 -0.001779 -0.001402 -0.001604 0.000670 
0.004601 0.000651 0.000685 -0.000202 0.004012 -0.002053 0.002988 0.001322 
-0.021198 -0.004614 0.005044 -0.004712 0.003590 -0.002780 0.001082 0.003955 
0.010130 0.004222 0.000238 -0.005925 0.001767 -0.002733 0.002164 -0.000305 
-0.025677 -0.001336 0.007497 -0.010419 0.002181 0.000192 -0.002467 0.004126 
0.007304 0.009304 -0.003146 0.001680 0.003942 -0.006908 -0.000147 -0.002712 
-0.041723 0.003222 0.017288 -0.014904 0.005087 -0.000836 -0.006949 0.005847 
-0.004823 0.008859 -0.012326 0.001323 0.006085 -0.012132 0.011095 -0.001470 
-0.176057 -0.041517 0.127448 -0.080226 0.023850 -0.004899 -0.012128 0.029380 
0.025806 0.021835 -0.058759 0.039542 0.008553 -0.050479 0.057253 -0.034483 
0.049703 0.012400 0.001303 0.003904 -0.003570 -0.001433 -0.004213 -0.002983 
-0.013217 0.000852 0.004126 0.001625 -0.001725 -0.001462 0.002010 0.000880 
0.016589 0.002753 -0.004142 -0.002907 -0.000199 0.000114 -0.003190 0.001939 
-0.006445 0.004170 -0.000829 0.001676 -0.001850 0.001309 0.001390 -0.000315 
0.010458 -0.000666 0.001152 0.000452 -0.002540 0.003599 0.000188 0.001277 
-0.004788 0.004146 -0.001652 -0.000431 -0.001542 -0.004711 -0.000126 0.000363 
-0.003774 0.003351 -0.003735 -0.003463 -0.002267 0.003225 -0.001535 0.001908 
-0.003232 0.001877 0.001588 -0.000029 0.000424 -0.000407 -0.001725 -0.001445 
-0.010427 -0.002408 0.001912 -0.000293 0.002521 0.000422 0.000040 -0.001182 
0.001306 0.002163 0.000873 -0.004569 0.002156 0.000856 -0.001188 0.001246 
-0.016740 0.000611 0.002305 -0.001617 0.005664 -0.005874 0.000337 0.002817 
0.004914 0.001785 0.003384 0.000909 0.002290 -0.006056 -0.002351 0.003189 
-0.018212 -0.000730 0.001930 -0.004774 0.002308 -0.003870 -0.000013 -0.000298 
0.009846 0.002639 0.002629 -0.003510 0.005523 0.000325 -0.002376 -0.001463 
-0.018064 -0.006624 0.007114 -0.004668 -0.001056 -0.007375 -0.001138 0.000279 
0.013366 0.005487 0.001881 -0.002706 0.003712 -0.010625 0.003558 0.000141 
-0.059373 -0.012435 0.013657 -0.012522 0.006707 -0.008561 0.001235 0.005589 
0.013930 0.004558 -0.002441 0.003757 0.007997 -0.016173 0.007712 -0.001056 
-0.187633 -0.032975 0.122548 -0.078633 0.018132 -0.008945 -0.011798 0.022918 
0.026112 0.018093 -0.051308 0.042944 0.008162 -0.054910 0.061547 -0.040844 
0.046438 0.011941 0.005738 -0.001438 0.001081 -0.002282 -0.001175 -0.000730 
-0.013637 0.003350 -0.000131 0.004046 0.003407 -0.002559 0.000404 0.000346 
0.014438 0.002569 -0.002133 0.001082 0.002024 0.000440 -0.000712 0.000789 
-0.005308 0.006652 -0.000864 -0.002033 0.004133 0.001322 0.001224 0.001204 
0.003368 -0.000272 0.001302 0.000265 -0.002030 -0.000513 0.000663 -0.001338 
-0.002727 0.002460 -0.000823 -0.001124 0.003137 -0.004205 0.001060 -0.002961 
-0.000451 -0.006597 0.000046 -0.000405 0.003972 -0.006823 0.001656 0.001815 
-0.003020 -0.000483 -0.000573 0.002435 0.000603 -0.003909 -0.002906 0.002977 
-0.003107 0.000551 -0.000450 0.001994 -0.004487 -0.001023 -0.001842 -0.003183 
0.002754 0.004634 -0.003229 0.000570 -0.000992 -0.002118 -0.002012 0.000149 
-0.014054 -0.007697 0.002884 -0.001041 0.001942 -0.003134 0.001690 -0.000102 
0.003186 0.003610 0.000985 0.000178 0.002005 -0.001580 0.000038 0.003017 
-0.017760 -0.000779 0.003274 -0.002332 0.003240 -0.008311 -0.001034 0.001340 
0.007649 0.005225 -0.000271 -0.003237 0.003940 -0.004845 -0.001404 0.002915 
-0.017549 -0.010818 0.007719 -0.006433 0.007496 -0.004547 -0.001562 0.005903 
0.008879 0.003345 -0.001881 -0.005096 0.009404 -0.011020 0.004600 0.000042 
-0.038938 -0.020441 0.021785 -0.005056 0.002479 -0.006663 -0.005554 0.008578 
0.018096 0.009578 -0.004637 -0.003565 0.006540 -0.009992 0.004718 -0.002390 
-0.159218 -0.091185 0.141136 -0.065662 -0.010407 0.027068 -0.030853 0.032415 
-0.034723 0.025812 -0.030271 0.008618 0.031506 -0.053079 0.036928 0.001873 
0.035815 0.012694 0.003621 0.004329 -0.000570 0.001749 -0.000443 0.002080 
-0.011494 0.002294 0.003577 -0.002970 -0.004381 -0.000718 -0.002915 0.000124 
0.009679 0.001761 0.001923 -0.001544 0.003428 0.001203 0.000213 -0.001660 
-0.003981 0.003279 0.002292 -0.004595 0.000586 -0.001416 -0.001289 -0.002722 
0.003462 0.000490 0.002183 -0.000479 0.003718 -0.002348 0.001960 -0.000847 
-0.001349 0.003925 0.003011 -0.001833 0.001784 0.000382 -0.000430 -0.000776 
0.000084 0.001899 -0.002298 -0.001716 0.000482 -0.004816 0.001066 0.001121 
-0.000869 0.002577 0.003479 -0.001010 0.002597 -0.001971 -0.003613 0.000621 
0.000681 -0.000003 0.002426 0.000542 0.002081 -0.003525 0.001767 0.001380 
0.004800 0.000406 -0.002035 -0.001432 0.003382 -0.004589 -0.002884 -0.000522 
-0.001468 -0.003438 0.004356 -0.000338 0.002257 -0.004791 -0.001425 -0.000093 
0.003454 0.003160 -0.001567 -0.000708 0.001464 -0.005114 -0.006401 -0.000273 
-0.009577 0.000356 0.001088 -0.002906 0.003438 -0.005922 0.002366 0.001398 
0.000614 0.001368 0.000697 -0.000850 0.004193 -0.006613 -0.001363 0.003687 
-0.011121 -0.008828 0.006296 0.000616 0.003987 -0.005066 -0.001853 0.003292 
0.004737 0.002444 -0.000397 -0.001603 0.008966 -0.006691 -0.001408 0.001208 
-0.020202 -0.012405 0.022664 -0.007374 0.002464 -0.007936 -0.001391 0.011305 
0.003651 0.003607 -0.005113 -0.001750 0.000832 -0.013967 0.008243 -0.000894 
-0.145361 -0.040270 0.105559 -0.050922 0.001816 0.004545 -0.007614 0.025591 
0.000675 0.016448 -0.037967 0.031060 0.021891 -0.060555 0.050426 -0.025520 
0.026097 0.009089 -0.001291 0.001123 -0.001474 -0.003757 -0.002846 -0.000401 
-0.006968 -0.002846 0.002826 -0.002874 0.004193 0.000142 0.001559 -0.004052 
0.006297 -0.000698 -0.002526 0.000176 0.000815 0.002095 -0.000730 -0.000729 
-0.004530 -0.002461 -0.001763 0.000994 0.004111 -0.003952 -0.000292 0.002192 
0.001570 -0.000337 0.002200 -0.001283 0.001570 -0.003475 0.001357 -0.001036 
-0.001627 -0.005442 0.002040 -0.002374 0.002512 -0.001960 -0.001964 0.001461 
0.002364 -0.001154 0.001598 -0.001142 -0.002157 -0.003124 0.004154 -0.001423 
-0.000765 -0.005303 -0.000459 0.000069 0.003261 -0.004639 -0.001455 0.001382 
-0.001623 -0.000903 0.001234 -0.000261 0.002616 -0.003847 0.000231 0.000599 
0.002082 -0.008959 0.000868 -0.004410 0.007404 -0.007523 -0.004214 0.003342 
-0.006790 0.001187 0.002810 -0.001872 0.004366 -0.004725 0.002300 0.003964 
0.001211 -0.008517 0.002019 -0.004180 0.006504 -0.005043 -0.006454 -0.001160 
-0.004455 0.000394 0.001862 -0.003569 0.004621 -0.004424 0.000572 0.001576 
-0.002612 -0.010784 0.001483 -0.007412 0.004388 -0.004216 -0.003861 0.002081 
-0.008097 -0.005512 0.012666 -0.002480 0.000438 -0.008273 0.000328 0.003945 
-0.002929 -0.013747 0.003310 -0.001919 0.006285 -0.013395 -0.002011 0.000819 
-0.010014 -0.015315 0.018805 -0.007600 -0.000213 -0.004091 -0.001588 0.011845 
-0.015619 -0.012830 -0.007247 -0.003428 0.008431 -0.014164 -0.000611 0.001878 
-0.129060 -0.073246 0.100686 -0.044645 -0.007122 -0.001423 0.006155 0.024897 
0.034051 -0.006993 -0.044543 0.027323 0.003245 -0.052671 0.040783 -0.020073 
0.033289 0.005463 0.001221 0.002831 0.000712 -0.000444 -0.001183 0.002828 
-0.007798 0.002551 0.001077 0.002610 0.001716 -0.004410 -0.001808 0.001808 
0.008454 0.001423 0.000779 -0.000566 -0.000726 -0.002671 0.000105 0.004945 
-0.007016 -0.002374 -0.000062 0.001580 0.001554 -0.001678 -0.001343 -0.000116 
0.003820 0.003765 0.003006 -0.002031 -0.002367 -0.001633 0.000736 -0.001413 
-0.006523 -0.006620 0.001144 -0.002779 0.002956 -0.002958 -0.004073 -0.002433 
-0.001792 0.000693 0.004381 0.005278 0.002835 -0.002077 -0.001913 0.000502 
0.000906 -0.003309 0.002811 -0.001474 0.005921 -0.007161 -0.003243 0.001488 
-0.003940 -0.000784 0.003450 0.000368 0.004817 -0.005518 0.003201 0.004204 
0.002667 -0.010215 0.005657 -0.000464 0.006828 -0.005519 -0.003749 0.001466 
-0.007077 -0.001277 0.004592 0.004523 0.001018 -0.000692 0.003532 0.006413 
-0.001665 -0.008748 0.009856 -0.009395 0.006330 -0.006026 -0.002043 0.002174 
-0.010666 0.001129 0.004327 0.002779 -0.001215 -0.006332 0.003557 0.007533 
-0.004243 -0.007963 0.009454 -0.007420 0.012455 -0.017307 -0.005951 0.001962 
-0.008757 -0.002959 0.011571 0.008864 0.001917 -0.006953 0.004997 0.009767 
-0.003861 -0.008500 0.009314 -0.000276 0.012255 -0.012134 -0.001809 0.001992 
-0.012004 -0.015581 0.022152 0.003863 -0.003954 -0.000121 0.002087 0.012210 
0.011090 -0.012406 0.005643 -0.003577 0.014774 -0.013128 -0.004005 0.003940 
-0.112853 0.021209 0.061768 -0.014388 0.001249 -0.002681 -0.014692 0.021505 
0.014379 -0.012360 -0.005205 0.018026 0.014882 -0.046212 0.042989 -0.017006 
0.034922 0.003279 -0.003886 0.008770 -0.001196 -0.009299 0.003282 0.002545 
-0.024232 -0.006214 0.012958 0.000899 0.000395 0.015219 -0.006771 -0.002662 
0.023156 0.001885 -0.007129 0.011653 -0.003541 -0.017366 0.005600 0.003224 
-0.020383 -0.005996 0.023429 0.001294 0.005050 0.019764 -0.012410 -0.003979 
0.017173 -0.006704 -0.012804 0.014585 0.002961 -0.026356 0.006950 0.003761 
-0.019115 -0.001869 0.024139 0.000004 0.004132 0.015623 -0.020331 -0.000307 
0.006066 -0.009539 -0.015633 0.013865 -0.004328 -0.030352 0.008016 -0.002889 
-0.016052 -0.007903 0.028694 -0.001208 0.000177 0.018706 -0.014965 0.000451 
0.002143 -0.011978 -0.011964 0.016812 -0.005884 -0.029984 0.007621 0.003213 
-0.015373 -0.003818 0.037318 0.002672 0.002152 0.030375 -0.023394 -0.001543 
-0.004046 -0.020024 -0.021723 0.018730 -0.000656 -0.036378 0.001326 0.005812 
-0.013499 -0.005218 0.039745 -0.007111 -0.000610 0.030158 -0.022234 0.001567 
-0.004395 -0.015946 -0.017128 0.017823 -0.006102 -0.031967 -0.002342 0.004821 
-0.014534 -0.007058 0.044102 -0.003198 0.004628 0.037091 -0.022917 0.003333 
-0.013978 -0.026033 -0.019505 -0.000561 -0.006273 -0.025144 0.004273 0.007124 
-0.015941 -0.003368 0.042646 -0.005239 0.020215 0.037897 -0.025017 0.010654 
-0.000403 -0.039118 -0.013069 0.014195 -0.002646 -0.032136 -0.009213 0.008972 
-0.022370 0.009361 0.062753 -0.001793 0.001100 0.046507 -0.035818 -0.000988 
-0.039404 0.018351 -0.014256 0.011933 0.010157 -0.024186 0.020534 -0.002205 
-0.045424 -0.011002 0.058376 -0.000227 0.007560 0.047188 -0.019641 0.012928 
