0.151777 1.083556
0.187686 1.209107
0.164581 1.266350
0.132769 1.278435
0.110969 1.249088
0.096146 1.189193
0.080089 1.094953
0.071340 1.009862
0.062931 0.971176
0.034742 1.096547
-0.381927 1.098985
-0.316178 1.207275
-0.181824 1.264499
-0.087215 1.274769
-0.026957 1.252229
0.020676 1.191064
0.045781 1.099591
0.063679 1.015555
0.072203 0.993757
-0.014825 1.119613
0.010841 0.898702
0.013707 0.949629
0.013609 0.968223
0.020913 0.973089
0.019546 0.969706
0.014281 0.963851
0.017840 0.952920
0.020968 0.949324
0.003888 0.949266
0.044336 0.890661
-0.002868 0.899014
0.010933 0.947145
0.007658 0.970183
0.005723 0.975780
-0.004483 0.974405
-0.011851 0.971592
-0.029087 0.964421
-0.030411 0.958920
-0.041686 0.946163
-0.005167 0.984410
0.149758 1.083878
0.184383 1.207715
0.160778 1.264038
0.127709 1.276427
0.106289 1.245565
0.092176 1.186385
0.075955 1.093891
0.066901 1.010344
0.061740 0.972156
0.023596 1.089431
-0.380314 1.098706
-0.316162 1.205458
-0.181952 1.261836
-0.087790 1.271841
-0.026385 1.248745
0.021984 1.188490
0.049374 1.098429
0.067455 1.015768
0.077751 0.997237
-0.013787 1.112226
0.007300 0.706845
0.007845 0.703844
0.010853 0.702275
0.010050 0.698961
0.012864 0.700554
0.011558 0.700151
0.010825 0.702473
0.015074 0.697804
0.007176 0.699896
-0.017059 0.709962
-0.067619 0.705358
-0.109060 0.704593
-0.156872 0.701935
-0.196849 0.702889
-0.237286 0.707319
-0.272605 0.706405
-0.309368 0.708211
-0.326943 0.701132
-0.337741 0.703609
-0.357408 0.701302
0.011757 0.705488
0.020014 0.698867
0.028223 0.693670
0.029906 0.690149
0.034014 0.682320
0.040851 0.681152
0.041657 0.677573
0.047092 0.675742
0.044691 0.678275
0.068654 0.656828
-0.010051 0.701414
-0.028457 0.702437
-0.048123 0.698013
-0.063067 0.692958
-0.074960 0.688494
-0.087657 0.686452
-0.096392 0.683130
-0.107958 0.679610
-0.101928 0.679423
-0.159031 0.684978
0.007925 0.700298
0.020019 0.695607
0.028527 0.702856
0.039373 0.709255
0.048932 0.709623
0.053340 0.711726
0.064496 0.706319
0.068098 0.691111
0.068696 0.681065
0.140341 0.690706
-0.016840 0.693349
-0.032003 0.696818
-0.042239 0.702892
-0.048774 0.709120
-0.060074 0.711705
-0.069149 0.711909
-0.074896 0.706204
-0.084006 0.692823
-0.096499 0.688596
-0.162622 0.656953
0.009566 0.697334
0.014493 0.716814
0.015478 0.757803
0.023542 0.791482
0.025522 0.812820
0.025178 0.821351
0.028179 0.798055
0.031400 0.758198
0.037333 0.740530
0.090185 0.801657
-0.013768 0.694434
-0.019174 0.714691
-0.024059 0.754103
-0.029529 0.789640
-0.030388 0.810740
-0.038061 0.817846
-0.041952 0.798187
-0.041300 0.756192
-0.048038 0.727375
-0.078616 0.741035
0.019733 0.707622
0.023932 0.740914
0.025976 0.790870
0.026844 0.829432
0.024471 0.846481
0.018677 0.837813
0.015567 0.798336
0.019634 0.754520
0.017468 0.737899
0.045429 0.810364
0.047358 0.698969
0.059797 0.732144
0.056333 0.784295
0.047745 0.823720
0.035630 0.839806
0.021065 0.831808
0.004315 0.797279
-0.002956 0.752896
0.009763 0.730389
0.046362 0.784267
0.022202 0.658670
0.039843 0.692621
0.050151 0.739957
0.060702 0.768388
0.069058 0.772889
0.072671 0.758694
0.079633 0.716132
0.088768 0.665611
0.086666 0.652753
0.164884 0.741567
-0.015767 0.661642
-0.049229 0.695588
-0.084983 0.742123
-0.116266 0.772076
-0.147708 0.777017
-0.180457 0.761305
-0.208594 0.719782
-0.227464 0.671550
-0.231641 0.653259
-0.304085 0.715136
0.006141 0.709623
0.008860 0.704943
0.012145 0.705509
0.015733 0.705574
0.020962 0.703529
0.021131 0.702187
0.025617 0.699729
0.025829 0.698423
0.041985 0.703396
0.060713 0.723108
-0.012264 0.703583
-0.017337 0.706818
-0.022794 0.705867
-0.027646 0.706475
-0.031156 0.702180
-0.038068 0.702003
-0.043065 0.699955
-0.041573 0.697846
-0.054133 0.693788
-0.102775 0.687471
0.004797 0.709844
0.010880 0.706067
0.011780 0.706169
0.018873 0.705805
0.022749 0.703870
0.025534 0.700873
0.031083 0.702358
0.034827 0.696112
0.025430 0.693536
0.075940 0.691551
-0.010417 0.703731
-0.014914 0.705756
-0.017839 0.705956
-0.021004 0.706685
-0.028832 0.704928
-0.032737 0.703438
-0.034105 0.706034
-0.045438 0.700881
-0.053659 0.699528
-0.105366 0.708721
0.005856 0.709060
0.007981 0.706741
0.014650 0.706597
0.019338 0.707161
0.022808 0.705694
0.027945 0.704759
0.034416 0.700009
0.036113 0.701753
0.024995 0.700465
0.069927 0.651812
-0.008736 0.702678
-0.014922 0.704816
-0.017196 0.706205
-0.021586 0.706757
-0.026231 0.708204
-0.026202 0.707490
-0.036503 0.704767
-0.039298 0.705265
-0.030739 0.691667
-0.085138 0.705802
0.004904 0.708335
0.010770 0.705426
0.013947 0.706597
0.016170 0.710259
0.021192 0.710430
0.021494 0.707436
0.027316 0.706824
0.029140 0.700968
0.033051 0.708887
0.027614 0.687900
-0.009582 0.702874
-0.014253 0.706808
-0.018610 0.706663
-0.016125 0.710283
-0.021409 0.711241
-0.027310 0.712586
-0.026642 0.710035
-0.030052 0.703983
-0.027284 0.709392
-0.013492 0.687107
0.004757 0.707977
0.008759 0.706309
0.010592 0.710147
0.016620 0.712742
0.020402 0.711381
0.022159 0.714852
0.024624 0.711951
0.023983 0.704829
0.022289 0.696308
0.070914 0.693807
-0.012391 0.703689
-0.012363 0.706422
-0.017163 0.708631
-0.020527 0.711304
-0.022598 0.715173
-0.026575 0.715196
-0.025576 0.711843
-0.029144 0.708634
-0.048701 0.709014
-0.041477 0.712553
0.006909 0.706940
0.008946 0.707867
0.011709 0.711095
0.015436 0.715493
0.016689 0.720103
0.020648 0.719357
0.019700 0.721070
0.023999 0.712634
0.022767 0.708890
-0.006286 0.735407
-0.008974 0.703228
-0.012483 0.706068
-0.010685 0.709425
-0.016507 0.712628
-0.015717 0.714729
-0.017716 0.718605
-0.022747 0.719419
-0.020125 0.709859
-0.012968 0.705460
-0.023385 0.695886
0.000553 0.706685
0.004562 0.708346
0.002850 0.716062
0.007480 0.719999
0.007628 0.722576
0.010563 0.725999
0.009831 0.722685
0.010300 0.716627
0.012615 0.709435
0.094450 0.739555
-0.010954 0.703842
-0.010353 0.707235
-0.011071 0.711925
-0.014281 0.718912
-0.013475 0.721407
-0.018658 0.722235
-0.017762 0.723737
-0.019710 0.713640
-0.021516 0.705376
-0.013224 0.694521
0.005097 0.707693
0.003569 0.709236
0.003219 0.715019
0.006566 0.721892
0.008979 0.727028
0.005803 0.731840
0.008005 0.725172
0.007726 0.716490
0.015870 0.719745
0.054745 0.747224
-0.009251 0.703953
-0.008301 0.708006
-0.011999 0.715240
-0.014954 0.721386
-0.015990 0.727384
-0.019976 0.730852
-0.018963 0.726043
-0.018214 0.715919
-0.029261 0.717018
-0.012459 0.698357
0.004952 0.707294
0.005346 0.711839
0.006203 0.720519
0.009030 0.726699
0.009061 0.733624
0.005921 0.735968
0.011492 0.728957
0.012094 0.719061
0.022821 0.716011
0.014878 0.715945
-0.000020 0.704102
-0.000245 0.708726
-0.002470 0.717328
-0.001364 0.722886
-0.004575 0.729756
-0.009114 0.732190
-0.007483 0.726330
-0.011347 0.716793
-0.019231 0.714344
-0.104243 0.720176
0.011940 0.706121
0.012472 0.711756
0.010910 0.720966
0.013547 0.729619
0.013544 0.736201
0.013538 0.734625
0.012592 0.732051
0.013588 0.717347
0.012634 0.722252
0.051298 0.758383
-0.012894 0.706258
-0.013740 0.710057
-0.017603 0.719010
-0.018114 0.729253
-0.016751 0.737389
-0.018203 0.736378
-0.025622 0.728470
-0.021668 0.722055
-0.020475 0.717158
-0.031249 0.738299
0.005166 0.706505
0.006190 0.712855
0.005390 0.722218
0.007822 0.732006
0.005039 0.737903
0.003063 0.737015
0.003360 0.729677
0.003658 0.718911
0.006262 0.721359
0.032236 0.734155
-0.012647 0.705579
-0.011560 0.711884
-0.011155 0.723192
-0.014245 0.731478
-0.015366 0.736288
-0.015322 0.734635
-0.021292 0.729816
-0.018662 0.720227
-0.016097 0.715139
0.007348 0.721338
0.011238 0.712621
0.008998 0.717748
0.010783 0.727796
0.011256 0.734415
0.010397 0.739523
0.007351 0.736523
0.004783 0.731668
0.004973 0.720847
-0.000555 0.717287
0.011171 0.753707
0.015261 0.700189
0.014385 0.707707
0.009379 0.719892
0.007211 0.728256
0.003005 0.733708
-0.003145 0.734328
-0.006948 0.725548
-0.011451 0.716860
-0.009631 0.710353
0.000005 0.716142
0.027683 0.713935
0.026894 0.718436
0.025027 0.727085
0.023662 0.736735
0.022882 0.739255
0.020890 0.738726
0.014375 0.729047
0.022535 0.716970
0.029373 0.717453
0.024683 0.742525
0.051277 0.697905
0.048984 0.703987
0.044850 0.715202
0.039856 0.724484
0.030594 0.729417
0.023952 0.728313
0.008845 0.724527
0.008741 0.713375
0.013853 0.700723
0.055395 0.687827
0.009265 0.709803
0.005969 0.713428
0.005451 0.723428
0.003753 0.727322
0.002620 0.734191
-0.000948 0.730356
0.003975 0.724274
-0.000498 0.718554
-0.005504 0.706499
0.013045 0.704793
0.081798 0.700930
0.073575 0.709179
0.064017 0.718308
0.052984 0.726043
0.042994 0.729047
0.027979 0.726328
0.019751 0.720807
0.008514 0.713346
0.027044 0.710357
0.030469 0.732969
0.035306 0.702192
0.035809 0.706586
0.031391 0.712182
0.031158 0.712745
0.034752 0.713905
0.027557 0.714882
0.023618 0.716381
0.033731 0.714549
0.029340 0.724182
0.055077 0.709282
0.126584 0.701049
0.113039 0.702284
0.098151 0.702626
0.084803 0.706121
0.075679 0.705927
0.058050 0.705794
0.050760 0.702582
0.046934 0.697919
0.055497 0.701371
0.047574 0.706115
0.045822 0.951208
0.057386 0.935494
0.047518 0.934785
0.029799 0.931411
0.018088 0.926581
0.005672 0.917288
-0.000442 0.909179
-0.008770 0.904627
-0.011263 0.898457
0.032865 0.896137
-0.006877 0.950774
-0.004945 0.932105
0.002246 0.935768
0.006841 0.931849
0.011812 0.929556
0.016387 0.916934
0.010894 0.909468
0.016744 0.899398
0.008969 0.908498
0.001395 0.893992
-0.002643 0.899307
0.000162 0.952043
-0.007495 0.973331
-0.008739 0.975743
-0.015827 0.974491
-0.017670 0.971433
-0.025955 0.961001
-0.026932 0.953226
-0.044310 0.953018
-0.056285 0.969101
-0.005606 0.891428
-0.005027 0.943334
-0.010748 0.961484
-0.008431 0.967951
-0.011015 0.966543
-0.016238 0.960800
-0.016168 0.954215
-0.019839 0.953592
-0.000348 0.951191
0.010382 0.946300
0.045575 0.952365
0.056981 0.937562
0.046202 0.937046
0.028325 0.934394
0.015529 0.929440
0.002738 0.920615
-0.004712 0.911137
-0.013050 0.907839
-0.018484 0.904669
0.022830 0.895209
-0.007276 0.951854
-0.005468 0.934069
0.000656 0.938086
0.005387 0.934549
0.009716 0.931648
0.013473 0.919171
0.007966 0.911851
0.013114 0.901839
0.007984 0.911276
0.003381 0.898281
0.001570 0.706076
0.002228 0.704529
0.008037 0.702202
0.007788 0.701135
0.016032 0.700179
0.017232 0.697350
0.024341 0.696553
0.025465 0.696065
0.027117 0.692598
0.021412 0.667872
-0.001833 0.710310
-0.001514 0.710132
-0.002219 0.709362
-0.003271 0.706473
-0.001403 0.706057
-0.004501 0.704445
-0.005052 0.701720
-0.006413 0.699533
0.008834 0.691563
0.008024 0.668716
0.021152 0.709042
0.018268 0.709734
0.019435 0.709211
0.023580 0.711414
0.025060 0.707943
0.030473 0.705222
0.030431 0.702472
0.032825 0.700021
0.030317 0.689464
0.094060 0.700162
-0.003597 0.709438
0.000966 0.711690
0.003149 0.711690
0.006580 0.712612
0.009480 0.710086
0.011107 0.706486
0.010713 0.705308
0.014334 0.699780
0.032315 0.702706
0.044184 0.651547
0.018388 0.707081
0.001167 0.708970
0.000476 0.710253
-0.003757 0.711510
-0.005096 0.709942
-0.007147 0.706903
-0.010514 0.706935
-0.015016 0.701692
-0.010443 0.700895
0.038893 0.704371
0.008984 0.708761
0.023810 0.709772
0.028768 0.709982
0.036928 0.711611
0.044763 0.710169
0.051872 0.707439
0.059207 0.706104
0.064538 0.703058
0.072816 0.700290
0.113444 0.702708
0.008915 0.705840
0.007757 0.702867
0.009456 0.703760
0.009959 0.705355
0.008211 0.707755
0.007735 0.707203
0.009756 0.706010
0.006142 0.707661
0.008696 0.711484
0.025169 0.703813
0.003906 0.706778
0.006090 0.705124
0.006786 0.703564
0.008941 0.706368
0.006992 0.709502
0.009205 0.710159
0.006453 0.706389
0.010096 0.706445
-0.001804 0.714841
0.006612 0.704335
0.016558 0.703875
0.021296 0.702001
0.022718 0.701598
0.021700 0.707264
0.022456 0.706837
0.022377 0.708901
0.018978 0.711569
0.016922 0.708808
0.022093 0.703638
0.064628 0.688424
-0.008517 0.707563
-0.011053 0.703695
-0.011639 0.704187
-0.012777 0.707460
-0.014894 0.710517
-0.013096 0.709755
-0.013994 0.707342
-0.013622 0.711115
-0.005582 0.709045
-0.022620 0.670562
0.032214 0.705347
0.022459 0.703080
0.025285 0.708036
0.024853 0.715092
0.026212 0.714086
0.028312 0.712373
0.027975 0.705323
0.024756 0.697722
0.027533 0.694512
0.110507 0.695840
0.000646 0.707262
0.011463 0.703412
0.015605 0.708787
0.022300 0.717378
0.027517 0.718625
0.033414 0.712508
0.035860 0.704505
0.043153 0.697358
0.058915 0.706889
0.081802 0.657322
0.010578 0.707078
-0.001711 0.708140
-0.000931 0.706771
0.000555 0.707349
-0.001119 0.707362
0.001141 0.706156
-0.000479 0.704742
-0.005873 0.704551
-0.006270 0.705229
0.030946 0.678052
0.006369 0.709398
0.010156 0.708824
0.013208 0.710605
0.016184 0.709101
0.020861 0.708648
0.024629 0.708161
0.026489 0.705482
0.029072 0.703809
0.036407 0.707022
0.038496 0.716554
0.010698 0.706368
0.001889 0.707186
-0.001277 0.707607
-0.002061 0.705276
-0.005226 0.707398
-0.006966 0.705458
-0.009555 0.704643
-0.010169 0.702830
-0.001755 0.704821
-0.021126 0.692630
0.004564 0.709467
0.010221 0.707708
0.010985 0.708495
0.015271 0.709965
0.020491 0.707822
0.021922 0.707249
0.026096 0.706187
0.028540 0.704959
0.037653 0.707028
0.064310 0.725759
0.010504 0.707700
0.001791 0.706713
-0.000489 0.706187
-0.002734 0.708007
-0.003885 0.707228
-0.002604 0.705537
-0.005009 0.704426
-0.004009 0.704449
0.001699 0.712064
0.022262 0.711624
0.006233 0.708504
0.009442 0.708810
0.011280 0.705690
0.015169 0.708855
0.018509 0.708644
0.020442 0.706261
0.023744 0.705250
0.027389 0.705728
0.028397 0.698455
0.029810 0.684920
0.007872 0.707556
-0.000401 0.707498
-0.000085 0.708756
-0.002853 0.708790
-0.002823 0.708416
-0.006479 0.703721
-0.008481 0.705728
-0.008525 0.705263
-0.013735 0.695035
0.016494 0.696048
0.007646 0.708010
0.010475 0.707400
0.012649 0.707229
0.017545 0.707583
0.019720 0.707188
0.023370 0.705031
0.028218 0.706308
0.027367 0.704733
0.031443 0.701880
0.067379 0.683893
0.007160 0.708118
0.000776 0.708563
0.003547 0.708113
-0.000674 0.708288
0.001081 0.709153
0.000116 0.705353
-0.000891 0.707447
-0.003402 0.704849
-0.002664 0.705709
0.023849 0.728198
0.006828 0.707277
0.014037 0.707174
0.015792 0.707117
0.016295 0.706876
0.018035 0.705387
0.023386 0.705526
0.025207 0.704702
0.029676 0.706032
0.026011 0.709597
0.056388 0.690831
0.005821 0.706762
0.003287 0.707166
0.004514 0.706942
0.005780 0.706666
0.003507 0.707590
0.005520 0.706593
0.003901 0.706276
0.002791 0.708370
0.009564 0.708053
0.018360 0.738126
0.002793 0.708717
0.003785 0.707791
0.005282 0.707706
0.005398 0.709192
0.005359 0.706410
0.006026 0.706584
0.006641 0.706547
0.006624 0.705338
0.014629 0.706126
0.008593 0.699284
0.006401 0.706815
0.003013 0.705984
0.002975 0.705948
0.006521 0.708237
0.003895 0.705586
0.000844 0.706158
0.001603 0.707667
-0.000212 0.706358
-0.005462 0.710465
-0.006251 0.702559
0.000997 0.708570
-0.000483 0.707944
0.000042 0.706817
0.002910 0.708175
0.002913 0.709217
0.003154 0.709409
0.004081 0.710407
0.004769 0.703278
0.000649 0.708856
0.030056 0.719468
0.006385 0.706383
0.003278 0.707147
0.003821 0.707443
0.003873 0.705373
0.003709 0.708332
0.001632 0.707273
0.007362 0.708622
0.006766 0.708556
-0.002115 0.709706
0.039024 0.728534
0.002441 0.707736
0.000911 0.708451
0.002918 0.706198
0.003791 0.706913
0.001992 0.710048
0.004369 0.708657
-0.000876 0.706505
0.005728 0.709703
-0.014746 0.715621
0.021673 0.701820
0.006319 0.706263
0.006890 0.706377
0.005845 0.706367
0.005336 0.706593
0.006524 0.706793
0.006762 0.708218
0.005985 0.705844
0.003853 0.704306
0.018923 0.702131
0.016725 0.679719
0.001090 0.706935
0.002267 0.706740
0.000144 0.707009
0.000456 0.706377
-0.000717 0.707766
0.001801 0.708967
0.000443 0.706345
0.003045 0.706530
-0.007262 0.707461
-0.032050 0.709889
0.001823 0.706819
0.002247 0.705470
0.003193 0.705782
0.000691 0.706990
-0.000185 0.706447
0.001493 0.705490
0.003558 0.706787
0.000237 0.707320
0.000269 0.709213
-0.003710 0.725419
0.005952 0.707655
0.008446 0.706815
0.007017 0.705683
0.007089 0.705973
0.006691 0.708027
0.006501 0.707205
0.003920 0.707741
0.001932 0.706644
-0.001073 0.710650
-0.023844 0.679956
0.002548 0.706516
0.002560 0.704946
0.001616 0.705838
0.000358 0.707061
0.001452 0.707841
0.000949 0.706646
-0.000498 0.709523
0.001152 0.708274
-0.001184 0.710165
0.005072 0.704597
0.002961 0.708203
0.001536 0.707466
0.004154 0.706267
0.003317 0.707304
0.000198 0.707966
0.001137 0.707984
0.003782 0.707372
0.000754 0.708618
0.003266 0.710396
0.002093 0.665380
0.020243 0.703911
0.017445 0.704329
0.017409 0.704677
0.016268 0.706168
0.014683 0.704967
0.011136 0.708587
0.013696 0.706889
0.009948 0.709474
0.023308 0.708851
0.074383 0.750137
-0.005574 0.709382
-0.005585 0.707962
-0.003447 0.707722
-0.001435 0.708357
-0.002121 0.708145
-0.001096 0.709359
-0.003548 0.708142
-0.001039 0.708738
-0.005857 0.720583
-0.020745 0.710885
0.023920 0.706205
0.025302 0.706456
0.023106 0.705180
0.022634 0.706023
0.022159 0.706867
0.022514 0.709283
0.017310 0.708659
0.013798 0.709675
0.019540 0.697121
0.033959 0.683421
-0.011596 0.706830
-0.009753 0.706567
-0.012210 0.707432
-0.013317 0.706627
-0.010843 0.709571
-0.011644 0.707354
-0.011781 0.705435
-0.011420 0.709856
-0.001899 0.704209
-0.025713 0.706075
0.007092 0.705403
0.006277 0.705306
0.005260 0.706229
0.005145 0.707458
0.005156 0.706262
0.008890 0.708294
0.004354 0.708788
0.004607 0.710493
-0.000206 0.707149
0.024343 0.712531
-0.003020 0.708712
-0.001522 0.707167
-0.001498 0.707124
-0.003544 0.708829
-0.003097 0.708149
-0.001199 0.707744
-0.002321 0.708888
-0.004699 0.707758
0.011666 0.706445
0.010964 0.702961
-0.012192 0.694149
-0.004028 0.696500
0.006253 0.698002
0.005672 0.698311
0.011168 0.699156
0.014136 0.700580
0.018866 0.702402
0.025670 0.701174
0.028923 0.703577
0.034220 0.705395
-0.048368 0.718758
-0.046300 0.715520
-0.047075 0.714749
-0.045358 0.713114
-0.051481 0.710914
-0.051061 0.712191
-0.062904 0.710499
-0.049634 0.710798
-0.060593 0.712061
-0.026146 0.703088
-0.044308 -0.032198 0.002922 0.002838 0.001638 -0.000752 0.001155 -0.001204 
0.244321 -0.013465 -0.002358 0.000581 0.000297 0.001121 0.000613 0.001487 
-0.043895 -0.015897 0.003793 0.000949 -0.002700 -0.000884 -0.000198 0.001333 
0.159322 -0.008265 0.000642 0.001930 0.000765 -0.002478 0.000825 -0.003643 
-0.021097 -0.002035 0.000285 -0.000010 -0.000172 -0.000638 -0.001164 0.000488 
0.059340 -0.000097 -0.002719 -0.001221 0.002132 -0.000727 -0.002304 -0.002098 
0.007627 0.003308 -0.001704 -0.001518 0.002032 -0.000872 0.000621 0.000955 
-0.021957 0.000035 0.000509 -0.001145 0.000660 -0.002365 -0.000093 0.000209 
0.027915 -0.003638 0.000868 -0.000776 0.001186 0.002011 -0.000044 -0.000484 
-0.088537 -0.006397 -0.003360 0.000472 -0.000489 -0.001635 -0.000996 0.001158 
0.041820 -0.009222 -0.000739 0.000873 0.002983 -0.000966 0.001974 0.002971 
-0.155843 -0.014420 -0.003077 -0.000768 -0.000421 0.000756 0.000706 -0.002718 
0.057884 -0.029470 -0.002709 0.000627 0.001158 0.000496 -0.001930 0.000710 
-0.206643 -0.025584 0.003699 -0.001508 -0.000301 -0.001759 -0.000502 0.002639 
0.056805 -0.038728 -0.008015 -0.002044 0.000393 -0.003248 0.000826 0.004182 
-0.240401 -0.031169 0.002790 0.000842 -0.001307 -0.000423 -0.000890 -0.002011 
0.044292 -0.046936 -0.009952 -0.000698 0.000505 0.000923 -0.000124 -0.000494 
-0.251376 -0.024324 0.005885 0.003021 0.003227 -0.001833 -0.000983 0.003122 
0.019875 -0.012877 -0.001666 0.000136 -0.002071 0.001654 0.000786 -0.001836 
-0.197609 -0.008626 -0.001136 -0.000262 -0.000604 0.002649 -0.003825 -0.000120 
0.003372 -0.007283 -0.000586 0.002113 0.000353 0.002670 -0.001758 -0.000800 
-0.018756 -0.006264 0.001902 0.001102 0.000980 -0.000368 0.001890 -0.002585 
0.000812 -0.006840 -0.001050 0.004061 -0.002784 0.002375 0.001229 -0.002202 
-0.015023 -0.005361 -0.002189 0.003695 0.000183 -0.001705 -0.001551 -0.000755 
0.004974 -0.002276 -0.001874 0.000707 -0.001535 0.000266 0.000772 0.000890 
-0.006329 -0.001834 -0.001452 0.003891 -0.001410 -0.000870 -0.001134 -0.002074 
0.002942 -0.001594 -0.001446 0.003384 -0.000971 -0.000225 -0.001219 -0.001455 
-0.000787 -0.004248 0.000086 0.003446 -0.002923 0.000313 -0.001767 0.000834 
-0.003037 0.000893 -0.004752 0.005506 0.000643 -0.000020 -0.000128 -0.000350 
0.007388 -0.004522 -0.002888 0.003602 0.001590 0.001812 -0.000890 -0.000757 
-0.002961 0.005243 -0.004396 0.007330 -0.000380 0.000648 -0.000049 -0.000542 
0.010995 -0.004653 0.000362 0.002229 0.003410 -0.002481 -0.004636 0.001851 
-0.002079 0.004804 -0.002046 0.004592 0.001110 0.000121 -0.002024 -0.003230 
0.017321 -0.002490 -0.001025 0.003627 -0.000052 0.001167 -0.003868 -0.000704 
-0.001962 0.004899 -0.006350 0.004381 -0.002752 0.000772 0.001953 -0.004330 
0.012840 -0.003794 -0.002709 0.003430 0.003254 -0.000535 -0.004034 0.002734 
0.001621 0.003230 -0.002688 0.006313 -0.001173 0.002300 -0.001775 -0.005878 
0.008269 -0.004366 -0.004955 0.001731 0.005523 -0.000884 -0.005871 0.000711 
-0.007290 0.018248 -0.012058 0.007783 -0.001771 0.003143 -0.003591 -0.011659 
-0.038451 -0.005661 -0.010736 0.005530 0.001937 -0.002388 -0.003150 0.008750 
-0.044971 -0.032852 0.002078 0.002288 0.003074 -0.001062 0.001796 0.000075 
0.245902 -0.014916 -0.002304 0.000020 -0.001072 0.000199 -0.000572 -0.000979 
-0.044969 -0.015796 0.003693 0.000741 -0.003970 -0.001559 0.000279 0.001774 
0.160304 -0.008455 0.000464 0.002585 0.000065 -0.003302 0.001994 -0.005139 
-0.021375 -0.002363 0.000396 0.000464 -0.001006 -0.002266 -0.000844 -0.000548 
0.059923 -0.001029 -0.002599 -0.000156 0.000981 -0.000356 -0.000758 0.000540 
0.008059 0.004145 -0.001031 -0.000560 0.001427 -0.000961 -0.000860 0.000578 
-0.021911 -0.000095 0.000907 -0.000586 0.001196 -0.002771 -0.000274 -0.002012 
0.028562 -0.002964 0.000559 0.000095 -0.000408 0.001670 0.001107 0.001072 
-0.089151 -0.005510 -0.003949 0.000281 0.000031 -0.000968 -0.000864 0.001747 
0.042327 -0.009748 -0.001905 0.002097 0.002964 -0.000449 0.000390 0.001144 
-0.156864 -0.014691 -0.002958 -0.000180 -0.000087 -0.000735 -0.000200 -0.000955 
0.059033 -0.029446 -0.002969 0.001795 0.001309 -0.002364 -0.002245 0.000462 
-0.208701 -0.025880 0.004824 -0.000106 -0.001568 -0.001013 -0.000543 0.002389 
0.057613 -0.038580 -0.008611 -0.001260 0.000107 -0.003315 -0.000518 0.002518 
-0.241544 -0.031162 0.002465 0.001106 -0.001831 -0.000005 -0.000483 -0.000958 
0.044412 -0.046455 -0.010005 0.000025 0.001543 0.001476 0.000590 -0.000336 
-0.253161 -0.025179 0.004689 0.002334 0.003176 -0.001592 -0.002451 0.002485 
0.024670 -0.013861 -0.001909 -0.000146 -0.001627 0.000803 0.001311 -0.001081 
-0.194735 -0.009664 -0.000487 0.000286 -0.000032 0.002815 -0.002670 0.001607 
0.004857 -0.038018 0.000637 -0.002976 -0.001627 0.001083 -0.001913 -0.001295 
-0.219781 0.000358 0.004252 -0.001424 0.000320 0.000411 0.000240 -0.000308 
0.002526 -0.019091 0.000303 0.002262 -0.000435 -0.002995 -0.000669 0.001711 
-0.141331 0.002418 0.002517 0.000012 -0.003176 -0.001494 0.000137 -0.003213 
0.001046 -0.004911 0.001169 -0.000308 -0.001173 0.001051 -0.001173 -0.002364 
-0.061836 0.001730 -0.002463 -0.001855 -0.000258 0.000724 -0.000618 -0.000109 
0.000109 -0.001383 -0.000565 -0.002206 0.001541 -0.001269 0.000507 0.002730 
0.008970 0.000321 -0.000503 -0.000615 -0.000712 0.000455 0.002083 0.000438 
0.000244 -0.000112 0.003771 -0.000425 -0.004319 0.000531 0.001092 0.001638 
0.070845 -0.001183 -0.004320 -0.000399 0.003654 -0.000860 -0.002910 0.000178 
-0.001217 -0.011229 0.002511 0.004320 0.000758 -0.004914 -0.001260 0.000823 
0.125108 0.000313 -0.001837 0.002476 0.000648 -0.001102 -0.003961 -0.006431 
-0.000109 -0.015002 0.001883 0.007832 -0.005261 -0.006626 0.000133 0.004011 
0.157327 -0.000253 -0.009917 0.004120 0.008342 -0.001029 -0.009491 -0.005617 
0.000945 -0.016087 -0.001217 0.009149 -0.004733 -0.008294 0.003310 -0.000117 
0.171009 0.001024 -0.013447 -0.000728 0.009175 0.001894 -0.013114 -0.009341 
0.001466 -0.012466 0.002408 0.010150 -0.001792 -0.009446 0.004621 -0.000583 
0.169347 0.000656 -0.012516 -0.001336 0.008325 -0.000920 -0.013575 -0.014814 
0.001907 0.003235 0.001928 0.006226 0.002162 -0.003877 0.000768 -0.006771 
0.148446 -0.000195 -0.001089 -0.001559 0.004638 0.005460 -0.013067 -0.015582 
0.029119 -0.010234 0.001443 0.000901 0.001966 -0.001892 -0.000174 0.000141 
-0.083984 0.002422 0.000821 0.000996 -0.001384 0.004025 0.001381 -0.000912 
0.017163 -0.003757 -0.001781 0.000810 0.001329 0.000420 -0.000675 -0.001069 
-0.049276 0.001171 0.001915 0.001546 -0.004489 -0.002498 -0.000145 0.001094 
0.007671 0.000150 -0.001585 -0.002903 -0.000371 0.000127 0.002765 -0.000908 
-0.023402 0.002081 -0.000571 0.000845 0.001623 0.000462 0.000526 0.000330 
-0.000677 0.001250 -0.001711 -0.001124 0.000328 0.001879 -0.000526 -0.004133 
0.002129 0.002587 -0.002189 0.000174 0.000518 0.001544 0.001922 -0.000551 
-0.006270 0.003076 -0.002661 -0.002264 -0.000248 0.000185 0.001285 0.001204 
0.025411 0.003736 -0.001332 0.001033 -0.004328 0.001700 -0.001239 -0.001408 
-0.016396 0.001314 0.001997 0.000403 -0.002339 -0.000151 -0.001330 -0.001661 
0.046658 0.000932 -0.000480 -0.002421 0.001009 0.001212 0.000854 -0.001020 
-0.022349 -0.000701 -0.000718 -0.000351 0.001206 0.001588 0.001709 0.000117 
0.065611 -0.001766 -0.000352 -0.000560 -0.000588 0.002028 0.002146 -0.002204 
-0.027885 -0.000188 -0.002726 -0.000378 -0.001392 0.001389 0.001507 -0.000846 
0.078883 -0.003462 -0.001427 0.002764 -0.001523 -0.000611 0.000519 0.000093 
-0.030072 0.000371 0.004797 0.000161 -0.006264 0.003571 -0.004504 -0.004643 
0.080169 -0.009041 0.000882 0.002121 -0.000454 -0.001691 0.002342 -0.000492 
-0.035996 0.018410 0.007641 0.001739 -0.004026 0.002610 0.000239 -0.003897 
0.108918 -0.014343 0.007488 0.008525 -0.001973 0.000401 0.004991 0.000607 
0.052928 -0.007020 0.001263 -0.001998 -0.001736 -0.000536 0.000393 0.001644 
-0.054588 0.002525 0.000472 -0.000755 0.000732 0.000505 -0.000207 -0.002378 
0.027413 -0.000060 -0.000035 0.001997 -0.000739 0.001106 0.001251 -0.000059 
-0.030801 0.003741 0.002413 -0.001564 0.000378 0.001948 -0.002854 -0.003192 
0.013966 0.000554 0.001441 -0.000546 -0.002997 0.000769 0.000659 0.000008 
-0.011160 0.004237 -0.001370 0.000930 0.000181 0.001342 0.000830 -0.000556 
-0.004897 -0.001717 -0.000192 -0.001605 0.000101 0.000310 -0.001402 0.000516 
0.004289 0.002616 -0.000275 -0.000687 -0.003402 0.002341 0.001307 0.000079 
-0.017783 -0.000370 0.001668 -0.000679 -0.000589 -0.000753 0.000275 -0.001098 
0.016359 0.002588 -0.001134 0.000466 0.000993 0.001544 -0.002723 0.001150 
-0.030665 -0.000451 -0.003450 0.001423 0.003667 0.000448 -0.002221 -0.002959 
0.027851 0.002300 -0.001551 0.000872 0.000570 -0.000210 -0.001430 0.000468 
-0.041917 -0.001774 -0.000641 -0.001485 0.002102 -0.000738 -0.000192 -0.002369 
0.042499 0.003205 -0.002504 -0.000396 -0.000719 0.001256 0.000016 -0.000363 
-0.050908 0.003727 0.000715 0.000237 -0.000642 -0.000953 -0.001850 0.002854 
0.050921 0.002182 0.000814 0.000311 0.002293 0.002846 0.000181 -0.001838 
-0.051806 -0.000713 0.003683 -0.002377 -0.000479 0.002341 -0.001236 0.002782 
0.062796 -0.005120 0.004427 0.001891 -0.002324 0.002824 -0.002117 -0.001132 
-0.075672 0.017179 0.003183 -0.006538 -0.004524 0.003521 -0.002616 -0.000660 
0.104305 -0.019603 0.009332 0.005623 -0.004609 0.002365 0.002396 -0.003775 
0.015964 0.000438 0.002695 -0.000616 -0.000651 -0.000706 -0.001338 -0.002886 
-0.023658 -0.000246 0.000006 -0.000296 -0.000013 -0.002291 0.000969 -0.001092 
0.006674 0.000002 0.001112 0.000142 0.000930 0.001911 0.001005 0.000657 
-0.013700 0.000359 -0.000221 0.001681 -0.001282 0.000122 0.000430 -0.000611 
0.007480 -0.000537 0.000556 -0.002139 0.000402 -0.000383 -0.003042 -0.000055 
-0.004671 0.000427 -0.002022 0.001624 0.001087 -0.001174 0.001975 0.001928 
-0.001468 0.002157 0.001869 0.001214 -0.001362 0.000881 0.001425 0.001861 
0.001634 0.004420 0.000729 -0.001752 -0.000351 -0.000828 -0.000145 0.000473 
-0.008086 0.000041 -0.001207 -0.002673 0.000272 0.000545 -0.000129 -0.000201 
0.006210 0.001677 0.001217 -0.000804 0.000627 -0.001088 -0.000391 -0.000256 
-0.010739 0.000510 -0.000256 0.000066 0.001790 -0.000628 0.000351 -0.002199 
0.012717 0.001309 0.000618 0.001898 0.002428 0.001395 0.002452 -0.000403 
-0.013725 0.000077 0.002239 0.001414 -0.000699 0.000028 0.001318 -0.000973 
0.022413 0.000314 -0.001009 0.001159 -0.000632 -0.000442 0.000186 -0.002979 
-0.020813 -0.001729 0.000384 -0.001827 0.001228 0.002964 -0.000718 -0.000080 
0.021181 0.001213 0.000929 0.000240 0.002157 0.000161 0.003099 0.000652 
-0.024377 -0.005683 0.002942 -0.000775 0.001677 0.001006 0.003816 -0.001981 
0.027453 -0.002855 0.002725 0.001040 0.001241 0.001967 -0.000850 -0.001918 
-0.031727 -0.028115 0.006621 0.000926 -0.003135 0.003497 0.002020 -0.001928 
0.084740 -0.008126 -0.001349 0.006731 -0.000940 -0.000694 0.001858 -0.000772 
-0.000878 -0.006830 0.000055 -0.000075 -0.001482 -0.001491 0.002485 -0.000798 
-0.037754 -0.000325 0.000320 -0.000346 -0.000052 0.000468 0.000915 -0.004213 
-0.002760 -0.002681 -0.003063 -0.002327 -0.000491 0.000765 0.000588 -0.001570 
-0.023763 -0.001282 -0.000973 0.000504 0.001598 -0.000079 0.000015 -0.001502 
0.000211 0.001346 -0.000560 0.001983 0.000865 -0.000324 0.000548 0.001592 
-0.009536 -0.003993 -0.000190 0.000070 -0.002178 -0.000201 -0.002602 0.000651 
0.001969 -0.001748 -0.001099 0.000002 0.000757 -0.002808 -0.002056 0.000635 
0.004249 -0.006683 0.001706 -0.001128 -0.000241 -0.000995 0.000756 -0.002527 
0.002481 0.001106 0.002027 0.000102 0.000289 -0.000579 0.000848 -0.000423 
0.020997 -0.002440 0.003031 0.003039 0.000197 -0.000098 -0.000753 -0.000926 
0.003309 0.001738 -0.002668 0.000988 -0.000745 -0.000284 -0.000600 -0.001415 
0.033645 -0.001006 0.000529 0.000763 0.002866 -0.000013 -0.000384 -0.000128 
0.005287 0.004229 0.001840 -0.000025 -0.000250 0.001334 -0.000631 0.001203 
0.046555 -0.000508 0.001127 -0.002031 -0.001716 0.002088 0.001028 0.000165 
0.004087 0.001892 0.001482 -0.000133 -0.003275 0.001790 0.001488 0.000986 
0.048847 -0.004164 0.002819 -0.001667 0.001715 0.002585 0.000204 -0.002547 
-0.001944 0.005472 -0.002265 -0.001486 0.000529 0.002022 -0.000779 -0.001217 
0.035285 -0.002621 0.003400 -0.001308 0.004611 0.006515 -0.003028 -0.002836 
-0.004165 0.006842 0.005674 -0.002273 -0.008898 0.009818 -0.000053 0.001739 
-0.010145 -0.000086 0.010489 -0.009878 0.005433 0.010675 0.000909 -0.001279 
0.055029 -0.019538 -0.002001 0.000694 0.001163 0.000824 -0.000062 -0.002493 
-0.175704 -0.008929 0.002143 0.000811 -0.000887 -0.002121 -0.000242 -0.000658 
0.022534 -0.006217 -0.000277 -0.000624 0.002150 0.000812 0.001241 -0.002298 
-0.097355 0.001802 -0.000471 0.001268 0.001698 -0.002677 -0.003312 -0.003644 
0.013329 -0.000991 -0.003411 -0.001869 0.000599 0.000383 -0.000698 -0.000166 
-0.038985 0.001220 -0.001683 -0.002268 0.001254 -0.000020 0.001106 0.001251 
-0.002357 0.001259 -0.000302 0.000286 -0.000112 -0.001184 0.001013 -0.001683 
0.010480 0.002567 0.000106 -0.000542 0.001542 -0.001478 -0.001176 0.000364 
-0.015861 -0.001358 0.001587 -0.001893 0.000436 0.001308 0.001993 0.000238 
0.060456 0.002501 0.000130 -0.002120 -0.000946 -0.000965 -0.002336 -0.001236 
-0.029297 -0.005539 -0.000124 -0.001665 0.000155 -0.000758 -0.001701 0.000722 
0.109176 -0.000586 -0.001974 -0.000920 0.001404 -0.002038 -0.000834 -0.000046 
-0.041432 -0.013565 0.001436 0.001560 -0.002044 -0.001934 -0.000261 -0.002067 
0.157501 -0.009208 0.001218 0.001148 -0.001666 0.000026 -0.001841 -0.001459 
-0.056664 -0.019283 0.001227 -0.000581 0.001598 -0.000060 0.000948 -0.000076 
0.186851 -0.010654 -0.000744 -0.000939 0.002105 0.000061 -0.003629 0.001413 
-0.062615 -0.021508 0.002803 0.002460 -0.001470 -0.000832 0.001267 -0.002443 
0.197793 -0.015308 0.000496 0.000463 0.001078 0.001375 0.000262 -0.001822 
-0.097870 -0.030183 0.007954 0.001745 -0.004910 -0.000498 0.001272 -0.001575 
0.258650 -0.034124 -0.003058 0.002999 0.000040 -0.003285 0.001175 0.000502 
0.018568 -0.005041 0.000452 0.002478 -0.000765 0.000863 -0.000493 0.000251 
-0.027664 0.005641 0.002083 -0.000117 0.000026 0.001141 -0.001010 0.000655 
0.010369 0.000813 -0.000911 0.000433 -0.001186 0.001980 -0.000088 0.000698 
-0.018955 0.004149 0.001659 -0.001106 0.002101 0.003751 0.000548 -0.001654 
0.007764 0.000161 0.002347 -0.003185 0.001891 0.001361 0.000389 0.000457 
-0.007557 0.000887 -0.001289 0.000528 -0.001865 0.001389 -0.000703 0.002315 
-0.001758 -0.003135 -0.000809 -0.002041 -0.000597 0.001880 -0.001903 -0.000090 
0.002792 0.001289 0.001174 0.002336 -0.002337 -0.001304 -0.001416 0.003294 
-0.007720 -0.002918 -0.000190 -0.000509 0.003161 0.000829 -0.001108 0.000146 
0.009112 0.001327 0.000852 0.000643 -0.003485 0.001141 0.001811 -0.000380 
-0.013858 -0.003728 0.002716 -0.001033 0.001255 0.001672 -0.000477 -0.003403 
0.017113 -0.000600 0.001947 0.004026 -0.000583 0.003847 -0.000900 -0.000857 
-0.016565 -0.000465 0.000311 -0.004088 0.001821 -0.000165 0.000172 -0.000646 
0.025506 0.000403 0.000353 0.001669 -0.003495 0.004702 0.002148 -0.001655 
-0.015213 -0.001859 -0.001793 -0.002781 0.004453 0.003830 -0.001015 -0.001056 
0.021442 0.003541 0.000509 0.000951 -0.005929 0.005604 0.002567 -0.003554 
-0.022566 -0.000825 -0.004936 -0.004535 0.004489 0.001176 -0.003470 0.001160 
0.021740 -0.000553 0.003763 0.003620 -0.002079 0.006370 0.002425 0.000321 
-0.040448 0.024475 -0.005444 -0.004370 0.000478 0.000473 -0.003940 0.003688 
0.045622 -0.010934 0.005308 0.000969 -0.000929 0.009376 0.000959 0.000919 
0.023711 -0.008596 -0.002660 0.000431 -0.002585 0.000983 0.001375 0.000791 
-0.025471 0.004699 0.002130 0.000667 0.001510 0.003817 0.000423 -0.000318 
0.012764 -0.002712 0.000742 0.002743 0.001557 -0.000028 -0.000795 0.000568 
-0.016544 0.004698 0.003749 0.000594 0.000127 -0.001812 -0.000288 -0.000126 
0.007528 -0.000290 -0.001204 -0.001552 -0.001645 -0.002108 -0.001271 0.000526 
-0.006600 0.004182 0.000639 0.000937 0.001716 0.002397 0.001436 0.000978 
-0.000358 -0.000481 -0.000152 0.000033 -0.000512 0.000186 0.000946 -0.001287 
0.001348 0.001741 -0.000902 -0.000443 -0.000251 0.000134 0.000284 -0.000949 
-0.012580 0.000194 -0.002648 0.000065 0.002047 0.000402 -0.000323 0.001720 
0.009333 0.001425 0.002649 0.000178 -0.004694 0.000222 -0.001271 0.001289 
-0.015398 0.000543 0.000565 -0.002159 0.002158 0.001790 -0.001026 -0.001354 
0.013762 0.001850 0.000664 0.001586 -0.001904 0.000570 0.001166 -0.000851 
-0.018980 0.001395 -0.001280 -0.002033 0.000581 0.000745 -0.001104 -0.000162 
0.017570 -0.002053 0.001382 0.000507 -0.001367 0.007576 0.001763 -0.000995 
-0.021732 0.002757 0.002384 -0.003127 0.000654 0.000748 -0.006826 0.000173 
0.022393 -0.000584 0.003628 -0.000250 -0.002929 0.005663 0.002546 -0.000635 
-0.016500 0.004301 0.000773 -0.005558 -0.000206 0.002727 -0.002856 0.003321 
0.015297 -0.000369 0.002971 0.001785 -0.004348 0.004591 -0.002670 -0.004004 
-0.018641 0.036964 -0.007937 -0.004086 -0.000174 0.002457 0.000253 0.003349 
0.037932 0.000415 0.007446 0.004343 -0.001002 0.001157 0.003274 -0.004976 
0.026537 -0.007396 -0.000980 -0.000432 -0.000465 -0.000418 -0.002674 -0.001040 
-0.024219 0.004561 0.001527 0.000183 -0.001362 -0.000434 -0.000273 0.001254 
0.017668 -0.002655 0.001188 -0.000721 -0.000226 0.002169 0.001565 -0.000659 
-0.008982 0.005559 0.001438 0.000418 -0.001335 0.001873 0.000206 -0.000001 
0.005234 0.001452 0.000611 -0.002892 0.000598 -0.000443 0.001412 -0.000193 
-0.006334 0.004530 -0.002268 -0.000406 -0.002027 0.001987 -0.000777 0.001033 
-0.001769 -0.001817 -0.001374 -0.002094 0.001170 -0.001194 -0.002259 0.001625 
0.000725 0.002991 0.000361 0.001224 -0.000044 0.001465 -0.000530 -0.002059 
-0.008388 0.000866 0.000397 0.003599 0.000420 0.000055 -0.000469 -0.000870 
0.010774 0.000359 -0.002068 -0.000215 -0.002884 0.000090 0.000803 -0.000124 
-0.017680 0.003471 0.002537 -0.002957 0.000489 0.001552 -0.000705 0.002051 
0.012666 -0.000896 -0.000552 -0.003491 -0.004617 0.001710 0.001836 0.000897 
-0.023773 0.003084 -0.000508 -0.003404 0.004635 0.003122 -0.002457 0.000263 
0.018569 -0.000416 0.003187 -0.002754 -0.002696 0.006308 0.000582 -0.001552 
-0.023879 0.002656 -0.000232 -0.001584 0.004821 0.003877 -0.002309 0.001924 
0.022161 -0.000418 0.005714 0.003389 -0.003063 0.005755 -0.003587 -0.001275 
-0.009193 0.003066 -0.004674 0.002046 0.003500 0.003006 -0.002412 -0.002786 
0.017724 0.003443 0.000280 0.003626 -0.001093 0.002450 -0.000354 0.001394 
-0.025769 0.053032 -0.005166 -0.003650 -0.000320 0.004621 -0.004778 0.009870 
0.033062 -0.000451 0.006860 0.003609 -0.003166 0.002628 0.005743 -0.003973 
0.021800 -0.007735 0.000555 0.001332 -0.000918 0.001349 0.003244 0.001268 
-0.015616 0.004904 0.002297 -0.000118 -0.001704 0.001717 -0.000782 -0.001046 
0.010439 -0.000737 -0.003566 -0.000362 -0.000424 -0.000553 -0.003719 -0.002407 
-0.012969 0.003336 -0.001065 0.000145 0.001575 0.000039 -0.001584 0.000894 
0.006180 0.000950 0.000807 -0.000421 0.000552 -0.001642 -0.000189 -0.000084 
-0.001015 0.002828 0.002205 0.001554 -0.000508 -0.000934 0.000649 -0.002113 
-0.002701 -0.000974 -0.000570 0.001194 0.002500 0.000254 0.000558 0.001788 
-0.000446 0.003043 0.003368 0.000758 0.000698 0.000512 0.000052 0.001807 
-0.008464 -0.001561 -0.000317 0.001138 0.001766 -0.002375 0.001078 0.001674 
0.004879 0.001495 0.001535 -0.001443 -0.000549 -0.001729 0.001256 0.000486 
-0.009219 -0.000947 0.000193 0.001295 -0.000297 0.001170 -0.001815 -0.000554 
0.008913 0.000738 0.002279 -0.000914 0.001574 0.000321 -0.000035 -0.000793 
-0.019317 0.001270 -0.000595 -0.003378 0.002722 -0.001218 0.004027 0.003029 
0.015311 0.002686 0.003637 0.000335 -0.001907 0.001635 0.000480 -0.000356 
-0.017243 0.005746 -0.000720 -0.004012 0.001535 0.003112 0.003250 0.001588 
0.009096 0.002029 0.001811 -0.001384 -0.001066 0.003812 -0.000664 -0.001219 
-0.014607 0.001061 -0.003747 0.002311 0.000832 0.001389 -0.001957 0.000913 
0.017129 0.000562 0.000279 0.002534 -0.001801 0.008222 0.002638 0.000589 
-0.014805 0.035182 -0.007615 0.001937 0.003348 -0.001724 0.000567 0.005075 
0.016681 -0.003587 0.007915 0.002705 -0.000306 0.008451 0.002291 0.002199 
0.019592 -0.001840 -0.002462 0.001314 -0.000199 -0.001857 -0.002413 0.000543 
-0.013762 0.005178 -0.000940 -0.001112 0.003132 -0.001717 0.001787 -0.000204 
0.010174 -0.001294 0.001009 -0.002624 0.001402 0.000709 -0.000397 0.001953 
-0.010793 0.007605 -0.000240 -0.002375 0.001688 -0.000560 0.000097 0.000449 
0.007184 -0.002627 0.003007 0.000385 0.001934 -0.001506 0.000855 0.001058 
-0.005040 0.002899 0.000708 0.000586 0.000408 -0.000068 0.001194 -0.000634 
-0.002355 0.002909 -0.002345 -0.002751 0.001997 -0.000998 -0.001829 -0.000060 
0.002803 0.002873 -0.001298 -0.000522 0.000806 0.001611 -0.001487 -0.001779 
-0.006599 -0.000353 0.001096 -0.000820 0.001718 -0.000724 0.002947 -0.001869 
0.004384 0.000389 0.001938 -0.003207 -0.000419 0.001670 -0.001634 0.000329 
-0.013396 -0.000342 0.000822 0.000480 0.001807 -0.001801 -0.000635 0.001610 
0.013234 0.000130 0.002269 -0.000231 -0.000120 0.001882 -0.000225 0.001226 
-0.015708 -0.000243 -0.001090 -0.001122 0.001072 0.000729 0.000203 0.002564 
0.012314 0.001933 0.001163 -0.000015 -0.001528 0.002182 -0.000502 -0.000770 
-0.018618 0.004974 0.003101 -0.000775 0.001607 0.002055 -0.000987 0.001019 
0.015654 -0.000153 0.002839 -0.000543 -0.000856 0.001967 0.000922 -0.000099 
-0.015870 0.008146 -0.002637 0.001830 0.002765 0.003972 -0.000966 0.000784 
0.016733 0.003598 -0.001115 0.000813 -0.001428 0.000854 0.002145 -0.001872 
-0.027828 0.035360 -0.005701 -0.006235 0.004100 0.000802 0.000486 0.006456 
0.012893 0.000971 0.012124 0.005580 0.000035 0.001995 -0.002675 0.000216 
0.014057 -0.001610 -0.001192 -0.000890 -0.002681 -0.001864 0.000397 -0.000621 
-0.009017 0.000715 0.000796 0.000207 -0.002135 -0.000414 -0.000662 0.000758 
0.010246 0.000244 -0.000414 -0.003317 -0.001184 0.000656 -0.000671 0.002985 
-0.007763 0.004008 0.000420 -0.001029 0.000896 -0.000055 -0.000758 0.001112 
0.005698 0.003545 0.002678 0.000354 0.000405 0.000404 -0.001909 0.002295 
-0.002260 0.001041 -0.002018 -0.000703 0.003470 -0.000661 0.003046 0.001429 
-0.002510 0.002161 0.001787 -0.001343 -0.001270 -0.000563 -0.002764 -0.000161 
0.000669 0.004434 -0.000949 0.000620 -0.003598 0.001496 -0.001126 -0.002691 
-0.005278 -0.000788 0.000147 -0.001194 0.002716 -0.003432 -0.002696 0.000085 
0.005596 0.000430 0.001994 0.001638 0.000999 0.001739 0.000039 0.000333 
-0.009059 0.001888 0.000199 -0.002674 0.001453 -0.002438 0.001877 0.000364 
0.002018 -0.000167 0.000502 -0.004078 -0.002202 0.002868 0.000047 -0.000588 
-0.009616 -0.000155 0.001628 -0.001382 0.002529 0.001293 0.000192 0.003158 
0.011161 -0.001755 0.002059 -0.000030 0.000226 0.002024 -0.000180 0.000357 
-0.012977 -0.000126 -0.001375 -0.003207 0.003392 0.002831 0.001404 0.003454 
0.008962 0.001110 0.003913 -0.002633 -0.000923 0.002957 0.001633 -0.000432 
-0.010095 0.003615 -0.002698 -0.000989 0.004489 0.000653 0.001470 0.002541 
0.004406 -0.003243 0.002338 -0.002143 0.002568 0.000577 0.004295 0.000962 
0.009685 0.001263 -0.005905 -0.002317 0.005746 -0.001090 0.001504 0.002893 
0.006336 0.001951 0.010178 -0.002434 0.002124 0.001451 0.001839 -0.000412 
0.009234 -0.003470 0.002163 0.000675 0.000944 0.000356 0.000650 -0.000172 
-0.007360 0.002465 -0.001083 0.001553 -0.000025 0.002402 -0.002283 -0.002765 
0.004557 -0.000149 0.000034 -0.001166 0.001903 -0.001279 0.000808 -0.000770 
-0.005703 -0.001589 -0.003479 -0.001275 -0.001943 0.000407 0.001593 -0.000377 
0.003126 -0.001373 0.001440 -0.000520 0.000273 -0.000364 0.000913 -0.001009 
-0.003496 -0.000468 -0.001413 -0.000181 0.001475 0.001027 -0.000581 -0.000688 
-0.000906 0.002199 0.001368 0.002071 -0.001154 0.001666 -0.000797 0.001168 
0.001186 0.001426 0.000876 -0.001067 -0.001354 0.001870 -0.001623 -0.000331 
-0.001871 0.003681 -0.001410 0.001841 -0.000818 0.001522 0.000195 0.002832 
0.003081 -0.001310 0.002478 0.000813 -0.002119 0.001612 -0.001694 0.000523 
-0.006276 -0.001616 0.001017 -0.001553 -0.000674 -0.001436 0.001729 -0.002366 
0.007208 -0.002380 -0.001379 -0.001205 -0.001382 0.000865 -0.000873 0.001483 
-0.007241 -0.001273 -0.001454 0.000918 -0.000470 -0.001239 -0.001188 -0.000670 
0.006790 -0.001580 0.001217 0.001882 -0.000846 0.001397 0.001131 -0.002328 
-0.007378 0.001401 0.000666 -0.003494 0.002818 -0.001030 -0.001452 -0.002154 
0.007457 -0.004803 0.002268 0.002197 0.002097 0.003857 0.000216 -0.003304 
-0.012032 -0.001676 -0.000062 -0.001921 0.002464 0.002091 -0.000480 -0.000415 
0.002636 -0.001911 0.002573 0.000418 0.001196 0.004561 0.000536 -0.002984 
-0.030212 -0.003322 -0.002136 -0.005524 0.001277 0.002254 -0.001487 0.000487 
0.025063 0.001421 0.001846 -0.000547 -0.005073 0.002015 -0.002905 -0.003233 
0.003781 -0.001621 -0.000240 0.000193 0.003863 -0.002700 0.000923 0.000791 
-0.008983 0.000319 0.001103 0.000931 0.001273 0.001395 0.002760 0.000254 
0.003444 -0.001016 -0.000727 0.000447 0.001905 0.001343 -0.000697 0.003339 
-0.007523 0.001844 -0.003065 -0.000969 0.000959 -0.000341 -0.003808 0.001840 
0.004179 -0.000818 0.000248 0.000246 0.000159 0.000069 0.000826 -0.000106 
-0.001731 0.000979 0.001901 -0.001880 0.000098 -0.000962 -0.001127 0.002415 
0.000245 -0.004210 -0.001203 0.000253 -0.000258 0.001281 0.001559 -0.000754 
0.000004 0.002637 0.000668 0.002247 -0.000132 0.001807 -0.001717 0.000470 
-0.005698 -0.000418 -0.001011 0.002101 0.003014 0.001136 0.000600 0.001484 
0.005561 -0.000548 0.002410 -0.000693 -0.001432 0.001004 -0.000744 0.000809 
-0.003088 -0.000317 -0.000376 0.000607 0.000974 0.001030 -0.002358 -0.001496 
0.008419 0.001611 -0.002135 -0.001499 -0.002957 0.000734 0.001608 0.001874 
-0.004716 -0.001481 0.001934 0.000256 0.002065 0.003608 -0.001604 -0.001793 
0.009533 -0.000125 0.002055 0.000859 -0.000692 -0.000559 -0.001597 -0.001519 
-0.005091 -0.000832 -0.001768 -0.004457 0.001115 0.006121 0.000718 -0.002199 
0.006418 0.005341 0.003574 -0.000180 0.000338 0.002050 -0.000974 -0.001822 
-0.002053 0.000756 -0.003245 -0.000900 -0.000215 0.003167 0.001529 -0.005038 
0.012502 0.001615 0.003657 -0.002255 0.001017 0.002732 -0.000482 0.002027 
0.001043 -0.025835 -0.003402 0.000357 0.000223 -0.001084 0.001748 0.004576 
0.019239 -0.002246 -0.002092 0.000230 -0.001803 0.004115 -0.001278 -0.003515 
0.004793 0.002196 0.000523 0.000258 -0.000795 -0.000887 -0.001551 -0.002132 
-0.008323 -0.000687 0.002025 -0.000543 0.001326 0.000407 0.003991 -0.002449 
0.001803 -0.000082 0.000478 -0.001605 0.001825 0.000985 0.000010 0.000157 
-0.007481 -0.001122 0.000092 -0.000717 0.001127 0.001978 0.001561 -0.000144 
0.000103 -0.000646 -0.000315 0.001258 0.000317 0.000418 -0.001604 0.000138 
0.000026 -0.000686 -0.000968 -0.000608 -0.000740 -0.001664 -0.000588 0.000408 
0.000044 0.000903 -0.000055 0.000915 0.000366 -0.000064 -0.000519 -0.000470 
0.002291 0.000028 -0.000540 -0.000254 0.002937 -0.001894 0.000778 0.000754 
-0.001732 0.000757 -0.001254 -0.001291 0.001751 -0.001170 0.000079 0.001751 
0.003008 -0.001074 0.002613 -0.000127 0.003344 0.002941 0.000449 0.000346 
-0.002320 -0.001857 0.001285 -0.001096 -0.001052 0.003308 0.000841 -0.000013 
0.010027 0.001363 0.001837 0.001147 -0.000006 0.001328 -0.001033 -0.000169 
-0.007437 -0.000031 0.001749 0.001872 0.002016 -0.002289 0.001754 -0.000407 
0.008684 0.000356 0.001224 -0.001399 0.001469 0.001409 -0.001227 -0.002980 
-0.006003 0.000481 -0.000259 -0.000550 0.005974 0.005601 0.001217 -0.000996 
0.009026 -0.003748 0.000677 -0.001731 -0.001872 0.002595 -0.000624 0.000717 
-0.006375 -0.002256 -0.003018 -0.002825 0.003050 -0.000747 0.003405 -0.000067 
0.008383 -0.001391 0.004887 0.000959 0.000554 0.001183 0.000211 -0.001167 
-0.010376 0.008596 -0.003785 0.000418 0.004065 0.002175 -0.003309 0.005748 
0.055076 0.000207 0.007355 0.000552 0.001034 -0.000916 -0.000900 0.000931 
0.001518 0.000829 0.003080 -0.002827 0.000400 0.001247 0.002124 0.001099 
-0.010121 0.001819 -0.000902 0.000106 -0.002263 0.000880 0.000484 0.002090 
0.002430 -0.002793 0.000746 -0.000401 -0.000290 0.000351 -0.000771 0.001527 
-0.002990 0.000264 -0.001663 0.002981 -0.000321 0.002134 -0.000880 0.002450 
0.002018 -0.000476 -0.002204 -0.000372 0.000868 -0.002860 -0.001009 0.000531 
-0.002293 0.000580 0.000996 0.000481 0.001544 -0.001841 -0.000022 0.000578 
0.000395 0.001474 0.003476 -0.001505 -0.000600 0.000464 0.001684 -0.000963 
0.001043 0.000475 0.001784 0.001453 -0.002051 0.002005 -0.000224 -0.000025 
-0.003622 0.001784 -0.003052 0.000276 0.000163 -0.001361 0.000524 0.002581 
-0.000842 -0.001800 -0.000280 -0.000819 -0.001133 0.000240 -0.000558 0.000720 
-0.002080 0.002296 0.003060 -0.002781 0.002302 -0.000170 -0.003085 -0.002193 
0.004176 0.002644 -0.000306 0.000289 -0.000687 -0.000954 -0.000414 -0.000736 
-0.001614 -0.001982 0.000117 -0.001351 0.001059 -0.001936 -0.001884 -0.001299 
0.009942 0.000693 0.000066 -0.000108 0.000283 -0.002043 0.000451 -0.000295 
-0.006750 -0.001174 -0.001991 -0.001104 0.002547 0.000407 0.000338 -0.000720 
0.004233 0.000961 0.000554 -0.000744 -0.000615 0.003065 0.002853 -0.003107 
0.002238 -0.000255 -0.001643 -0.004520 0.000220 0.001399 -0.003674 -0.000722 
0.002702 0.003707 0.002698 -0.001800 -0.002752 0.005389 0.001028 -0.001362 
-0.002697 -0.001647 -0.004615 -0.003759 0.005078 0.006270 -0.004299 -0.000158 
0.012449 -0.001297 0.002163 -0.001047 0.001405 0.007144 -0.000609 -0.001782 
0.000177 -0.002818 -0.002235 0.001510 -0.000875 0.001621 -0.001332 0.001284 
-0.008589 0.002477 0.000670 -0.000385 -0.001508 -0.001128 -0.002263 0.002544 
-0.001215 -0.000591 0.001066 0.001564 0.000115 0.000923 -0.000227 0.000083 
-0.002950 0.001179 0.000402 0.000621 0.000982 0.002565 -0.001914 -0.000255 
-0.000961 0.001397 -0.000362 0.000344 0.000243 0.000401 -0.000790 0.001146 
-0.001388 -0.000923 0.001078 -0.000456 -0.002691 0.000722 0.002571 0.002599 
0.000219 -0.001276 0.000496 -0.001111 0.001248 -0.001676 0.000688 0.000543 
0.002078 -0.001845 -0.001906 0.000169 -0.002226 0.001425 -0.002287 -0.000473 
0.000635 -0.001185 -0.000970 0.001512 -0.000999 -0.000764 -0.000144 -0.000644 
0.007811 0.006489 -0.001729 0.002270 -0.000213 0.000250 0.000209 0.000762 
-0.001819 -0.003399 -0.000054 -0.001682 -0.000510 0.003693 0.001093 -0.000783 
0.004269 -0.000796 -0.000405 0.000761 0.000254 -0.000369 -0.000512 -0.002467 
0.001206 0.000418 -0.002884 -0.001508 -0.001333 0.001294 -0.002433 -0.000790 
0.007259 0.001001 -0.000038 0.000610 -0.000115 0.000575 -0.000468 0.000258 
-0.000135 -0.000178 -0.001488 -0.002046 0.002398 0.003235 0.000665 0.003185 
0.005627 0.000162 0.000508 0.000609 -0.003440 0.002094 0.000121 -0.002058 
0.004510 -0.000781 -0.007666 0.000232 0.003239 0.002042 -0.000483 -0.002665 
-0.004955 0.001419 0.006466 0.001391 -0.004738 0.004217 -0.001965 -0.002921 
0.002425 0.011183 -0.000589 -0.002047 -0.003834 -0.002249 -0.005742 -0.003616 
-0.020418 0.003346 0.005699 -0.001238 -0.004650 0.005891 0.002414 -0.002449 
-0.004813 -0.002791 -0.000027 -0.000344 0.001889 0.000676 0.002081 -0.001102 
-0.020962 -0.003093 0.001295 -0.000735 0.001333 0.000974 -0.001649 0.000137 
-0.002339 -0.004703 -0.001363 -0.000289 0.001604 -0.000315 -0.001959 0.002121 
-0.011888 -0.000047 0.003815 0.000070 -0.000435 0.000503 0.001437 -0.002218 
-0.000072 -0.003676 -0.000377 -0.000313 0.000452 0.000717 -0.001057 -0.002159 
-0.003595 -0.000164 -0.000965 0.000505 -0.001286 0.001677 -0.000811 0.002656 
0.000474 -0.000998 0.000822 -0.001281 0.001766 0.001574 -0.001521 -0.000412 
0.001476 -0.002451 -0.000236 -0.002532 0.000276 0.000651 0.003201 0.000879 
-0.000029 0.000775 -0.001973 -0.002778 0.000359 0.000992 0.000850 0.001322 
0.008197 -0.002733 0.000447 0.000281 0.001477 0.001751 -0.001851 0.000508 
0.000046 0.003903 -0.003594 -0.000659 -0.000426 0.001937 -0.000668 -0.002031 
0.016838 -0.004363 0.002422 -0.001829 0.000490 0.005523 0.002659 0.002986 
0.002546 0.003154 -0.002873 -0.005079 -0.001667 0.003030 0.000724 -0.000943 
0.021097 -0.003120 -0.001209 -0.001825 -0.000688 0.004328 -0.000076 -0.001689 
0.005849 0.006150 -0.001476 -0.005975 -0.005219 0.002809 0.002091 0.002105 
0.022104 -0.004832 -0.001824 -0.002470 -0.001165 0.002357 0.002648 -0.002232 
0.006471 0.011406 -0.002338 -0.006102 -0.001686 0.001757 0.001593 -0.000833 
0.025374 -0.005681 0.001604 -0.001317 -0.002282 0.008794 0.000236 -0.006255 
-0.002064 -0.008750 -0.004568 -0.008443 -0.006556 0.007506 0.000571 -0.002828 
0.010185 -0.007463 -0.002434 -0.003070 -0.001647 0.010340 -0.000039 -0.007855 
-0.007691 -0.010979 0.004921 -0.001331 -0.000879 0.006675 0.000889 0.001284 
-0.037358 0.000721 -0.002069 -0.000090 0.004457 0.000640 -0.002243 0.003088 
-0.003853 -0.004330 0.001481 -0.000213 -0.004490 -0.001301 0.000183 -0.001920 
-0.019840 0.000797 0.002661 -0.000190 0.001832 0.002150 -0.001172 0.000768 
-0.001547 -0.002453 0.002252 -0.000757 -0.002240 0.002141 -0.002566 0.001257 
-0.007139 -0.003571 -0.001404 -0.004851 0.001730 0.001711 -0.002175 0.000532 
0.000297 -0.000054 0.005628 -0.002047 -0.003790 0.002993 -0.001388 -0.000952 
0.005186 -0.004286 0.001692 -0.008612 0.004757 0.001905 -0.001703 -0.001633 
0.002538 0.001872 0.003530 -0.003344 -0.002216 0.003657 -0.001120 -0.001453 
0.013405 -0.002750 0.004653 -0.006889 0.002119 0.003909 0.001329 0.001892 
0.007775 0.004212 0.001754 0.000064 -0.000228 0.005081 -0.001658 0.002892 
0.026208 -0.004183 0.002095 -0.008265 0.005527 -0.000112 0.002080 -0.002700 
0.008901 0.008929 -0.000475 -0.000442 -0.006013 0.005266 -0.001213 -0.000280 
0.037692 -0.004559 0.001404 -0.010446 0.004399 0.000299 0.003009 -0.000471 
0.011053 0.012277 0.003760 -0.002275 -0.007793 -0.001336 -0.001861 0.000563 
0.041652 -0.003465 0.005552 -0.016676 0.006395 0.001929 -0.000212 -0.005837 
0.008038 0.010343 0.001243 -0.003953 -0.003340 0.008699 -0.006059 0.004046 
0.039938 -0.013278 0.005721 -0.019825 0.005017 0.004654 -0.000759 -0.004935 
0.030200 0.003975 -0.001858 -0.003212 -0.012606 0.005600 -0.003939 0.000880 
0.015942 -0.012468 0.007038 -0.024220 -0.003325 0.007526 0.002256 -0.002290 
-0.004071 -0.007850 0.001003 -0.001546 -0.007313 0.002575 0.004412 0.003599 
-0.055530 0.001414 0.004307 -0.003465 0.000006 0.006685 -0.002122 -0.000431 
-0.006124 -0.003173 0.001795 0.003872 -0.002176 0.002503 0.001906 0.002904 
-0.035556 0.004054 0.004011 -0.005667 0.002460 0.006327 -0.001113 -0.000988 
-0.000532 -0.005450 0.001843 0.003590 -0.006706 0.004802 0.003935 0.004524 
-0.011527 -0.000486 0.008229 -0.000597 0.003519 0.005349 0.001417 -0.002542 
0.000853 -0.005320 -0.001900 0.002409 -0.006587 0.006320 0.004192 0.002842 
0.005882 -0.000923 0.007547 -0.006173 0.004917 0.004726 0.000599 -0.000794 
0.001523 -0.001281 -0.000740 0.003140 -0.006818 0.005795 0.001764 0.000957 
0.025534 -0.001265 0.010453 -0.008228 0.007910 0.010187 0.000379 0.001672 
0.007762 -0.001465 -0.001126 0.000279 -0.011689 0.007067 0.001943 0.004931 
0.039988 -0.001342 0.012671 -0.008863 0.009948 0.011335 0.002888 -0.001513 
0.005994 -0.002523 0.000053 -0.000283 -0.012020 0.009446 0.005524 0.006420 
0.056909 -0.001774 0.016898 -0.011164 0.013421 0.014017 0.004357 0.000067 
0.009986 0.002354 0.000083 -0.003172 -0.015008 0.014823 0.000372 0.005415 
0.066792 -0.003974 0.025059 -0.013155 0.022253 0.013511 0.006937 0.000509 
0.012511 0.006924 -0.003469 0.000943 -0.016000 0.020136 -0.003562 0.006484 
0.070983 0.001412 0.033744 -0.016661 0.024555 0.014074 0.007004 -0.000325 
-0.003674 0.045768 0.001089 -0.001736 -0.016142 0.026336 -0.005317 0.013255 
0.057740 -0.002502 0.029069 -0.017922 0.026327 0.017415 0.006667 -0.004951 
0.002751 0.012407 0.012648 -0.001048 0.001605 0.005307 0.015776 0.004869 
-0.035372 -0.040840 0.016045 -0.008200 0.019009 0.016863 -0.004706 -0.004342 
0.006243 0.004598 0.013676 -0.002066 -0.001180 0.004588 0.017442 0.009817 
-0.014045 -0.034776 0.016975 -0.011963 0.024742 0.016715 -0.001877 -0.008863 
0.011365 -0.001209 0.018413 -0.003298 0.005456 0.002504 0.019159 0.008580 
0.012046 -0.037023 0.021757 -0.007636 0.024734 0.021041 0.003539 -0.006805 
0.005079 0.004573 0.016619 -0.009616 0.003088 0.003605 0.021481 0.009325 
0.030558 -0.036981 0.030112 -0.008461 0.029883 0.018831 -0.000766 -0.001105 
0.013445 0.003895 0.021121 -0.011972 0.002194 0.001298 0.020348 0.013801 
0.051382 -0.034479 0.028556 -0.005041 0.033308 0.019782 0.004636 -0.002728 
0.018720 0.000141 0.021370 -0.017655 0.004430 -0.006314 0.020134 0.018013 
0.073517 -0.039347 0.033517 -0.002274 0.034083 0.030651 -0.000660 -0.000532 
0.020071 -0.013415 0.022423 -0.022280 0.008320 -0.003666 0.012795 0.019001 
0.084055 -0.044274 0.030031 -0.002542 0.036560 0.033902 -0.000891 0.001715 
0.018191 -0.017366 0.024788 -0.030964 0.001647 -0.002409 0.021749 0.024338 
0.094795 -0.045264 0.038126 -0.000742 0.039769 0.030888 0.002178 -0.000805 
0.015512 -0.018794 0.007184 -0.030090 0.005225 -0.004581 0.014751 0.015385 
0.106889 -0.047389 0.044522 -0.009962 0.040173 0.035320 0.006474 -0.003069 
0.025139 0.011643 0.026443 -0.024169 -0.001119 -0.000923 0.030471 0.015577 
0.102805 -0.061232 0.062883 0.001318 0.041416 0.025049 0.022568 -0.003536 
-0.035001 -0.000878 -0.000808 -0.002288 -0.000135 -0.000714 -0.000325 0.000417 
0.016011 -0.000283 -0.001198 -0.000265 0.003950 -0.000843 -0.001393 0.000714 
-0.033672 -0.000551 0.001090 0.000317 -0.001450 -0.001304 -0.002863 0.000401 
0.015584 0.001847 -0.000218 -0.001753 0.000812 -0.001200 0.000747 0.000890 
-0.016901 -0.000566 -0.000986 0.003183 0.001370 -0.002963 -0.000533 -0.001356 
0.007143 -0.001153 -0.001272 -0.001108 -0.002582 0.001350 -0.002515 0.000379 
0.001876 -0.000032 0.001141 -0.000359 -0.001567 0.000842 -0.000470 0.001333 
-0.002041 0.000248 -0.000189 0.000037 -0.000120 0.000720 0.000242 -0.000466 
0.022642 0.002937 0.002415 0.001451 -0.001481 -0.000461 -0.000846 0.001198 
-0.007383 0.000442 -0.002147 -0.001476 -0.001025 0.000199 -0.001024 0.000569 
0.037272 0.003114 -0.002344 -0.000572 0.001749 -0.002151 -0.000427 -0.000026 
-0.011541 -0.001356 -0.001027 0.001108 -0.000439 -0.000059 0.003078 0.002251 
0.040285 0.003056 0.000621 0.000998 0.001389 -0.002276 -0.001882 0.000132 
-0.012571 -0.002322 -0.000852 -0.000957 -0.001489 0.001070 0.001437 -0.000666 
0.045716 0.002165 0.001588 -0.003404 0.000715 -0.000031 -0.001578 -0.001029 
-0.019446 0.000416 0.000233 0.001912 0.000074 -0.001429 0.000555 -0.001146 
0.036586 -0.003566 -0.003409 -0.001483 -0.000065 0.001821 0.000742 0.002419 
-0.015308 -0.001649 0.000526 -0.000080 -0.000559 0.005666 -0.002757 -0.001539 
0.019957 -0.007624 0.000495 -0.000138 -0.000714 -0.000483 -0.002856 -0.001084 
0.007759 -0.000770 -0.002096 -0.001468 -0.000649 0.000809 0.000609 -0.001235 
-0.017295 -0.001291 0.000777 0.000165 0.001978 -0.000554 -0.000624 0.001236 
-0.007771 0.004622 -0.002375 -0.000852 -0.001102 -0.000746 -0.000333 0.000668 
-0.010484 0.002603 0.002354 0.001186 -0.002053 0.001480 0.000896 -0.001693 
-0.009486 0.005644 -0.001473 0.003370 0.000712 0.000719 -0.000770 0.000096 
-0.004860 0.000060 0.001653 0.000579 0.000242 0.002765 0.003090 -0.001893 
-0.000760 0.003351 0.000844 0.000465 0.002465 -0.000238 0.001438 -0.000232 
-0.001464 0.004782 0.002824 -0.000601 0.002300 0.002723 0.004515 -0.002157 
-0.000380 0.006310 -0.001488 0.002012 0.002239 -0.001694 -0.003148 0.000411 
0.003103 0.004909 0.002129 -0.004270 0.001198 0.005548 0.003811 0.001358 
-0.000342 0.006888 0.001215 -0.000650 0.000748 -0.000532 -0.001069 0.002670 
0.009671 0.002887 0.000736 -0.004323 0.001785 0.002179 0.003933 0.002653 
0.003716 0.008629 -0.000902 0.000227 0.000288 -0.001765 -0.002941 0.003601 
0.010804 0.004270 0.000666 -0.002905 0.004518 0.005921 0.008424 0.000976 
0.004366 0.007090 -0.003056 0.002715 0.004233 0.001278 -0.003089 0.000789 
0.012220 0.005089 0.001620 -0.004388 0.005216 0.005575 0.013227 0.003254 
0.002726 0.005121 0.001209 0.004121 0.001037 -0.002313 -0.005862 0.008678 
0.016172 0.003284 0.000570 -0.010146 0.011852 0.010513 0.012040 0.002487 
0.000525 0.002348 -0.001905 -0.000290 0.004347 -0.001657 -0.009259 0.002762 
0.018247 0.006741 0.004914 -0.010521 0.015738 0.019434 0.021759 0.007584 
0.007792 0.003329 -0.002683 0.003470 0.007849 0.006280 -0.005230 0.008969 
-0.036978 0.000088 0.000956 -0.002452 -0.000911 0.000055 0.000154 0.000070 
0.013883 -0.000277 -0.001617 0.000991 0.002749 0.000068 -0.001945 -0.001385 
-0.034915 0.000878 0.000567 0.002145 -0.000423 0.000382 -0.002165 0.001012 
0.013712 0.000991 0.001538 -0.003034 -0.001730 -0.000347 -0.001996 0.000858 
-0.017436 0.000141 -0.000160 0.001655 0.000089 -0.001034 -0.000359 -0.000803 
0.006656 -0.001459 -0.002071 -0.000407 -0.003174 0.000230 -0.001405 0.000314 
0.002251 -0.000249 0.000253 -0.000732 -0.000650 -0.000831 -0.001173 0.000284 
-0.001966 0.000273 0.000150 -0.001268 0.000870 -0.000689 -0.000632 0.001106 
0.023369 0.002036 0.002193 0.001800 -0.001072 -0.002288 0.000222 0.002015 
-0.006459 0.000201 -0.001502 -0.001686 -0.000487 0.002919 0.000151 -0.001437 
0.039206 0.002976 -0.002745 -0.000964 0.000397 0.001379 0.002171 -0.000961 
-0.009772 -0.001408 -0.000915 0.001750 0.001963 -0.000808 0.002666 0.000712 
0.042347 0.003567 -0.000044 0.001596 0.001150 -0.002578 -0.002964 0.000632 
-0.010807 -0.001921 -0.001071 -0.002826 -0.001368 0.001242 0.000151 -0.000383 
0.048722 0.001900 0.001937 -0.003440 0.000444 0.000336 0.000254 -0.000531 
-0.018182 0.000776 0.000289 0.002903 -0.001070 -0.002095 0.000292 -0.001375 
0.040153 -0.004195 -0.002976 -0.000926 -0.001046 0.002688 -0.000060 0.002052 
-0.014231 -0.001197 0.000405 -0.000001 -0.000924 0.004360 -0.001844 -0.002170 
0.024624 -0.004817 0.000692 0.000064 0.000452 0.000614 -0.001739 -0.000509 
0.010895 0.000526 -0.002130 -0.000703 -0.000797 0.001984 0.000998 -0.001168 
0.020038 -0.001478 0.001265 0.000132 0.000295 -0.001092 -0.000424 -0.001968 
-0.002312 -0.003992 -0.000930 0.000172 0.001394 -0.001632 -0.000888 -0.000911 
0.013652 0.001688 -0.000703 -0.001495 -0.003383 -0.003207 -0.000667 0.002557 
-0.003740 -0.000573 -0.000231 0.001347 0.003416 -0.000834 -0.000846 0.000851 
0.005413 0.001103 0.000856 -0.001173 -0.001835 -0.002908 0.001941 -0.001194 
0.001352 0.000984 0.000307 0.000420 0.000783 -0.000873 -0.001403 -0.000918 
-0.001781 0.000252 -0.002432 0.000822 -0.004606 -0.001422 -0.000520 0.002818 
-0.000856 -0.001291 0.001964 -0.000254 0.000096 0.000489 0.000730 -0.000131 
-0.005537 -0.002107 -0.001310 0.002093 0.000941 -0.001824 -0.001459 0.000496 
-0.001219 0.000690 0.000536 -0.000472 0.001967 -0.004668 -0.001878 -0.000357 
-0.015943 -0.000304 -0.001423 -0.001508 -0.000914 -0.002585 0.001177 0.002057 
0.000932 -0.001442 -0.002069 -0.000192 0.000415 -0.013339 0.001704 -0.001164 
-0.023580 0.001750 -0.000914 -0.001073 -0.001974 -0.010679 -0.001044 -0.001468 
0.000180 -0.001766 0.000231 0.001960 -0.000272 -0.024317 0.001848 0.000262 
-0.019711 -0.000928 -0.002346 -0.002532 -0.002405 -0.017582 -0.000996 -0.000541 
0.000271 -0.000033 0.005728 -0.001243 0.002721 -0.035723 0.003254 0.003349 
-0.020758 0.002445 -0.005147 0.000081 -0.003462 -0.028941 0.000897 -0.001116 
-0.005289 -0.001266 0.005361 -0.000638 -0.002056 -0.044862 0.004745 -0.000052 
-0.019400 -0.004464 -0.004129 -0.001049 -0.003271 -0.039482 0.008292 -0.002755 
-0.009896 -0.002914 0.005049 -0.001130 -0.007117 -0.054474 0.007302 0.007292 
0.010014 -0.001260 -0.001899 -0.002110 -0.000774 0.000336 -0.002457 0.002312 
0.014734 -0.001289 0.000607 -0.002412 -0.000161 -0.000486 -0.000379 0.001013 
0.010310 -0.000214 -0.000143 -0.000697 -0.001072 0.002478 0.002382 -0.002879 
0.011070 -0.002238 -0.000214 0.000386 0.000023 -0.000665 -0.001206 0.002390 
0.003333 -0.000702 0.000799 -0.002514 -0.000327 0.000137 -0.002946 0.002344 
0.004071 -0.003271 0.002030 -0.000465 0.001185 0.001855 0.001450 0.000823 
-0.001507 -0.000652 0.000193 0.000167 -0.001255 0.000327 0.001446 -0.000681 
-0.003090 -0.002458 0.000842 0.002879 -0.002264 -0.001239 0.001128 0.001848 
-0.004523 -0.003179 -0.002779 -0.000125 -0.000817 0.000666 -0.000328 -0.000343 
-0.004717 -0.001547 -0.000478 0.000701 0.000243 -0.002147 0.000015 0.001041 
-0.008202 0.002346 0.002506 0.002429 -0.001839 0.000577 0.000539 -0.000204 
-0.005431 -0.001881 0.002297 -0.001928 -0.001123 0.002420 0.001164 0.001247 
-0.011889 -0.003008 0.000191 -0.001555 -0.000509 0.000861 -0.001373 -0.001623 
-0.012362 -0.003892 -0.001184 -0.000769 -0.002512 0.001400 -0.000900 0.000718 
-0.011719 -0.000722 0.001364 -0.002131 0.001093 -0.001289 -0.001559 -0.000694 
-0.016473 0.000759 0.003711 -0.001046 -0.000209 0.003607 0.000009 -0.000596 
-0.012671 0.009087 -0.001447 -0.004361 0.000954 -0.002197 -0.002484 -0.000505 
-0.026302 0.002849 0.000983 0.001508 -0.000007 -0.004417 0.002760 -0.000602 
0.003095 -0.020372 0.002105 -0.004281 -0.001366 -0.004511 -0.004478 0.005061 
-0.033782 0.002536 -0.001547 -0.000016 -0.001495 -0.011457 0.002990 -0.003168 
-0.025686 -0.000483 0.001447 -0.000659 0.002841 -0.001897 -0.001685 0.001059 
0.048056 -0.001356 0.003680 0.001539 0.001458 -0.000977 0.001446 -0.001368 
-0.007703 -0.000017 0.001128 0.000298 0.002265 0.001211 -0.000757 0.001365 
0.026491 0.000017 0.001248 -0.001592 0.000544 -0.000457 0.001026 0.001853 
-0.002979 -0.000215 0.001548 0.000659 -0.000319 0.000037 0.002210 0.001841 
0.008542 0.000562 -0.000269 0.002186 0.001588 0.001454 -0.000842 -0.001368 
0.002540 0.000349 -0.000670 -0.001357 0.003813 0.003842 -0.000229 0.000326 
-0.001297 -0.000602 -0.000121 -0.000492 -0.000623 -0.000911 0.002795 0.002396 
0.005455 0.001743 -0.001694 0.001638 -0.000894 -0.000725 -0.000186 -0.001783 
-0.014496 -0.002736 -0.001541 0.000278 -0.002344 -0.002233 -0.002444 0.001334 
0.007604 -0.000516 0.001163 -0.000489 0.001308 0.000166 0.000761 0.000983 
-0.023329 -0.000001 -0.000314 0.004081 -0.000144 -0.002110 -0.000960 0.001319 
0.014967 0.001398 0.001673 0.000409 -0.001005 -0.000598 -0.000490 0.002432 
-0.031099 -0.001633 0.002289 0.002499 -0.000080 -0.000515 -0.001380 0.000062 
0.017731 -0.004403 -0.000887 0.000222 -0.000346 -0.001946 0.000315 -0.000042 
-0.042569 -0.000184 0.001054 -0.000341 -0.000335 -0.001100 0.000622 -0.000514 
0.019828 -0.000633 0.000452 0.000513 0.003961 -0.003977 -0.002760 -0.001217 
-0.053485 -0.002773 0.001294 -0.000452 -0.002044 -0.001397 0.001269 -0.000050 
0.038061 -0.022420 0.001786 0.003949 -0.002548 -0.006703 -0.001017 0.003478 
-0.096691 0.000386 0.007534 -0.002564 -0.001586 -0.002826 0.005014 0.001202 
-0.000431 0.003163 -0.000255 0.000318 0.000797 0.000444 0.001656 0.000116 
0.003011 -0.000988 0.000504 0.002761 -0.001241 0.000309 0.001800 -0.000725 
-0.000254 -0.000329 -0.000694 0.002038 0.002306 0.000565 -0.002026 -0.000852 
0.001460 -0.000557 0.000866 -0.000013 -0.003598 -0.001467 -0.000141 -0.001014 
-0.000330 -0.002263 -0.000827 0.000307 -0.000450 0.002819 -0.000459 -0.002089 
0.002043 -0.000516 -0.000065 0.000755 0.000829 -0.000812 0.000209 -0.000944 
0.000278 0.000831 0.001586 -0.000614 0.001328 -0.002940 0.001018 -0.001231 
0.000144 -0.002193 0.002310 0.001046 -0.000074 -0.000500 -0.000962 0.000914 
0.002850 0.000268 -0.002736 0.001515 -0.002980 0.000582 0.000515 -0.001293 
-0.000099 0.000222 0.000405 -0.000285 0.000407 0.000839 0.000097 -0.001209 
-0.000557 -0.000848 -0.000162 0.000277 -0.000141 -0.000931 0.001133 0.001861 
-0.001068 0.000329 0.002048 0.000755 -0.002995 0.000361 -0.001877 -0.000784 
-0.002367 -0.001122 -0.000568 0.001436 0.000209 -0.000749 -0.001416 -0.001657 
-0.001692 -0.000482 0.003528 0.000538 0.001639 -0.000518 -0.002294 -0.002054 
-0.001571 -0.001229 0.000308 -0.002606 0.002008 -0.000747 -0.002413 -0.001240 
-0.006439 0.000334 -0.000128 0.000339 -0.001652 -0.001671 0.002096 0.001703 
-0.004227 0.001168 0.000045 -0.000860 0.001986 0.000222 -0.000364 0.001810 
-0.005987 -0.002034 -0.001526 -0.002313 -0.001322 -0.002297 -0.000540 -0.001888 
-0.014441 0.018732 -0.001583 0.001140 0.000974 -0.003483 -0.002843 0.003396 
-0.016718 0.003330 -0.000347 -0.000503 -0.001245 -0.005007 0.002785 -0.002382 
0.001795 0.005098 0.000601 0.000171 -0.002013 -0.001403 0.000518 -0.001114 
-0.003970 -0.002428 -0.001652 -0.000033 0.000376 -0.001639 0.000493 -0.000402 
0.001257 -0.000970 0.000037 0.000548 0.001688 -0.000660 -0.000816 -0.000976 
-0.003231 -0.003654 -0.001449 0.000951 -0.000376 0.001265 -0.001089 -0.000956 
-0.001674 -0.000496 0.000500 -0.000555 -0.002348 -0.000573 -0.000577 -0.000489 
-0.003048 -0.001737 0.000686 -0.000160 -0.003064 -0.003044 0.001214 0.002205 
-0.000216 0.000791 -0.000209 -0.002601 -0.002512 -0.000777 0.002111 -0.002665 
-0.001132 -0.004764 0.000365 0.000309 -0.002463 0.000276 -0.000825 0.001006 
-0.001856 0.000205 -0.001825 0.001674 0.001827 0.000636 -0.000455 0.002766 
0.001663 -0.002320 -0.001362 -0.000701 0.004610 -0.001390 -0.002872 -0.000823 
-0.000020 -0.000186 0.002111 -0.000232 -0.000375 -0.000471 -0.001210 0.002835 
0.000437 -0.005628 0.001960 -0.000867 -0.000983 -0.003426 -0.001197 -0.001847 
0.000785 -0.002687 -0.000000 0.000400 0.000340 -0.000730 -0.002709 0.000664 
0.003706 -0.003993 0.002946 0.001402 -0.000117 -0.000707 -0.000682 -0.001811 
0.001180 -0.001763 0.000140 0.003071 0.001838 -0.001361 0.003087 -0.000513 
0.003182 -0.007358 0.000350 -0.000671 0.002569 -0.003418 -0.001054 -0.000179 
-0.003456 0.000705 0.002341 0.000122 0.001796 -0.001575 -0.001270 0.000423 
0.003150 -0.005922 0.002281 -0.005427 0.000585 0.001503 -0.001690 -0.000277 
-0.018388 -0.017015 0.007202 -0.001100 0.001935 -0.006651 0.004640 0.000275 
0.012496 -0.011551 0.006921 -0.001352 0.002073 -0.000654 -0.003359 0.007488 
-0.003119 0.000249 -0.000395 -0.000181 -0.001444 -0.002997 -0.001298 0.000293 
0.035040 -0.001393 -0.002325 -0.000148 0.001739 0.002155 -0.002755 0.003448 
0.004892 0.002618 -0.000018 0.001028 0.001042 0.001929 -0.000161 -0.000017 
0.018797 -0.000187 -0.000582 -0.000551 -0.002858 0.000021 -0.001517 -0.001383 
-0.000039 -0.002828 0.000137 -0.001139 0.000868 -0.000308 -0.000207 -0.002558 
0.007151 -0.003645 0.000559 -0.001108 0.001351 -0.001483 0.002618 0.000361 
-0.000515 0.000290 0.001405 0.003086 0.004442 -0.000455 -0.001787 -0.001597 
-0.002303 -0.000272 0.000910 0.000017 -0.002095 0.004173 0.000895 0.001525 
-0.000463 0.001087 0.000861 0.001094 0.001924 -0.000761 0.000456 -0.002026 
-0.011625 -0.002445 0.001542 0.000304 0.001851 -0.001512 0.000104 0.001755 
-0.005301 0.001045 -0.001408 -0.001099 -0.001059 0.000461 -0.001728 -0.002097 
-0.018467 -0.003271 0.001725 0.000403 -0.000468 -0.000612 -0.000932 0.000015 
-0.004753 -0.002325 -0.000422 -0.000965 -0.000445 0.000305 0.002290 0.000201 
-0.026246 -0.002836 -0.000183 -0.004205 -0.003649 -0.000585 -0.001804 0.001823 
-0.000508 -0.006485 0.001290 0.001757 -0.001547 0.000879 -0.001064 -0.000979 
-0.035701 -0.000645 -0.000556 0.000980 -0.000775 0.000984 -0.001389 0.000280 
-0.001582 0.000591 0.000248 0.002463 -0.001263 -0.001217 0.000069 -0.001027 
-0.049157 -0.003733 -0.000355 -0.001993 0.000839 0.000197 -0.000400 0.000467 
-0.009556 -0.018908 0.000159 -0.000194 -0.000006 -0.001594 -0.000730 0.001158 
-0.083443 0.001242 -0.000200 -0.000694 0.002422 -0.003523 0.002188 -0.000377 
-0.010247 -0.000132 0.000057 0.000006 0.000705 -0.001074 0.000956 0.003227 
0.020343 -0.000928 0.000003 -0.000049 0.001134 0.001718 -0.000052 -0.000993 
-0.000250 -0.000102 -0.001647 0.000041 0.000419 -0.000374 -0.000537 0.000196 
0.011508 0.001675 0.000300 -0.000464 0.001608 -0.000373 0.003821 -0.001203 
0.001073 0.001435 0.000407 -0.001165 -0.001809 -0.001301 -0.001015 0.000129 
0.005557 -0.000178 0.000369 0.001435 0.002709 0.000845 0.000229 -0.000027 
-0.000913 -0.000999 0.000990 -0.000848 0.000102 -0.001670 0.001111 0.000367 
-0.000437 -0.001462 0.002986 -0.000094 0.001323 -0.000279 -0.000276 -0.000436 
0.000481 -0.003045 -0.000361 0.000704 -0.001319 -0.002950 0.000132 -0.000969 
-0.005527 -0.000351 0.000893 -0.000037 0.000516 0.001531 0.002616 -0.004630 
0.000953 -0.001033 -0.000630 -0.001814 0.000122 0.000468 -0.000180 -0.001526 
-0.011403 0.000865 -0.000543 -0.000505 -0.000248 -0.000566 0.000308 0.000459 
0.001707 -0.002769 0.000860 0.001483 -0.000630 -0.002234 -0.003023 0.003198 
-0.017960 0.000680 0.004463 -0.000304 -0.001016 -0.006970 0.002889 -0.000098 
0.007585 -0.005042 0.001987 -0.001199 -0.001800 -0.004428 -0.005016 -0.002526 
-0.013054 -0.000373 0.003591 -0.002167 0.001204 -0.002635 0.003141 -0.000297 
0.004571 -0.009537 0.000743 0.000825 0.001314 -0.009563 -0.002999 0.000397 
-0.018703 0.003766 0.006773 0.003358 0.000126 -0.005031 0.001000 0.002168 
0.035185 -0.013209 0.004079 0.004050 -0.001111 -0.005886 -0.004607 0.002250 
-0.043950 -0.000596 0.010100 0.001461 0.000927 -0.003232 0.002076 0.002907 
-0.017703 0.000652 -0.001797 0.000538 -0.000110 0.000839 -0.000560 -0.000041 
0.021615 -0.001448 0.000337 -0.001942 -0.000603 0.001012 0.002224 -0.000769 
-0.007410 -0.001074 -0.000842 0.002222 0.001134 0.000559 -0.001803 0.001496 
0.009042 -0.004249 -0.000243 -0.000735 0.001443 0.000252 0.000303 -0.002400 
-0.003304 -0.002512 -0.000122 0.000268 0.000509 -0.001821 0.000603 0.001111 
0.006095 0.001341 -0.002023 0.000824 0.000363 -0.001548 -0.002055 -0.001822 
-0.000706 -0.001363 0.001962 -0.000089 -0.001563 0.000330 -0.003248 0.001682 
-0.003342 0.000154 0.002595 -0.002561 0.000570 -0.002320 -0.001447 0.000583 
0.003560 0.000238 -0.001342 0.002857 -0.001180 0.001938 0.000209 0.001000 
-0.006992 -0.002764 0.001732 0.000147 -0.000144 -0.002201 -0.001147 -0.000221 
0.004434 -0.000455 0.002016 0.000724 -0.000770 0.001486 -0.002119 -0.000811 
-0.013062 0.000164 0.000217 -0.001219 0.000616 -0.004035 0.000736 -0.000010 
0.013203 -0.002258 -0.001856 -0.001927 0.000152 -0.000890 -0.002873 0.001509 
-0.017890 -0.002313 0.003095 -0.000502 0.001010 -0.004538 0.000753 0.000445 
0.010717 -0.004310 -0.003648 -0.000238 0.002332 -0.005347 -0.002900 0.001714 
-0.019237 -0.001006 0.006014 0.001139 0.000348 -0.003162 0.000137 0.001236 
0.009799 -0.005798 0.002415 0.001440 0.004951 -0.003556 -0.003315 -0.000407 
-0.018885 0.001666 0.003536 -0.002816 0.003261 -0.003352 0.002618 0.000905 
0.030594 0.009860 0.001441 0.004125 -0.002590 -0.005049 -0.007909 0.004315 
-0.031279 0.004299 0.002198 -0.006609 0.002100 -0.001945 0.006631 0.000580 
-0.013260 0.001424 0.000124 -0.001473 0.000213 -0.001845 0.001541 -0.000100 
0.017211 -0.000625 -0.000259 0.000116 0.000249 -0.001580 -0.000643 0.000321 
-0.003663 -0.001306 -0.000538 0.002873 0.000572 0.000243 -0.000462 -0.000226 
0.011612 0.000860 -0.000290 0.000191 -0.002272 -0.003882 0.001192 -0.001841 
-0.001087 -0.001269 -0.000279 -0.001152 0.000613 -0.000486 0.002247 0.001716 
0.004430 -0.000870 0.001762 -0.002759 -0.001116 -0.000055 0.001130 0.000022 
0.000177 -0.000616 0.001373 -0.000096 0.001337 -0.003279 0.001310 -0.001438 
0.001464 0.000279 0.001266 -0.002516 0.000954 0.001428 0.001104 -0.001636 
0.002020 0.000685 0.000003 -0.000111 0.002375 -0.000382 0.001605 -0.000916 
-0.007216 -0.002827 0.001545 0.000259 0.001237 -0.001619 -0.001065 -0.002005 
0.008379 -0.002676 -0.001698 0.001761 0.001725 -0.004159 -0.000016 -0.000061 
-0.012086 -0.001781 0.000892 0.000409 -0.000681 -0.004587 0.002156 0.002812 
0.007605 -0.003303 -0.001098 0.001951 -0.001164 -0.002425 -0.002740 0.001938 
-0.013586 -0.005873 0.001758 0.001152 -0.000358 -0.005835 0.001125 -0.003425 
0.006911 -0.001779 0.001177 0.001068 0.000058 -0.001407 -0.000157 -0.001255 
-0.015853 0.001263 0.002042 -0.000811 -0.000576 -0.008000 -0.000470 -0.000639 
0.011560 -0.001007 0.003608 -0.002620 0.001466 -0.005435 -0.003869 0.003053 
-0.012365 0.000730 0.003897 0.001081 -0.000896 -0.009130 -0.004489 0.001918 
0.051598 -0.014453 0.002524 0.005913 0.003364 -0.008837 -0.003444 -0.001684 
-0.016601 0.000475 0.003154 -0.002393 -0.001101 -0.000309 -0.000924 0.000039 
-0.014149 0.000368 -0.000537 -0.000731 0.000062 -0.001838 0.001235 -0.000144 
0.018036 0.001223 0.000258 -0.003291 -0.000196 -0.001401 0.000465 -0.000495 
-0.006628 -0.003192 0.002086 -0.001864 0.001000 -0.000226 -0.000568 -0.002330 
0.011912 0.002042 0.000505 -0.000860 -0.001557 -0.000971 0.000407 0.003226 
-0.002566 0.001726 0.001274 -0.000674 0.002534 0.000958 0.001281 0.001347 
0.005199 0.001695 0.001462 0.000771 0.000331 -0.002962 -0.001038 0.000105 
0.001206 0.001929 -0.002251 -0.000019 0.003979 -0.001070 -0.000238 -0.000493 
-0.000582 0.000793 0.001305 0.001185 0.003173 -0.003462 0.000963 0.000388 
0.003420 -0.000456 -0.000017 0.002505 0.004669 -0.001631 -0.003055 0.003335 
-0.009547 0.001482 0.000320 -0.001064 -0.000043 -0.004420 0.001237 0.000661 
0.004212 -0.001499 -0.001149 0.000856 -0.000292 -0.001425 -0.002584 -0.002394 
-0.013915 -0.003297 -0.000749 0.000842 -0.000843 -0.007462 0.001525 0.002042 
0.006382 -0.003744 -0.000525 0.001934 0.003074 -0.001331 -0.001857 -0.001030 
-0.010514 0.001833 0.004248 -0.001045 -0.003230 -0.003759 -0.001438 -0.000056 
0.011203 -0.004659 0.002998 0.002161 0.003846 -0.002797 -0.004097 -0.001767 
-0.012397 -0.002183 0.003115 -0.002418 0.000732 -0.009483 0.000070 -0.004886 
0.014652 0.002743 -0.000346 0.001237 0.006684 -0.004934 -0.005986 0.000523 
-0.020600 0.000103 0.004530 0.001426 0.000355 -0.004760 -0.001865 -0.001117 
0.026351 -0.016004 -0.003418 0.007336 0.005557 -0.003061 -0.003311 -0.001296 
-0.038175 0.002590 0.007118 0.002032 -0.004159 -0.011154 0.001426 0.001885 
-0.005108 -0.001783 -0.002012 -0.000468 -0.001300 -0.000315 0.000915 -0.002094 
0.017916 -0.000900 0.000628 0.000698 0.000217 -0.000855 -0.004437 0.000983 
-0.001705 -0.001448 -0.000521 0.000020 0.001127 -0.001785 0.001741 -0.001407 
0.008571 -0.002136 0.001340 0.000097 0.000577 0.000031 0.000381 -0.000886 
-0.001234 0.002502 0.001663 0.001787 0.002367 -0.000025 -0.000930 0.000547 
-0.001221 0.002476 -0.000751 0.000012 -0.001673 -0.001738 0.002186 -0.000649 
0.002741 -0.002989 -0.002070 0.001061 0.001064 0.000562 -0.001211 0.001430 
0.001567 -0.000920 -0.000794 -0.000554 -0.000555 -0.002298 0.001544 -0.000998 
0.001569 -0.003465 0.001194 -0.000701 -0.000382 -0.000392 -0.000489 0.000280 
-0.005119 -0.001622 0.002788 -0.001740 -0.001663 -0.002259 0.000504 0.000699 
0.000498 -0.002262 -0.000540 -0.000102 0.000726 0.003319 0.001304 -0.001282 
-0.009689 -0.001995 -0.000238 -0.000610 -0.001966 -0.001993 -0.001507 -0.001067 
0.003978 -0.002934 0.000615 0.004207 0.001840 0.000069 0.001031 0.000425 
-0.009945 -0.002105 0.000859 -0.000549 0.000083 -0.008302 0.001371 -0.000307 
0.005185 -0.001720 0.001620 0.001108 0.005005 -0.003208 -0.004501 0.001395 
-0.015539 -0.002408 0.001491 0.000336 -0.001650 -0.008917 0.001024 0.000246 
0.005004 0.003157 0.003129 0.001391 0.005304 0.000018 -0.005439 0.002336 
-0.012298 -0.001488 0.001122 -0.002019 -0.001862 -0.006704 0.002469 0.002538 
0.015511 -0.017411 0.000251 0.006295 0.003891 -0.000101 -0.005257 -0.000917 
-0.038679 0.005033 0.004614 -0.001028 -0.005099 -0.004706 -0.003817 -0.001479 
-0.000756 0.001661 0.001254 -0.002177 0.000373 -0.002531 0.000557 -0.001194 
0.002335 -0.002490 0.000731 -0.001337 0.000942 -0.000271 0.001114 -0.002041 
0.001846 0.000616 -0.001908 0.001826 -0.000574 0.000376 -0.001773 -0.002986 
0.000817 -0.000072 0.000418 0.001228 -0.001340 0.000467 0.002173 0.000475 
-0.000130 -0.000312 0.001048 0.000006 0.000828 0.000665 -0.003100 0.001049 
0.001447 -0.000507 -0.002374 0.000028 -0.002698 0.002304 0.001123 -0.002451 
-0.000071 -0.000650 0.001783 -0.000638 -0.000621 0.000324 0.000739 0.001544 
0.000495 -0.002040 -0.000177 -0.000646 0.001429 0.000862 0.000293 -0.001948 
0.001172 0.000595 0.000958 0.001743 0.000396 -0.001217 -0.001029 -0.000593 
-0.000440 -0.004644 -0.000267 -0.002144 -0.000434 -0.002906 -0.001653 0.001047 
-0.002045 -0.002441 -0.001795 0.000410 0.000792 0.003329 -0.003003 0.000544 
0.000926 -0.003725 0.001349 -0.001955 0.000205 -0.005618 -0.003919 -0.000282 
-0.003482 0.000831 -0.000946 0.003377 0.002862 -0.000456 -0.001861 0.000165 
-0.000996 0.000016 0.000855 -0.000173 0.000799 -0.005922 0.001038 -0.002635 
-0.001906 -0.005868 0.001376 0.001251 0.003160 0.000027 -0.004532 -0.002436 
-0.000161 -0.002669 0.001083 -0.000557 -0.002552 -0.006373 0.001307 0.001147 
0.000541 -0.003860 0.001990 0.003192 0.003832 -0.003853 -0.003957 0.000748 
-0.010615 -0.003260 -0.001888 0.000932 -0.002464 -0.009069 0.000777 0.001333 
-0.001821 0.002092 -0.001604 0.002827 0.002196 -0.001789 -0.004264 0.002074 
-0.015690 -0.001583 -0.000983 -0.000950 -0.005926 -0.013991 0.007302 -0.000018 
-0.006026 0.000408 0.004804 -0.002281 -0.000979 0.000338 -0.001857 -0.000646 
0.003435 -0.001284 0.000856 -0.001211 -0.003305 0.001630 -0.000101 -0.000242 
-0.002954 -0.001909 0.000289 0.001648 0.000171 0.000096 -0.000695 0.001622 
0.002944 -0.002821 0.000574 -0.002325 0.000680 0.002989 0.002359 -0.001221 
0.002218 -0.000327 -0.000796 -0.000235 0.000512 0.000051 0.000655 0.000866 
0.002424 0.000590 -0.001674 0.000256 -0.000243 -0.001769 -0.000647 -0.002063 
-0.000140 0.000493 0.001709 0.000152 0.000262 0.000688 0.000440 0.000965 
-0.001537 0.000164 -0.000737 0.001709 0.001961 0.000389 0.000542 0.000519 
-0.000653 0.000840 -0.000822 0.004940 0.001767 0.000132 0.002132 -0.001296 
-0.002254 -0.001463 -0.000006 0.003674 0.001973 0.001340 0.002214 0.001336 
-0.002672 -0.001401 0.000843 -0.002706 0.001787 -0.001013 0.000093 0.000934 
-0.002334 -0.002768 -0.001518 -0.000019 0.000750 -0.001890 0.001741 -0.001165 
-0.000632 0.002512 0.000868 0.000459 0.000171 -0.001744 0.000197 0.001068 
-0.005180 0.003068 -0.000743 -0.001003 -0.001218 -0.001051 0.002155 0.001090 
0.003953 -0.002371 0.002186 -0.001087 0.002171 -0.001459 0.002539 0.001819 
-0.006354 0.001759 0.002464 -0.002456 0.000407 -0.005499 0.003924 0.003136 
-0.001266 -0.000660 0.002461 -0.000678 -0.000719 -0.005318 -0.001291 -0.004783 
-0.002635 0.001003 0.002545 -0.003408 0.000328 -0.005125 0.001538 -0.000469 
0.007807 -0.002014 -0.001633 -0.000663 0.000444 -0.003364 0.001745 -0.000052 
-0.022952 -0.000450 0.002957 -0.003862 0.001333 -0.004688 0.000910 -0.001939 
-0.000069 0.000631 0.000019 -0.001012 -0.000805 0.001325 0.000509 -0.000841 
-0.001281 0.001646 -0.001023 0.002548 0.001129 0.000198 -0.000941 0.001224 
-0.000551 -0.000178 0.001038 -0.001329 0.003227 -0.000182 -0.001793 0.002883 
0.001854 0.001244 0.000549 -0.000194 -0.000161 0.000474 -0.002982 -0.001315 
-0.000597 -0.000269 0.000474 -0.001070 0.001954 0.000046 -0.000115 -0.002821 
0.001862 -0.000931 -0.000743 0.001367 -0.000108 -0.001876 -0.001501 -0.002482 
-0.001232 0.000281 -0.003068 -0.002339 0.000126 0.000253 0.000573 0.000043 
0.001055 -0.000479 0.000366 -0.001535 -0.000551 -0.000067 0.000126 0.002609 
-0.000126 0.001591 -0.000941 0.001209 -0.001064 -0.001780 0.002738 0.001669 
0.001234 -0.000254 -0.001177 0.000353 -0.000852 -0.002518 -0.000772 -0.000135 
0.000540 0.000721 0.000882 -0.002910 0.002537 -0.000142 -0.000192 -0.001432 
-0.000629 -0.000220 0.001822 0.000273 0.002426 -0.001047 -0.003055 -0.001520 
-0.005062 -0.000225 0.003359 -0.001174 0.000114 -0.000381 -0.001328 -0.000750 
-0.002845 -0.001307 0.000412 -0.002153 -0.001120 0.000871 -0.000520 -0.000068 
-0.001381 -0.004125 0.001497 -0.002997 0.004054 -0.004141 0.000710 0.002224 
-0.001921 0.001788 -0.000680 -0.001142 -0.000806 -0.003757 0.001499 -0.001259 
0.008856 0.000506 0.002597 -0.004072 0.002193 -0.004606 -0.000358 -0.001752 
0.005470 -0.003906 0.004237 0.000755 0.000798 -0.002658 0.003890 -0.001528 
-0.002803 -0.008094 -0.001591 0.003914 -0.001296 -0.005799 -0.004302 -0.005651 
0.002727 -0.000019 0.004147 -0.003417 -0.000529 -0.002425 0.002217 -0.002679 
-0.000668 -0.000161 0.001423 0.001374 0.002225 -0.000733 -0.001268 -0.001020 
0.000638 -0.000110 -0.000306 -0.003831 -0.002270 0.000194 0.000906 -0.002273 
-0.002136 0.000685 -0.000510 -0.001895 0.001738 0.001677 -0.003178 -0.002215 
-0.001926 -0.001639 -0.002822 0.001085 -0.002037 -0.000974 -0.001089 -0.001500 
0.000722 -0.000867 -0.000817 0.002484 0.001736 -0.000022 -0.000280 0.000451 
-0.000780 -0.003111 -0.001298 -0.000499 -0.000596 -0.002708 -0.000262 0.001882 
-0.001212 0.001196 0.000754 -0.000167 -0.000490 -0.001140 -0.002075 0.003132 
-0.002430 0.000259 -0.000823 0.003232 -0.001047 -0.003412 -0.000117 -0.000049 
-0.002662 0.000947 0.001418 0.002612 0.001277 0.003203 -0.001283 0.000060 
0.000612 -0.000182 0.001853 -0.000797 -0.001973 -0.004105 -0.001455 0.002654 
-0.000511 0.001356 0.000173 0.001119 -0.000076 -0.002336 0.002876 -0.000888 
0.000469 0.002814 -0.002005 0.001892 -0.000086 0.001450 -0.000476 0.000230 
-0.001430 0.002118 -0.003977 0.000704 -0.001325 -0.002434 -0.003088 0.001832 
0.000492 -0.001800 -0.000843 -0.003504 -0.002160 -0.002165 -0.002080 -0.001402 
-0.000348 0.000683 0.003907 -0.001242 0.003290 -0.002420 -0.001766 0.002527 
-0.000070 -0.002325 0.000166 0.001385 -0.000274 -0.001973 0.002198 0.001439 
-0.008313 -0.000636 -0.003370 -0.000556 -0.001684 -0.001492 0.002017 -0.001693 
-0.003321 0.000115 0.000353 -0.001222 -0.001858 -0.001168 0.001146 0.000060 
0.001582 0.009940 -0.000157 0.002444 -0.000850 -0.008489 -0.001595 0.006519 
0.007054 -0.001407 0.003118 0.001304 0.001468 -0.005526 0.000124 -0.000256 
0.000700 0.001178 -0.000081 -0.002118 -0.001409 0.001762 0.001529 -0.000617 
-0.002841 -0.000590 -0.000870 0.000806 -0.000964 -0.001816 0.000697 0.000781 
-0.000841 0.000682 -0.002485 0.001261 -0.001415 0.000840 0.000880 0.000503 
-0.000884 0.000738 0.000648 -0.000816 -0.000339 0.000682 0.003339 0.001316 
-0.001288 -0.000576 0.000744 0.000847 -0.000322 0.002207 -0.000900 0.001458 
0.000822 -0.002268 -0.000604 0.000688 -0.000973 -0.001144 -0.000798 0.000183 
0.001564 0.002870 0.001352 0.000290 0.000154 -0.002033 -0.001684 0.002234 
-0.001325 0.000477 0.001548 -0.002368 0.000037 -0.001382 -0.002452 -0.000618 
0.002094 -0.000241 -0.000825 0.000294 0.002626 -0.003136 -0.002370 0.000875 
0.000215 -0.003339 -0.001052 -0.000690 0.000205 -0.003888 -0.002393 -0.000469 
0.002063 0.000807 0.000328 -0.001844 0.003484 -0.001426 -0.001338 -0.001920 
0.000966 -0.002559 0.001615 -0.000142 0.001533 -0.001800 -0.003279 0.002305 
0.001586 -0.003409 -0.001440 -0.001479 0.001875 -0.000587 -0.000468 0.000062 
0.002200 -0.000275 0.002777 -0.000025 0.000287 -0.004597 -0.002430 0.000703 
0.000404 0.000895 0.000120 -0.001070 0.000012 -0.001514 -0.001990 -0.001192 
0.000123 -0.000343 0.003428 -0.002081 -0.000367 -0.003623 0.001895 0.006396 
0.004705 0.000978 -0.000018 -0.001021 0.002069 -0.007167 0.000309 0.002863 
0.003053 -0.002787 0.006167 0.000165 0.000231 -0.005336 0.001466 0.000075 
-0.007134 -0.025364 0.008579 -0.001176 -0.005506 -0.006601 -0.004531 0.000591 
0.016902 -0.001721 0.002512 -0.000646 -0.002828 -0.006193 0.000292 0.002604 
-0.002119 0.002373 -0.000005 -0.001455 -0.001605 -0.001546 0.001222 0.000362 
0.001881 -0.001469 -0.001274 -0.000307 0.001070 0.002305 0.000128 0.002042 
-0.001329 0.002445 -0.003187 -0.001795 -0.000477 -0.000165 0.001951 -0.001287 
-0.001576 -0.000962 -0.000309 -0.001114 0.003119 -0.001761 0.001957 -0.000505 
-0.000985 0.000937 0.000889 0.001848 -0.000062 0.000156 0.000103 -0.001190 
0.000019 -0.000092 -0.000009 0.001678 -0.001271 -0.000451 -0.000581 -0.000800 
-0.001064 0.001408 -0.000898 0.000710 0.002663 0.000713 -0.000947 0.001005 
0.000813 -0.001091 0.002504 -0.000814 -0.002267 0.000269 -0.000204 -0.001664 
-0.001075 0.000904 -0.002230 -0.001247 0.000250 -0.004216 -0.000475 0.001841 
0.003063 -0.000495 0.001435 0.002305 -0.000467 -0.000164 0.000653 0.001256 
0.001368 -0.001864 0.003922 -0.001753 -0.000283 -0.000372 -0.001671 -0.000378 
-0.002352 -0.000710 0.000437 -0.002788 0.000086 -0.003396 0.001260 0.001370 
0.001108 -0.004157 0.000612 -0.001434 -0.000186 -0.001056 -0.002766 0.001022 
-0.001453 0.001110 0.001157 -0.000998 -0.002945 -0.001621 0.002103 -0.000460 
0.004745 -0.002877 0.002239 0.004495 0.000191 0.001191 0.002196 -0.001305 
0.000631 -0.000675 0.001598 -0.002449 -0.000220 -0.000044 0.000893 0.002843 
-0.000197 -0.006715 0.000911 -0.001967 0.001544 -0.001207 -0.001352 0.000571 
0.001325 0.000740 0.002215 -0.003613 -0.002631 -0.005869 -0.003900 0.000701 
0.006400 -0.030693 -0.000360 -0.003163 0.004002 -0.006798 -0.001076 0.000830 
0.001722 -0.001583 0.004282 -0.002566 -0.005103 -0.001052 -0.000053 0.008417 
-0.007845 0.003852 -0.001316 -0.000497 -0.001101 -0.001574 -0.000054 0.001582 
0.001904 -0.002145 0.001510 0.001438 -0.001363 0.000484 0.000046 0.001448 
-0.005488 0.002426 -0.001919 0.000877 -0.000357 -0.000122 -0.001045 -0.000091 
0.002745 -0.000483 0.001823 0.000910 -0.001861 0.000652 -0.001444 -0.000406 
-0.003800 0.002008 -0.000661 -0.002030 0.000881 0.000882 -0.000232 0.000185 
-0.001768 -0.001519 0.000978 -0.000542 -0.000721 -0.000607 0.000522 -0.000030 
-0.002660 0.002115 0.001614 -0.000260 0.000439 0.001657 -0.002585 -0.001884 
-0.000840 -0.003644 -0.003985 -0.000136 0.001604 -0.001130 0.001365 0.001019 
0.001222 -0.000555 -0.001623 0.000678 0.001623 0.000656 -0.001035 -0.001027 
-0.000481 -0.001999 0.003189 0.000802 -0.000005 0.000127 0.002720 -0.001950 
0.002902 0.000116 -0.000306 -0.002084 0.001880 -0.002120 -0.002529 -0.000701 
-0.005516 -0.000826 0.003447 0.000710 -0.000163 -0.005710 -0.000159 0.003132 
0.004331 -0.003410 0.001037 -0.001711 0.000772 -0.000240 -0.000521 0.003422 
-0.000416 -0.002729 0.003233 -0.002109 0.000116 -0.001589 0.000399 0.001058 
0.011187 -0.004977 -0.000344 0.002748 -0.000053 0.000461 -0.001031 0.000101 
-0.007651 -0.003862 0.002531 -0.000537 0.000415 -0.001605 -0.003296 0.005378 
0.009595 0.001832 -0.000923 -0.001784 -0.002101 -0.004426 -0.004487 0.004151 
-0.002874 -0.002576 0.008671 -0.007021 -0.000223 -0.002269 0.000382 0.001116 
-0.021213 -0.005371 0.008466 -0.002507 0.000159 -0.002821 0.001463 0.004238 
0.002107 -0.004720 0.009705 -0.006985 0.002890 0.001041 -0.000017 0.005800 
-0.008874 0.002315 0.000907 0.001180 -0.000159 -0.001014 0.002396 -0.001342 
0.000289 -0.005967 -0.002674 0.001114 0.000307 -0.000970 0.000229 -0.000944 
-0.002925 0.001613 -0.002060 0.000330 0.000289 -0.001607 0.001666 -0.000210 
0.000035 -0.007228 0.000892 -0.001463 0.002317 -0.001812 -0.003687 -0.001159 
-0.001105 0.001837 0.000896 -0.001205 -0.000141 -0.000541 -0.000845 0.002822 
-0.000218 -0.009535 0.001120 -0.001638 0.003611 -0.002127 0.001986 -0.001084 
0.000979 0.000240 0.000143 -0.000594 -0.000817 0.000140 0.001870 -0.001799 
-0.001264 -0.011187 0.003579 -0.001697 -0.002641 -0.000520 0.000432 -0.000281 
0.001056 0.000920 0.002914 0.000085 -0.000777 -0.002469 -0.002681 -0.001142 
-0.002014 -0.011297 0.002246 -0.001139 0.001423 -0.002372 -0.002389 -0.002209 
0.004957 -0.000071 -0.000113 0.004215 0.000575 -0.000012 0.002188 0.000989 
0.000449 -0.013700 0.001909 -0.003494 0.002424 -0.003766 -0.000896 0.000987 
0.009166 -0.002316 0.005091 0.000089 0.000751 -0.003668 0.000572 0.002205 
0.000096 -0.014673 0.002275 0.000290 0.005458 -0.004791 -0.003872 0.003338 
0.008763 0.001107 -0.000247 0.001771 -0.000076 -0.002326 -0.000968 0.003275 
0.001004 -0.019296 0.000838 -0.004731 0.001283 -0.003445 -0.000700 -0.001103 
0.009895 0.004412 0.007036 0.004999 -0.001737 -0.006634 0.000757 0.001956 
-0.013502 -0.021080 0.003378 -0.005140 0.000278 -0.001092 0.002150 0.000046 
0.013111 0.012128 0.007673 -0.000924 0.004071 0.000834 0.004929 -0.000663 
0.007247 -0.026825 0.001028 -0.004770 -0.001374 -0.002723 -0.006898 0.003538 
-0.000291 0.002480 -0.000723 0.003938 -0.000297 -0.001676 0.000775 0.003563 
0.001411 -0.009277 0.000847 -0.000451 -0.000690 -0.000802 0.001151 -0.001881 
-0.000287 0.000286 0.001519 0.005329 -0.002017 -0.000654 0.002774 0.001190 
-0.000704 -0.008827 0.003219 -0.002101 0.004210 -0.004205 0.002138 -0.000839 
-0.002556 0.000747 0.000994 0.002065 -0.001234 -0.000087 0.002238 0.000702 
-0.001722 -0.007179 0.002008 -0.002072 0.001776 -0.001560 -0.000418 -0.001905 
-0.000976 -0.001802 0.002892 0.002383 0.000240 -0.000843 0.002762 0.003312 
0.000666 -0.007898 0.003432 -0.000731 0.002075 -0.004612 -0.002297 0.004362 
-0.000020 0.002352 0.002505 0.003009 -0.002426 0.001680 -0.002441 0.002505 
0.003561 -0.012145 0.007102 0.001107 0.003552 -0.004758 -0.001440 -0.000363 
-0.000616 -0.001373 0.005006 0.004671 -0.001518 -0.000892 0.001591 0.003263 
-0.000462 -0.013016 0.006195 -0.000147 0.007212 -0.011450 0.000799 -0.000228 
-0.000154 -0.002015 0.006086 0.006028 0.000141 -0.002150 -0.001605 0.005287 
0.000295 -0.013111 0.008495 -0.000687 0.010299 -0.006556 -0.002451 -0.000878 
0.003055 -0.004057 0.012521 0.004799 0.003337 -0.000415 -0.000297 0.008247 
-0.000553 -0.013227 0.008135 0.002112 0.008835 -0.008230 -0.003614 0.000131 
0.008387 -0.001952 0.015787 0.007060 0.003689 -0.000402 0.000581 0.010318 
0.001256 -0.018367 0.013192 -0.001488 0.008098 -0.003021 -0.003677 0.000066 
0.009243 -0.018728 0.022224 0.008746 -0.008709 -0.003163 -0.001408 0.006577 
-0.011392 -0.018157 0.015249 -0.005053 0.009671 -0.014891 -0.006495 0.004256 
0.028696 0.002438 -0.003936 0.010928 0.001349 -0.010655 -0.000807 0.000187 
-0.022917 -0.000783 0.018944 0.002048 -0.002386 0.007600 -0.005116 -0.001393 
0.016409 -0.002161 -0.005114 0.012996 0.005659 -0.021954 -0.001554 0.001423 
-0.014729 -0.006035 0.013589 -0.000064 0.000924 0.014790 -0.010278 -0.003186 
0.005509 -0.001592 -0.007556 0.006044 0.004872 -0.025592 -0.001015 0.001783 
-0.015274 -0.001968 0.020011 0.005770 0.003416 0.013518 -0.011058 0.001951 
0.002462 -0.008992 -0.006143 0.008536 -0.000264 -0.030078 -0.002851 0.005130 
-0.012808 -0.004405 0.020445 0.007146 0.001622 0.018777 -0.010678 0.000501 
0.000172 -0.012570 -0.009287 0.011560 0.002398 -0.028705 -0.006097 0.004109 
-0.008808 -0.002408 0.020727 0.009050 0.001489 0.021618 -0.015070 -0.005279 
-0.007501 -0.016612 -0.010659 0.014412 0.004073 -0.032811 -0.002355 0.006842 
-0.013148 0.000690 0.031867 0.004776 0.004385 0.028891 -0.014626 -0.001601 
-0.021072 -0.020993 -0.007824 0.014887 0.003638 -0.035765 -0.006850 0.004177 
-0.017168 -0.000497 0.032462 0.007600 0.003949 0.031897 -0.017378 -0.002084 
-0.024977 -0.030407 -0.009651 0.018575 -0.000510 -0.020345 -0.008186 -0.006707 
-0.016734 -0.000144 0.033563 0.004317 0.008086 0.032337 -0.021484 -0.002734 
-0.027409 -0.031984 -0.011524 0.007976 -0.000951 -0.029834 -0.004761 0.010203 
-0.018719 -0.010106 0.036340 0.001203 0.017284 0.042113 -0.027411 0.000753 
-0.012242 -0.030179 -0.011635 0.016115 0.006153 -0.022055 -0.002602 0.002481 
-0.037586 0.006925 0.028781 0.006933 0.004567 0.032401 -0.011350 -0.007998 
