0.165598 1.089350
0.186687 1.215085
0.148467 1.265463
0.127342 1.280451
0.131430 1.251230
0.112446 1.193665
0.084590 1.111588
0.098819 1.003109
0.065182 0.997924
0.002206 1.073313
-0.381237 1.103230
-0.302640 1.212041
-0.169011 1.268231
-0.086090 1.276911
-0.036344 1.258686
0.037236 1.184197
0.057496 1.113960
0.050990 1.038296
0.123703 0.965459
-0.019874 1.104986
0.007693 0.906844
0.022934 0.955666
0.023902 0.976498
0.014994 0.972379
0.030461 0.978662
0.009487 0.965556
0.029577 0.954921
0.020910 0.965758
0.004674 0.957700
-0.126842 0.961967
-0.000485 0.895582
0.002732 0.952274
0.002374 0.964430
0.023472 0.972642
-0.010428 0.981089
-0.016948 0.972329
-0.015605 0.959239
-0.039302 0.947880
-0.067096 0.941120
0.418670 0.821268
0.163524 1.090032
0.182338 1.212918
0.143342 1.263105
0.123055 1.274223
0.124652 1.247346
0.108835 1.193236
0.078259 1.109872
0.094452 1.003772
0.062834 1.000711
0.015242 1.104356
-0.380126 1.102295
-0.301567 1.210229
-0.168255 1.265254
-0.088726 1.274852
-0.034226 1.257337
0.039980 1.182014
0.059828 1.112422
0.055515 1.040070
0.135179 0.957337
-0.073856 1.079173
0.003025 0.706699
-0.007827 0.703706
0.009811 0.703431
-0.011508 0.706899
0.006827 0.703234
-0.003173 0.698757
-0.017262 0.700614
-0.023920 0.691126
-0.015012 0.733255
-0.067010 0.671745
-0.072928 0.699882
-0.112930 0.702761
-0.151646 0.702531
-0.190822 0.700807
-0.223171 0.704594
-0.264860 0.706721
-0.291127 0.698983
-0.338460 0.703410
-0.329210 0.660268
-0.329620 0.636179
0.019324 0.703530
0.020382 0.698312
0.024977 0.692391
0.030441 0.686024
0.040984 0.683452
0.037100 0.669739
0.041685 0.676453
0.059936 0.673024
0.037993 0.642033
0.019918 0.606395
-0.010232 0.699965
-0.023937 0.703407
-0.053857 0.693001
-0.060499 0.689056
-0.067049 0.676972
-0.074651 0.684568
-0.082232 0.674671
-0.100660 0.669507
-0.044853 0.681907
-0.223976 0.701670
0.005253 0.700197
0.019495 0.693022
0.025866 0.707494
0.036853 0.707460
0.034099 0.710211
0.038251 0.707229
0.061348 0.711951
0.068650 0.698383
0.044946 0.705210
0.341314 0.744730
-0.018456 0.690786
-0.022628 0.700009
-0.022679 0.700161
-0.036841 0.707147
-0.040180 0.716102
-0.054352 0.718098
-0.055797 0.699852
-0.068468 0.698588
-0.085844 0.701286
0.062443 0.631400
0.008519 0.697366
0.010562 0.716329
0.020200 0.758130
0.013905 0.788394
0.014753 0.819548
0.032340 0.820754
0.021923 0.802587
0.021296 0.763900
0.025416 0.743447
-0.132029 0.729137
-0.016905 0.694632
-0.015515 0.713447
-0.022570 0.752045
-0.019150 0.788305
-0.019191 0.816007
-0.025937 0.813236
-0.047481 0.796197
-0.014560 0.757855
-0.039057 0.742191
0.000073 0.654078
0.009635 0.708340
0.028580 0.738440
0.020370 0.794335
0.042575 0.829532
0.026204 0.846254
0.024278 0.837089
0.014647 0.800366
0.029243 0.737582
-0.003224 0.717190
-0.169358 0.781219
0.047455 0.698981
0.057419 0.733620
0.069877 0.781046
0.065620 0.824145
0.030787 0.842844
0.021556 0.836823
-0.000198 0.791666
0.003077 0.742233
0.028468 0.719083
0.077221 0.728196
0.019049 0.658690
0.035884 0.691235
0.047187 0.740686
0.054076 0.771994
0.058608 0.778135
0.062327 0.747874
0.065230 0.715882
0.082897 0.665759
0.054714 0.637935
0.057977 0.672958
-0.018681 0.657049
-0.042722 0.698818
-0.070368 0.742918
-0.095649 0.762846
-0.125975 0.777605
-0.157545 0.762506
-0.188575 0.713916
-0.204529 0.657344
-0.180795 0.647676
-0.173077 0.694843
0.007291 0.707614
0.008217 0.707058
0.015610 0.711346
0.015938 0.698662
0.005832 0.702483
0.025109 0.701193
0.025179 0.700531
0.022948 0.709534
0.000886 0.744221
0.208654 0.730870
-0.007583 0.703312
-0.012115 0.704214
-0.016118 0.700001
-0.015020 0.704135
-0.014287 0.711193
-0.030836 0.703236
-0.044507 0.703531
-0.040071 0.705245
-0.024442 0.694503
0.045838 0.692168
0.014229 0.708725
0.001496 0.704483
0.008895 0.707011
0.011949 0.707774
0.019663 0.709162
0.011459 0.716074
0.024973 0.702446
0.025493 0.707002
0.002317 0.696328
-0.072201 0.733036
-0.011947 0.700605
-0.005066 0.711809
-0.004067 0.703303
-0.011070 0.701900
-0.020396 0.706830
-0.021529 0.705670
-0.012785 0.712143
-0.030743 0.706257
-0.003494 0.669022
0.029646 0.639297
-0.003877 0.707079
0.011714 0.701854
0.015036 0.704791
0.016670 0.707413
0.018160 0.695341
0.010006 0.706894
0.046958 0.710357
0.047635 0.698243
0.034036 0.685237
0.170101 0.817084
-0.008986 0.700876
-0.010883 0.705445
-0.008745 0.706698
-0.019384 0.706632
-0.031884 0.707280
-0.036731 0.705692
-0.032669 0.704887
-0.031420 0.702106
-0.046987 0.691880
0.206030 0.573087
0.001599 0.707730
0.009590 0.701324
0.009629 0.705442
0.021128 0.709809
0.013084 0.711438
0.027227 0.704318
0.020449 0.707380
0.015306 0.690406
0.076100 0.658410
0.131674 0.662547
-0.012387 0.704245
-0.015404 0.709392
-0.015482 0.700322
-0.021731 0.707492
-0.013543 0.706198
-0.014318 0.717712
-0.020911 0.709001
-0.012000 0.703118
-0.048381 0.699307
-0.048771 0.550433
0.001152 0.705955
0.013069 0.706491
0.008639 0.711693
0.012733 0.710298
0.016361 0.713254
0.013627 0.718820
0.014928 0.697996
0.044307 0.703649
-0.017489 0.708217
0.309006 0.608387
-0.012270 0.705717
-0.005662 0.705118
-0.005421 0.705652
-0.013664 0.711672
-0.009014 0.714560
-0.013858 0.712690
-0.015524 0.717980
-0.037238 0.705202
-0.065743 0.724860
-0.113128 0.767234
0.003651 0.705487
0.004244 0.707660
0.007134 0.717852
0.007504 0.711264
0.016994 0.719018
0.019282 0.715388
0.016322 0.721547
0.020219 0.711032
0.047439 0.712494
-0.030844 0.563584
-0.007351 0.706214
-0.017108 0.705728
-0.016383 0.709528
-0.014321 0.714848
-0.013825 0.722176
-0.025461 0.720785
-0.026299 0.718551
-0.009354 0.710972
-0.037242 0.722945
0.131730 0.613086
-0.005492 0.708479
-0.001677 0.711117
0.009157 0.713425
0.005016 0.719062
0.008370 0.721303
0.010691 0.724486
0.001346 0.727489
0.018254 0.721017
-0.010973 0.750338
-0.168894 0.712984
-0.012677 0.703539
-0.001420 0.710632
-0.006939 0.708454
-0.010391 0.712395
-0.009927 0.721598
0.005070 0.716982
-0.025870 0.717274
-0.016284 0.712114
-0.050051 0.685326
-0.003128 0.721303
0.003432 0.710502
-0.000906 0.709141
0.007333 0.721828
0.006279 0.724661
0.003203 0.730444
0.013764 0.734486
0.016421 0.734011
0.006554 0.733013
-0.024394 0.692198
0.203116 0.766670
-0.006933 0.702686
-0.012594 0.711919
-0.016192 0.712591
-0.005622 0.721911
-0.006984 0.731529
-0.009276 0.734236
-0.029271 0.731409
-0.010918 0.712432
-0.002538 0.692000
-0.138854 0.781596
0.009324 0.705352
0.004085 0.715574
0.006249 0.712702
0.010265 0.731067
-0.000053 0.733758
-0.001150 0.730066
0.011216 0.730436
-0.012033 0.710743
0.070448 0.717726
-0.187485 0.697557
-0.006256 0.706662
0.006923 0.708519
0.005711 0.715824
-0.002793 0.723410
0.002720 0.731991
-0.005414 0.737172
-0.004218 0.732219
0.005917 0.721288
0.043672 0.703510
0.002673 0.758390
0.017067 0.708343
0.018581 0.711104
0.011247 0.716333
0.006655 0.728656
0.003706 0.739988
0.024035 0.740318
0.002919 0.736044
0.011324 0.723393
-0.027740 0.706793
-0.115339 0.693974
-0.019486 0.705029
-0.011674 0.710931
-0.014426 0.720696
-0.010711 0.727666
-0.015636 0.741223
-0.017382 0.730563
-0.023005 0.723743
-0.002222 0.720319
-0.037783 0.731226
-0.021564 0.605878
-0.005211 0.710089
-0.004125 0.712309
-0.010373 0.724750
0.014527 0.733223
0.007088 0.737352
0.006596 0.741744
0.009980 0.725091
0.020739 0.713651
0.017350 0.687914
-0.065818 0.770016
-0.017874 0.701885
-0.011407 0.715915
-0.009007 0.718342
-0.007007 0.731281
-0.015394 0.750901
-0.017007 0.738112
-0.018384 0.720724
-0.018762 0.703045
0.037636 0.748123
0.064426 0.839928
0.006635 0.713129
0.016995 0.714392
0.018588 0.724640
0.022008 0.739309
0.011606 0.736634
0.006217 0.736347
0.013451 0.735648
0.015364 0.716747
-0.026374 0.742732
-0.172933 0.636322
0.016819 0.699514
0.011873 0.709654
0.016594 0.719623
0.014297 0.731075
0.000176 0.734672
-0.006005 0.733117
-0.004479 0.721763
-0.004990 0.708571
-0.027965 0.710596
-0.055051 0.810419
0.018315 0.712998
0.032766 0.717592
0.022630 0.733122
0.030470 0.728117
0.019658 0.744319
0.022961 0.741092
0.004028 0.728747
0.019872 0.720849
-0.016626 0.745422
-0.226952 0.784677
0.062672 0.697473
0.047824 0.703080
0.051109 0.714871
0.059019 0.726408
0.029567 0.723678
0.027346 0.731208
0.012462 0.719359
0.010823 0.712993
0.037399 0.700481
0.143479 0.665296
0.003855 0.709936
0.005928 0.714572
0.003975 0.726711
0.010032 0.723147
0.004376 0.736520
0.012467 0.729665
0.001280 0.721623
-0.008068 0.696979
0.000754 0.711763
0.057161 0.724605
0.077379 0.700667
0.073440 0.709045
0.073797 0.712113
0.066610 0.724868
0.038616 0.724272
0.037505 0.728430
0.013050 0.715639
0.005467 0.708492
-0.001112 0.710750
-0.056334 0.628347
0.026093 0.702836
0.043086 0.706874
0.032350 0.710277
0.043990 0.715818
0.039082 0.714092
0.012872 0.719376
0.008529 0.719808
0.023719 0.721043
-0.002169 0.710097
0.248634 0.695315
0.127183 0.699429
0.105891 0.705928
0.104191 0.699622
0.071942 0.705389
0.065572 0.701985
0.047696 0.706105
0.027054 0.705783
0.054331 0.693232
0.013841 0.722108
0.075696 0.770642
0.042265 0.952269
0.058229 0.933124
0.044361 0.923155
0.033305 0.932267
0.014873 0.935085
-0.011132 0.915362
-0.005571 0.926350
-0.021874 0.896141
-0.028895 0.930911
0.387378 0.951890
-0.006405 0.951418
-0.007071 0.936590
0.006742 0.930473
0.008065 0.939232
0.018068 0.924082
0.021572 0.922478
0.019345 0.912146
0.012346 0.901036
0.009092 0.911622
0.155923 0.822090
0.008017 0.903196
-0.004149 0.952841
0.003699 0.970611
-0.010979 0.977257
-0.012761 0.977268
-0.005325 0.972844
-0.006868 0.957720
-0.012448 0.962128
-0.100526 0.958516
0.009230 0.888452
0.000819 0.888154
0.001245 0.951080
-0.007486 0.975663
-0.016339 0.972715
-0.006018 0.965986
-0.016229 0.955787
-0.004824 0.960001
-0.022092 0.957107
-0.001080 0.926024
-0.022785 0.840004
0.042569 0.953590
0.057050 0.935573
0.044256 0.924356
0.031539 0.934430
0.012389 0.936610
-0.011254 0.918875
-0.006540 0.930088
-0.023556 0.895636
-0.045483 0.933945
0.387853 0.937666
-0.006092 0.952894
-0.007185 0.937965
0.005791 0.933253
0.005482 0.940683
0.017171 0.926123
0.018731 0.925901
0.018344 0.917227
0.008347 0.901602
0.008118 0.919465
0.151224 0.784637
0.000300 0.705739
0.004084 0.703208
0.011054 0.698044
0.000101 0.706568
0.005626 0.705076
0.018282 0.701475
0.002297 0.691208
0.009645 0.690913
0.026296 0.689738
0.159557 0.540534
0.003124 0.711344
-0.003423 0.709632
-0.001055 0.700617
0.013866 0.714301
0.004182 0.707699
-0.001534 0.702124
-0.006723 0.700338
-0.005153 0.694131
0.004877 0.674307
0.120230 0.706064
0.024043 0.709081
0.019927 0.711470
0.023075 0.706924
0.027889 0.705961
0.029266 0.712903
0.038072 0.706714
0.026391 0.697373
0.018122 0.703580
0.029686 0.721171
-0.090418 0.659596
0.000541 0.711042
0.004554 0.707996
-0.003152 0.713372
0.013912 0.712254
-0.003973 0.707894
0.017217 0.709325
0.031470 0.722918
0.021813 0.706810
-0.007173 0.684181
-0.193029 0.586209
0.011025 0.706341
-0.000411 0.708597
0.011283 0.707727
0.000261 0.705516
0.000230 0.706452
-0.006180 0.706901
-0.012719 0.694803
-0.009235 0.698770
-0.016049 0.723809
-0.042235 0.670780
0.013113 0.710533
0.017874 0.708508
0.018613 0.709785
0.024509 0.711590
0.040885 0.714232
0.043973 0.710521
0.048438 0.700628
0.051454 0.708668
0.091955 0.725790
-0.148875 0.756666
0.007197 0.702527
0.011011 0.698884
0.008605 0.700824
0.019663 0.708327
0.013855 0.706150
0.002467 0.711551
0.023251 0.698316
0.009093 0.701749
0.031783 0.705262
0.066381 0.745765
0.002779 0.708020
-0.003885 0.704855
-0.002477 0.708169
0.003916 0.705566
0.017173 0.710015
-0.009803 0.702330
0.005291 0.709348
0.021077 0.712402
0.015297 0.733983
-0.090635 0.527895
0.019172 0.699818
0.013891 0.701588
0.031867 0.692690
0.032981 0.706243
0.029070 0.709826
0.019686 0.705918
0.025670 0.714346
0.033940 0.729689
0.065785 0.698135
0.032807 0.645076
-0.010490 0.705434
-0.008100 0.705653
-0.023935 0.706489
-0.010280 0.702928
-0.010749 0.704030
-0.008510 0.713351
-0.012875 0.718006
-0.029393 0.703333
0.005041 0.706763
-0.259599 0.855540
0.030712 0.706747
0.021373 0.707395
0.036281 0.709456
0.034783 0.715775
0.033987 0.721790
0.030921 0.717657
0.026770 0.701939
0.021194 0.698222
0.046989 0.677927
0.020002 0.640500
0.003571 0.710796
0.004988 0.704808
-0.002739 0.712158
0.023583 0.722811
0.025163 0.719618
0.026068 0.710207
0.041376 0.706029
0.041235 0.701558
0.059491 0.712596
-0.271401 0.723186
0.008062 0.705496
0.005200 0.704040
0.008055 0.704596
-0.003423 0.699490
0.006351 0.708152
0.011020 0.700322
-0.008034 0.702765
-0.005712 0.699812
-0.034030 0.757598
0.073680 0.551563
0.011886 0.709546
0.009385 0.706349
0.011322 0.710803
0.009403 0.701152
0.025512 0.709799
0.018224 0.716916
0.017389 0.711110
0.012706 0.719860
-0.015595 0.724381
-0.167882 0.727929
0.007249 0.705044
-0.004289 0.707265
0.005533 0.706661
-0.000027 0.704981
-0.001958 0.706416
-0.002582 0.711582
-0.008174 0.700211
0.008109 0.712478
0.018204 0.689844
-0.280443 0.789346
0.001320 0.705930
0.005109 0.708989
0.007513 0.710060
0.005795 0.715614
0.016750 0.702914
0.022551 0.717663
0.015324 0.701533
0.023931 0.716285
0.074944 0.722103
-0.025023 0.632257
0.005771 0.705390
-0.001242 0.706633
0.004322 0.709770
0.005308 0.702032
-0.000273 0.704910
-0.011596 0.708755
-0.000434 0.704023
0.006913 0.701102
-0.029984 0.719553
0.087755 0.605879
0.012617 0.711845
0.007446 0.713364
0.005393 0.705140
0.007226 0.714694
0.021281 0.705412
0.017668 0.713478
0.019601 0.705284
0.034528 0.711736
0.049607 0.748699
-0.111453 0.654714
0.008355 0.706621
-0.001095 0.707243
0.001923 0.703690
-0.004015 0.709957
-0.002297 0.703595
-0.007626 0.708133
-0.004295 0.707190
-0.032098 0.697167
0.001571 0.677962
0.046304 0.719411
0.011290 0.709711
0.016316 0.704618
0.008565 0.703867
0.014597 0.705652
0.009198 0.705541
0.013409 0.705926
0.038595 0.705795
0.024506 0.704900
0.020821 0.688736
-0.106049 0.815682
-0.001897 0.707413
-0.001357 0.710982
0.009944 0.706890
-0.002212 0.707936
-0.000109 0.703482
-0.003980 0.716448
-0.006420 0.703813
-0.001034 0.701508
0.015430 0.702732
-0.111658 0.665126
0.007539 0.708948
0.003631 0.705712
0.009268 0.703758
0.015424 0.709568
0.015445 0.713399
0.020569 0.695689
0.014115 0.699793
0.018878 0.707217
0.065616 0.707175
0.048463 0.733199
0.002261 0.707088
-0.000727 0.707659
0.001228 0.706809
0.011745 0.705706
0.004112 0.712391
0.011756 0.715659
0.002580 0.703479
0.000773 0.705850
0.004709 0.677486
-0.012931 0.675734
0.000600 0.709903
0.001368 0.706912
-0.006386 0.708806
0.000615 0.709380
0.007688 0.706968
0.003838 0.705451
0.005744 0.703618
0.003339 0.706231
0.029108 0.720888
-0.251167 0.618181
0.008092 0.704418
0.003489 0.705957
0.000889 0.716789
0.008212 0.710983
0.005170 0.704889
0.008329 0.710581
0.016176 0.699531
0.003284 0.696968
0.022278 0.691625
-0.083479 0.725832
0.002217 0.707631
-0.011286 0.713380
-0.001989 0.710457
-0.001124 0.708561
0.021013 0.708178
-0.008424 0.704888
-0.002351 0.705979
0.031640 0.715576
-0.027241 0.721416
-0.047046 0.677411
0.009964 0.703986
0.007112 0.702543
0.004482 0.710275
0.004904 0.704453
0.010587 0.708665
-0.002026 0.700281
0.017079 0.704495
0.023182 0.704577
0.011574 0.730650
0.157530 0.631451
-0.000811 0.711739
0.001241 0.705980
-0.000353 0.707366
-0.008551 0.704181
0.009709 0.704018
-0.015349 0.711322
-0.000889 0.711099
0.012264 0.700589
0.017122 0.683889
0.057240 0.641395
-0.002129 0.703833
0.011711 0.709978
0.010104 0.703437
0.010490 0.705000
0.012333 0.705221
-0.006227 0.699796
0.015509 0.706182
0.004363 0.706652
0.051145 0.713995
0.144012 0.629616
-0.003121 0.708788
-0.001264 0.703653
0.000042 0.710315
0.005798 0.710129
0.002900 0.706748
-0.005170 0.705173
0.007339 0.707202
0.009621 0.700745
-0.013214 0.698491
-0.058779 0.676040
0.004415 0.705209
0.002595 0.707170
-0.000828 0.706872
0.007502 0.712390
-0.002113 0.703314
-0.005762 0.700221
0.004605 0.705229
-0.010438 0.714159
-0.006155 0.711496
-0.048328 0.601402
0.004925 0.707909
-0.001441 0.706467
0.001250 0.702078
0.008812 0.700685
-0.004602 0.713162
0.005985 0.703086
0.003585 0.707887
-0.018889 0.720214
0.032134 0.746855
0.149760 0.613232
0.012632 0.706639
-0.005292 0.702217
0.004176 0.704372
0.001313 0.707935
-0.007107 0.698485
-0.012924 0.710103
-0.000829 0.715581
0.016161 0.704865
0.019069 0.724159
0.102945 0.711319
0.002363 0.705770
-0.000883 0.706435
-0.002091 0.702678
0.000253 0.712237
-0.000646 0.702546
0.004563 0.708278
-0.005455 0.713953
0.023202 0.704071
0.031793 0.703263
-0.133860 0.880506
0.016943 0.705100
0.013665 0.706014
0.021460 0.703461
0.026455 0.706805
0.014708 0.707804
0.010469 0.694718
0.016548 0.708663
0.016695 0.725257
0.010035 0.722363
0.232019 0.632531
-0.009403 0.707474
0.004502 0.707496
-0.010211 0.712520
-0.006231 0.714893
0.000890 0.709712
0.007484 0.711510
-0.006628 0.720068
-0.025043 0.693164
-0.000851 0.687362
-0.028216 0.647443
0.023024 0.704312
0.019231 0.708319
0.028198 0.710606
0.025975 0.713312
0.031949 0.714971
0.030574 0.710593
0.026479 0.711801
0.008857 0.724078
0.090242 0.700248
-0.123811 0.531195
-0.017760 0.707688
-0.007404 0.708538
-0.019959 0.703663
-0.001462 0.702889
-0.015602 0.704053
-0.013801 0.712008
-0.006760 0.696577
-0.015456 0.699656
-0.068953 0.695343
-0.200270 0.817388
0.007457 0.701769
0.007411 0.711426
0.013169 0.700851
0.013769 0.701809
0.019743 0.711971
0.007677 0.697753
0.000489 0.709377
0.008217 0.706588
0.031937 0.720653
-0.105645 0.797900
0.005551 0.710602
-0.002233 0.708265
-0.005818 0.707206
-0.001328 0.708751
0.004413 0.711486
-0.001173 0.710994
0.004735 0.714997
-0.031372 0.715942
0.051492 0.682437
-0.209061 0.616645
-0.010761 0.696596
-0.001351 0.690538
0.006444 0.689412
0.008701 0.695131
0.019001 0.694446
0.013160 0.692849
0.025263 0.690035
0.050659 0.709904
-0.009528 0.687581
-0.070216 0.716637
-0.036744 0.718686
-0.052921 0.724367
-0.051041 0.714376
-0.049780 0.718321
-0.046623 0.715347
-0.056449 0.715601
-0.049410 0.715945
-0.053827 0.699314
-0.097668 0.708456
0.023103 0.677724
-0.038962 -0.041191 -0.005993 0.003978 0.021208 -0.002769 -0.008959 -0.005511 
0.243766 -0.002334 -0.013500 0.005732 -0.002879 0.017210 -0.002575 -0.008054 
-0.036684 -0.019736 -0.001723 0.014130 -0.010340 0.016343 -0.008060 0.003780 
0.165892 -0.004624 -0.018206 -0.002151 -0.013994 -0.006209 0.002058 0.008785 
-0.014925 0.002616 0.000799 -0.013770 0.000883 0.004228 0.007327 -0.002215 
0.055828 0.009116 0.009360 0.007850 -0.000035 0.004416 -0.005172 -0.000796 
-0.003535 -0.002112 -0.003896 -0.002519 -0.007933 -0.001333 0.002959 -0.002513 
-0.019773 0.007142 0.005723 -0.001103 -0.002571 -0.001452 0.008500 0.005259 
0.011896 -0.002595 -0.008040 -0.005734 -0.003276 -0.006317 -0.003726 0.000504 
-0.084619 -0.002431 -0.001240 0.007982 -0.002135 0.007582 0.010254 0.000867 
0.030636 -0.015725 -0.003575 -0.006775 -0.000912 0.005976 -0.009541 -0.003889 
-0.136830 -0.011709 0.000611 -0.014570 -0.005011 0.003505 -0.006953 -0.003467 
0.056067 -0.013902 -0.003386 -0.003079 -0.002900 -0.016050 0.000510 0.006120 
-0.202174 -0.033074 -0.002139 0.001570 0.000601 -0.008596 0.002610 -0.002549 
0.062525 -0.044061 -0.008164 -0.004349 0.004286 0.006847 -0.002653 0.005529 
-0.240506 -0.036617 0.013707 0.009986 0.003738 0.010504 0.005707 -0.002471 
0.054018 -0.037550 -0.008278 -0.001377 0.004664 -0.001825 -0.002112 0.004762 
-0.257254 -0.028584 0.002351 0.000350 0.002850 -0.000783 0.019422 -0.008028 
-0.036751 -0.119479 0.007870 0.009995 -0.003221 -0.001575 -0.003934 0.002686 
-0.383191 0.013309 0.032522 0.010406 0.009758 0.004779 0.007304 0.000512 
0.009544 -0.006835 -0.000433 0.000089 -0.003761 -0.000427 0.000181 0.004466 
-0.017454 -0.000814 0.007106 0.002390 0.001106 -0.000388 -0.005050 -0.000711 
0.001763 -0.006863 0.005617 -0.000069 0.002416 -0.011226 0.006560 0.006770 
-0.008452 -0.006895 -0.005129 -0.004848 -0.011232 0.013181 -0.005687 -0.004539 
0.008097 0.002134 0.002682 0.000462 -0.002043 0.001103 0.007407 -0.009585 
-0.004404 -0.004858 0.003895 -0.002063 -0.009202 -0.003979 -0.004274 0.004978 
0.004002 0.003317 -0.001747 0.001932 0.004965 0.006162 0.012144 -0.000462 
0.007459 -0.006341 0.005376 -0.000144 0.004442 0.001124 0.011727 -0.003738 
0.004615 0.005520 -0.010589 0.002329 0.000948 0.005695 0.002229 -0.000337 
0.002233 -0.005009 0.007348 0.008826 0.000110 0.001809 0.002555 -0.000956 
0.008820 0.003466 -0.002163 -0.003282 -0.006100 0.002282 0.002376 -0.005959 
0.009132 0.011501 0.010805 0.017949 -0.004929 -0.002056 -0.001052 0.004112 
0.005824 0.011908 0.005234 0.008903 0.000177 0.006810 0.010203 -0.007312 
0.009626 0.008758 -0.004535 0.010496 0.006117 0.010478 0.001249 0.005857 
-0.006394 0.008677 0.003263 0.008072 -0.001931 -0.001159 0.009741 0.000058 
0.014189 -0.003158 -0.003672 0.001707 0.001906 -0.000472 0.019784 0.006715 
0.011840 0.004842 -0.006816 0.016077 0.000748 -0.001197 0.008470 -0.006836 
-0.000875 -0.001349 -0.004265 0.013477 0.001839 -0.023185 -0.005485 -0.003073 
0.079208 0.025739 -0.006244 0.006663 -0.010972 0.001745 -0.010433 0.001989 
-0.152430 -0.015674 -0.018345 0.003554 -0.007325 0.007187 0.004274 -0.005208 
-0.039189 -0.039701 -0.005010 0.000501 0.010909 0.005104 -0.009354 -0.006189 
0.242012 -0.001462 -0.009899 0.002967 -0.002253 0.016044 0.002275 0.001309 
-0.037058 -0.020549 0.004288 0.016352 -0.003670 0.012344 -0.000766 0.004913 
0.167663 -0.002958 -0.016912 -0.001093 -0.010827 0.002263 -0.001189 0.005717 
-0.015095 0.000666 0.002095 -0.006529 0.002980 0.000212 0.010116 0.001585 
0.055732 0.008906 0.008440 0.007142 -0.000870 -0.002432 0.004467 0.004223 
-0.004872 -0.001485 -0.000096 -0.002898 -0.005455 0.003145 -0.000600 -0.004303 
-0.019381 0.007087 0.004417 0.001958 -0.004729 -0.002757 0.006330 0.007276 
0.012005 -0.005397 -0.008280 -0.000546 -0.005501 -0.004488 -0.000141 -0.007342 
-0.085289 -0.000007 -0.001297 0.004421 -0.007227 0.008900 0.007957 -0.000310 
0.032083 -0.014859 -0.000081 -0.003317 -0.001377 0.002294 -0.007408 -0.003390 
-0.137078 -0.009921 -0.000104 -0.013906 -0.003427 0.007007 -0.010250 -0.001486 
0.056337 -0.011939 -0.003176 -0.004793 -0.009405 -0.014032 0.000855 0.008808 
-0.203390 -0.031371 -0.002138 0.002285 0.003984 -0.004905 0.001159 0.004229 
0.063616 -0.047101 -0.010261 -0.003492 0.000939 0.003794 -0.009149 0.002827 
-0.242110 -0.035034 0.013033 0.013745 0.003317 0.011665 0.009231 0.005937 
0.055626 -0.037808 -0.008506 -0.001793 0.007536 -0.000577 -0.002862 0.013403 
-0.261939 -0.029986 0.002133 0.001663 0.005791 -0.005579 0.014862 -0.005066 
-0.047638 -0.118885 0.011302 0.009861 -0.003759 -0.009594 -0.004024 0.000855 
-0.364781 0.018808 0.033414 0.008878 0.008329 0.005363 0.010580 0.002358 
-0.015855 -0.028231 -0.002209 -0.009905 0.001552 -0.006090 -0.004713 -0.008178 
-0.208732 0.007670 -0.009178 0.005242 0.009077 -0.006241 -0.002334 0.000543 
0.001777 -0.026877 -0.007687 0.002153 -0.006485 -0.009979 0.001914 -0.002682 
-0.136649 0.006019 0.000731 0.000720 0.005378 -0.002057 -0.007809 -0.003072 
-0.004869 0.003958 -0.000007 -0.001186 -0.010730 0.001125 0.001498 0.005092 
-0.060252 0.002223 0.001323 0.003538 0.000002 0.000671 0.000500 0.003482 
-0.008910 0.008555 -0.002963 0.007047 -0.004055 0.001429 -0.005172 0.010870 
0.022962 0.004344 0.004815 -0.006500 0.004868 0.006371 -0.010071 -0.006165 
0.007746 -0.006942 0.008363 0.007144 0.014857 0.000053 -0.001369 0.001480 
0.061293 0.005343 0.002204 -0.005866 0.005373 -0.007093 0.007380 -0.009498 
0.002745 -0.001741 0.002306 0.003263 -0.010195 -0.003558 0.004357 -0.007652 
0.114980 -0.000770 -0.004384 0.003065 0.009819 -0.011377 -0.011298 0.002761 
-0.003647 -0.020026 -0.002915 0.009194 0.004128 -0.011338 -0.004041 0.006734 
0.148768 -0.002683 -0.015700 0.002663 0.003645 0.007601 -0.003723 -0.010094 
0.016244 -0.002210 -0.002131 0.010290 -0.001176 -0.006066 -0.011946 -0.003611 
0.158005 0.002092 -0.012818 -0.001724 0.008987 0.009647 -0.001829 -0.013569 
0.004522 -0.025874 0.002834 -0.008939 0.013021 -0.013217 0.000490 -0.003699 
0.161327 0.009145 -0.000074 -0.007242 0.000182 0.007534 -0.014787 -0.005633 
0.044302 0.010022 -0.007768 -0.008602 -0.016038 -0.011545 -0.020798 0.004956 
0.140066 0.009198 0.013056 -0.001898 0.006910 -0.000151 0.008092 -0.022981 
0.032764 -0.003823 -0.003325 -0.000774 -0.001050 -0.009377 -0.000135 -0.007773 
-0.066460 -0.004492 0.000746 -0.011288 -0.007931 0.006414 0.012255 0.002142 
0.022480 -0.014008 -0.009414 0.002562 0.006864 0.008249 0.004351 -0.001339 
-0.048087 0.002729 -0.010468 0.002327 -0.000183 -0.006061 -0.009061 -0.002145 
0.004790 0.008354 -0.000045 -0.006074 -0.003635 -0.001732 0.005476 -0.000132 
-0.015910 0.005257 -0.009458 0.003181 0.002514 -0.009121 -0.002415 0.009312 
0.000223 0.006741 0.009581 0.003537 0.004491 -0.004915 -0.000267 -0.005050 
0.005031 -0.006445 -0.017727 -0.002852 -0.004273 0.005719 -0.008743 -0.003037 
-0.021873 -0.000914 -0.009928 -0.006487 -0.003292 0.009116 -0.008129 -0.015505 
0.012359 -0.005085 -0.013423 -0.004456 -0.004375 -0.000283 0.001551 -0.002776 
-0.022681 -0.008072 0.002477 0.001449 0.006054 0.007533 -0.010653 0.006010 
0.043237 0.011449 0.004327 -0.013165 -0.006341 0.002924 0.002741 -0.002777 
-0.012322 0.001170 0.003012 0.004781 0.006018 0.002700 0.008265 -0.002532 
0.067324 -0.006003 0.010393 -0.001326 -0.007437 -0.008192 0.007880 0.005854 
-0.018094 -0.006818 0.006884 0.004121 -0.006304 -0.001284 -0.006130 -0.008176 
0.070502 0.006936 -0.002053 0.002895 0.010143 -0.004121 -0.015383 0.003614 
-0.027290 0.003205 0.000607 0.007603 -0.001067 -0.004934 -0.003203 0.000740 
0.061584 -0.009564 0.005538 -0.000580 0.003815 -0.000134 0.000957 -0.009015 
-0.089767 0.093180 0.001223 0.006294 0.016069 -0.004761 -0.011741 0.000963 
0.122793 -0.021730 0.026794 -0.014656 -0.003938 -0.008700 -0.012302 -0.002995 
0.049889 0.001648 0.001814 -0.000832 0.006799 -0.000767 -0.004288 -0.007771 
-0.042043 -0.002871 0.006383 -0.005776 -0.005149 0.003838 0.002731 0.003986 
0.017213 -0.007140 -0.006327 -0.014323 0.005870 0.002261 0.012773 0.004898 
-0.017334 0.012813 -0.014728 -0.008242 0.004497 -0.004740 0.001133 -0.005476 
0.019990 -0.008920 0.002715 -0.000268 -0.001688 0.004306 -0.002217 0.001932 
-0.009237 0.010154 0.001283 0.000834 -0.004274 0.006270 0.000078 -0.004950 
-0.003242 0.001611 0.006185 0.007267 0.010217 0.003580 -0.001237 -0.002765 
-0.001805 0.008264 0.000581 0.005890 -0.000317 -0.001813 -0.002584 -0.004285 
-0.005370 0.012800 -0.012727 -0.001795 0.008001 0.001602 0.000100 0.002677 
0.021209 -0.002942 -0.005609 -0.001514 0.001405 0.001813 -0.010599 0.010248 
-0.024922 -0.008328 0.001385 0.004393 0.010376 -0.007173 0.002291 0.007996 
0.026622 0.007012 -0.009423 -0.000094 0.014151 -0.001362 0.001285 -0.005378 
-0.040531 0.004828 -0.005187 -0.005038 -0.010858 -0.004641 0.002936 0.003340 
0.028746 -0.007242 -0.010174 0.000876 0.000226 0.002223 0.004925 -0.002975 
-0.048928 -0.002429 0.000306 -0.010095 -0.000931 -0.013153 -0.002796 -0.004774 
0.030841 0.002597 0.008067 -0.001497 -0.004771 -0.005414 -0.015195 -0.006727 
-0.054336 0.009592 -0.015520 -0.004377 -0.004624 -0.000838 -0.005567 0.000491 
0.028308 -0.004870 -0.008409 0.007963 -0.007337 0.006992 0.006604 0.001524 
-0.155375 0.004618 -0.013862 0.010274 -0.003455 0.005360 -0.000040 0.003525 
0.019667 -0.011467 0.003857 -0.013329 -0.000710 -0.004135 0.012828 -0.001061 
0.012335 0.001633 -0.011079 0.002713 0.006798 0.005848 0.008789 -0.009042 
-0.022677 0.001435 0.002491 -0.006415 0.005126 0.003866 -0.002665 -0.004592 
0.011795 0.006382 -0.016109 0.008223 0.005566 0.002479 0.000352 0.004855 
-0.002919 -0.007995 -0.001028 -0.002145 -0.005103 0.001911 -0.007545 -0.002635 
-0.007581 -0.000810 0.001081 -0.003241 -0.012294 0.003388 0.001740 0.000994 
-0.003792 -0.001999 0.002180 -0.004157 0.011320 0.003803 0.002628 -0.011562 
0.011051 -0.004691 0.011063 -0.013038 0.004483 0.000390 -0.012630 0.003664 
0.004425 -0.001074 0.007540 0.002533 -0.008975 0.015841 0.010937 0.000487 
-0.002092 0.003650 0.000616 0.001391 -0.013412 -0.005117 0.008307 0.001058 
-0.002026 -0.004951 0.005175 0.005346 0.001605 -0.014247 -0.001577 -0.002029 
-0.012249 0.008271 0.000005 0.002949 -0.006405 0.004027 0.009921 -0.000369 
-0.002525 -0.009873 0.000366 -0.003196 -0.000891 -0.005523 0.003890 -0.003630 
-0.021651 0.002597 0.011294 0.002364 -0.000192 0.001686 0.003095 -0.006719 
0.013015 -0.010296 0.009040 0.000011 -0.006325 -0.000012 -0.006394 -0.002682 
-0.012742 0.006152 0.003160 -0.017360 0.000313 -0.002826 -0.004487 0.005834 
0.007568 0.000435 0.007322 0.001875 -0.010619 0.002185 0.002896 0.000290 
0.008688 -0.023353 -0.001393 -0.005197 -0.006095 0.009055 -0.001186 0.000570 
0.027360 0.000784 0.002030 -0.005599 -0.006701 -0.002783 -0.003618 0.001576 
0.089640 -0.015659 -0.013281 -0.012390 -0.007057 -0.000154 0.000842 0.006176 
0.108588 0.024391 0.005403 -0.003582 -0.012966 -0.007558 0.006321 0.004100 
0.002242 -0.003580 0.003556 -0.004609 0.002419 -0.002306 0.012313 -0.003729 
-0.031540 -0.005271 0.013162 0.001348 0.005117 0.005584 0.007793 -0.005126 
-0.006476 -0.010086 0.004796 0.004016 0.001702 0.003558 -0.013006 -0.009502 
-0.021608 -0.000625 0.016615 0.002780 0.004325 -0.010027 -0.006586 -0.007664 
0.008752 0.002881 0.002063 -0.003416 0.002601 0.000910 -0.004246 -0.001285 
-0.006992 -0.006767 -0.000178 -0.009762 0.009871 -0.004422 0.014261 0.004275 
0.006477 -0.002922 0.000054 -0.000755 -0.008215 0.000804 0.007664 0.003723 
0.006012 -0.009390 0.003060 -0.003027 0.002975 0.005593 0.003140 -0.002483 
-0.001699 -0.008008 0.005690 -0.010334 0.009814 0.003924 -0.001283 0.001160 
0.021597 0.002343 -0.014246 -0.000763 -0.001757 0.003891 -0.002600 0.010004 
0.003760 -0.000020 -0.003720 -0.011071 0.000372 0.011106 0.001550 0.000440 
0.025250 -0.001058 -0.004659 -0.000833 -0.006705 -0.003006 0.012440 0.001333 
0.004186 0.001436 0.000747 0.006892 -0.004334 -0.004806 -0.007718 0.003501 
0.039225 0.006623 0.004683 0.004126 0.000261 0.004496 -0.004481 0.006394 
-0.014636 0.013738 0.007517 0.009543 -0.015410 -0.009289 -0.001575 0.000652 
0.040198 -0.003266 -0.003025 -0.004201 -0.001351 0.001563 -0.003352 -0.001139 
-0.003413 -0.003040 0.000144 -0.003784 -0.003977 -0.015077 0.006420 0.011393 
0.052730 0.002076 0.004760 0.006294 0.007748 0.005687 0.005560 -0.003003 
0.048057 -0.082510 -0.009123 -0.005283 0.004794 0.011630 0.004933 -0.009190 
-0.020390 -0.015518 0.020311 0.002286 0.001490 -0.004634 -0.003555 -0.007287 
0.046121 -0.018408 0.002116 -0.006295 0.007979 0.001943 -0.002671 -0.002835 
-0.153836 -0.004337 0.002222 -0.007172 -0.007912 -0.009369 -0.002418 -0.003288 
0.021480 -0.003736 -0.004108 0.004838 -0.003520 -0.002538 0.004988 0.000190 
-0.087774 0.010969 0.005443 0.004678 0.004283 -0.001885 -0.002000 0.002662 
0.005459 -0.000373 -0.006519 0.001172 0.003107 -0.008366 -0.006332 -0.001102 
-0.035307 0.009906 0.002180 -0.002587 -0.007397 -0.002423 0.004156 0.007631 
0.006524 0.001514 0.008229 0.010240 0.002486 0.012058 -0.000801 -0.011841 
0.010583 0.001989 -0.008362 -0.005948 -0.001085 0.001444 0.000079 0.007696 
-0.010861 0.005995 0.006472 -0.006188 0.013743 0.003623 -0.002134 0.002630 
0.047958 0.003261 -0.004798 -0.003754 -0.004634 0.005639 -0.005159 -0.005343 
-0.025989 -0.010697 -0.005630 -0.000797 0.000650 -0.002223 -0.002647 0.009066 
0.094983 -0.003305 -0.006160 -0.008854 -0.011089 -0.003910 0.005500 -0.002026 
-0.040209 -0.008465 0.006216 -0.001349 -0.004916 0.012495 0.018455 0.006800 
0.139277 -0.000952 -0.014332 0.009226 0.001086 0.000317 -0.000237 0.010030 
-0.045024 -0.018863 -0.001762 -0.010857 0.002805 0.005354 0.004580 0.000379 
0.153928 0.001870 0.002576 -0.010330 0.003087 -0.004957 0.002696 -0.001223 
-0.050435 -0.019724 -0.003602 -0.006801 0.003999 0.003141 -0.010905 0.006135 
0.177388 -0.006402 -0.005022 0.005057 -0.003702 0.001439 0.009610 -0.003223 
-0.081048 -0.060447 -0.002367 0.009288 -0.002964 0.002409 0.010577 0.000266 
0.226970 -0.019754 -0.012185 0.008851 0.000493 -0.001158 -0.005282 0.004238 
0.014934 -0.007741 0.002831 -0.001844 0.005796 0.001450 -0.002397 0.005854 
-0.022874 0.014273 -0.011400 0.002585 -0.013516 -0.003471 -0.004798 -0.003657 
0.009304 -0.001017 0.009202 -0.014510 -0.000389 -0.002808 0.007089 -0.001600 
-0.006148 -0.005426 0.002394 0.000989 -0.004970 0.001158 0.004375 -0.001583 
0.000470 -0.010069 0.001904 0.004730 -0.005681 -0.005903 -0.001751 -0.002264 
0.002595 -0.002628 0.007668 0.003723 -0.001394 0.004437 -0.005778 0.007997 
0.000144 -0.001379 0.012533 0.000912 0.008150 0.003701 -0.003361 0.004720 
-0.005012 0.013213 -0.004576 0.000629 -0.007564 -0.000388 0.001229 0.006676 
0.002980 0.007508 -0.003015 -0.007179 0.008905 -0.001807 0.006111 -0.002131 
0.012227 -0.007826 0.000358 -0.004117 -0.004072 -0.002898 0.003774 -0.004415 
-0.012537 0.001387 -0.005207 0.002491 -0.004475 0.011921 -0.006856 -0.007559 
0.020335 -0.001565 -0.005740 0.001607 -0.010381 -0.007784 0.009288 0.004084 
-0.010269 0.007121 0.009073 -0.000092 0.002853 0.007117 0.001901 -0.006322 
0.015871 0.006120 0.011952 -0.001539 -0.003014 0.002843 0.000014 0.002733 
-0.006265 -0.002376 -0.009671 -0.016142 0.001738 0.002100 -0.004996 0.008886 
0.013962 0.004325 0.013559 -0.002514 -0.013292 -0.003291 0.014854 0.004735 
0.002844 0.005046 -0.018724 -0.004849 0.008500 0.007387 0.007897 -0.007821 
0.009982 0.013639 0.001044 -0.007395 0.004383 0.025889 -0.008111 0.000809 
-0.045130 0.026921 -0.005271 0.009747 -0.022432 0.012106 0.004210 0.000834 
-0.014745 -0.000668 0.000366 0.001964 0.027457 0.009375 -0.000197 -0.020770 
0.016255 -0.008968 0.010618 -0.009523 0.008732 -0.015173 -0.008524 0.009283 
-0.005942 0.004293 -0.007917 0.005740 0.002423 -0.004675 -0.000948 -0.002670 
-0.002413 0.010276 0.005588 0.006819 0.001682 0.003138 0.002635 -0.008360 
-0.003650 0.011342 0.004814 -0.003674 0.000962 0.002015 -0.007138 0.004354 
0.009514 -0.001014 0.003808 -0.000627 -0.004539 0.006114 0.000170 -0.003822 
-0.006138 0.000450 0.003864 -0.001109 -0.002696 -0.004758 0.006287 -0.001804 
0.001175 0.001080 -0.002557 -0.014291 0.000161 -0.005367 -0.003476 0.003680 
0.005379 0.008533 -0.006939 0.001822 -0.000437 0.001463 -0.001203 -0.007127 
-0.011897 -0.004138 0.008005 0.009811 -0.000868 0.012154 0.008871 0.001187 
0.016656 0.004179 0.004731 0.000206 -0.000198 0.000697 0.007954 0.002286 
-0.014448 -0.013219 0.016179 0.003065 0.011766 -0.001028 -0.002236 -0.000064 
0.015464 -0.008943 -0.005082 -0.002053 0.007427 0.011210 0.002294 0.003031 
-0.018073 0.010317 -0.001007 -0.006178 -0.002306 -0.006708 0.001014 -0.008653 
0.010894 0.006247 0.019859 0.004256 0.005284 -0.004949 -0.007137 -0.004997 
-0.010759 0.003927 0.003320 -0.010768 -0.003749 0.004975 0.004318 0.001251 
0.016772 -0.001588 0.006321 -0.003311 -0.004590 -0.003470 -0.010210 -0.003942 
-0.002937 -0.020124 -0.002211 0.001037 -0.001261 -0.001393 -0.001972 0.012826 
-0.011999 0.009508 0.000660 0.010139 -0.009599 0.001215 -0.001360 -0.007786 
-0.044454 0.055240 -0.017736 0.017525 -0.003258 -0.006455 -0.001974 0.007585 
-0.001195 -0.022118 0.020908 0.005037 0.001792 -0.004919 0.008128 0.000444 
0.036816 -0.001562 0.005457 0.004026 0.001784 0.008272 -0.003816 -0.003951 
-0.017767 -0.009463 -0.002772 -0.000435 -0.004526 -0.002191 0.002689 -0.002464 
0.007879 0.001625 -0.002060 -0.006021 0.005360 0.004428 -0.004188 0.005678 
-0.024983 0.014510 -0.001200 -0.001154 -0.008698 0.004245 -0.001372 -0.005214 
-0.008011 -0.004153 -0.000992 0.004082 -0.007637 -0.006588 0.011465 0.001841 
-0.015590 0.001294 0.002492 0.000905 0.011696 0.001932 0.003664 -0.007765 
-0.003915 -0.004994 0.006464 -0.005767 -0.000715 0.005780 -0.000235 0.008259 
-0.002923 0.003501 -0.001660 -0.002865 -0.006228 -0.006606 -0.006871 0.003492 
-0.002946 -0.010012 -0.008830 0.003039 -0.010170 -0.002142 0.001367 -0.000179 
0.007004 -0.004216 -0.001414 -0.005886 -0.000493 0.002581 -0.006749 -0.014049 
-0.002189 -0.009938 0.009739 -0.010226 -0.003430 0.003289 -0.011060 -0.003116 
0.012082 -0.001189 0.006250 -0.007255 0.006825 0.002246 -0.003288 -0.003326 
-0.027891 -0.000894 -0.000266 -0.010243 0.008096 0.003162 -0.015483 -0.010942 
0.026201 -0.006540 0.009675 -0.001687 0.007793 0.008163 -0.012622 0.000700 
-0.038308 -0.001618 -0.011385 -0.004400 0.009799 -0.016722 -0.002400 0.005860 
0.026632 0.005399 0.001237 0.004600 0.004261 -0.002740 -0.010742 -0.006113 
-0.040352 0.004916 -0.004023 -0.001032 0.006954 -0.007238 -0.009209 0.004708 
0.004707 0.014675 0.017537 -0.004175 -0.008067 0.014416 0.005601 0.010962 
-0.082350 0.011925 -0.017864 -0.013304 -0.000171 0.000102 -0.002706 0.018176 
0.011241 0.008026 -0.007992 -0.011623 -0.012634 0.012459 0.013994 -0.002594 
0.016872 -0.010749 -0.001589 0.001646 0.000903 -0.004630 -0.001549 -0.002312 
-0.004567 -0.001863 -0.003476 -0.007301 0.001452 -0.003508 0.000209 -0.001232 
0.009225 -0.012081 0.004472 -0.006673 0.000827 0.007782 -0.000403 0.004586 
-0.002259 0.008460 -0.002624 0.008862 -0.002485 -0.003678 -0.001563 -0.002727 
0.002159 -0.002808 0.007352 -0.003190 -0.002837 0.001746 -0.003436 -0.001935 
-0.001916 -0.003787 0.001730 -0.000523 -0.001512 -0.000438 0.002954 -0.006398 
-0.007489 0.000297 0.005997 -0.004040 0.006309 0.008206 0.001437 0.003770 
-0.007530 0.005116 -0.008519 -0.007159 -0.001450 -0.001678 -0.002677 0.003646 
0.000171 0.002724 -0.007822 -0.004580 0.001871 0.002654 0.006331 -0.004937 
0.002918 0.002620 0.005781 0.012939 -0.004474 -0.009935 0.004468 -0.008836 
-0.019020 -0.010968 0.001301 0.010448 -0.007492 0.005395 -0.003029 0.000266 
-0.003204 -0.006580 0.006540 0.005303 -0.004054 0.006461 0.011681 0.002047 
-0.014730 -0.004397 0.004314 0.006143 0.006398 -0.008863 -0.001507 -0.009651 
0.008853 0.010059 0.001559 -0.001705 0.003538 0.009793 -0.004192 0.000558 
-0.010817 0.011097 0.005703 -0.012561 0.002336 -0.019745 0.012262 0.000728 
0.007315 0.006312 -0.000519 -0.004297 0.003071 -0.000688 -0.011410 0.006440 
-0.033854 0.020879 -0.002853 -0.011839 -0.007716 0.002183 0.003906 0.007915 
0.013805 0.012845 0.009987 -0.012222 -0.013245 0.008065 -0.002163 0.009042 
-0.025923 -0.020828 0.007420 -0.004287 0.011233 0.010557 0.003929 0.009178 
0.002950 0.004021 -0.005820 0.014025 -0.015475 -0.003482 0.026118 0.005715 
0.017291 -0.015465 -0.010135 0.009405 -0.006991 0.014046 -0.006070 -0.006955 
-0.013539 0.003376 -0.004557 -0.000895 -0.003905 0.023042 0.008842 -0.003689 
0.009933 0.000031 -0.016429 0.007429 -0.003053 -0.003020 -0.006838 -0.003381 
-0.013157 0.004606 0.001127 -0.001334 0.009597 -0.017324 0.004417 0.002951 
0.007485 -0.005457 -0.010281 0.000186 0.011933 -0.000614 -0.001358 0.008656 
-0.002427 0.004207 0.001424 -0.009215 0.005700 0.005999 -0.001516 -0.003706 
-0.000442 0.002365 -0.008383 -0.000967 0.000532 0.000902 0.004727 0.004470 
0.004393 0.000638 -0.002077 0.001777 -0.007388 0.014775 0.001463 -0.007662 
-0.005218 0.002127 0.006903 -0.003423 0.001283 -0.004446 -0.001741 0.013097 
0.012941 0.006262 -0.007678 -0.009934 -0.003058 0.002862 -0.003999 0.001146 
-0.005597 0.004201 0.003039 0.001491 -0.003270 0.004838 -0.003310 0.015279 
0.018743 -0.002966 0.009714 0.001072 -0.001618 0.002181 -0.001880 -0.001965 
-0.010222 -0.007829 -0.006825 0.000512 0.013852 -0.001532 0.007525 0.004333 
-0.000037 -0.000809 0.001028 0.005500 0.004685 0.002081 0.012920 -0.001057 
-0.030565 0.009201 0.007884 -0.010864 0.007370 0.007861 0.003283 -0.006233 
-0.001221 -0.004605 -0.000995 -0.005747 -0.008968 0.011482 -0.000289 0.000982 
-0.013661 0.002850 -0.015459 -0.000447 -0.003131 -0.007133 -0.009697 0.002204 
0.014653 0.012921 -0.004882 0.010069 -0.012839 0.004662 -0.010856 -0.016893 
-0.055944 -0.023020 0.010349 0.002609 -0.005353 0.006884 -0.022838 -0.008062 
0.007041 0.011183 0.019613 0.020082 0.017798 0.012286 -0.010937 -0.024879 
0.018719 0.006065 0.003942 0.004477 -0.009359 -0.006430 0.004738 0.010685 
-0.013722 0.005276 -0.003444 0.005303 0.005774 -0.000596 -0.005352 0.009255 
0.016527 0.007203 -0.001228 0.012972 0.009630 -0.007467 0.000645 -0.000340 
-0.014982 0.002547 -0.010341 -0.002980 0.001109 -0.005260 0.004433 -0.005680 
0.004508 -0.010640 0.006624 -0.008443 -0.006448 0.003163 -0.001416 -0.002262 
-0.004145 0.002838 0.003264 0.002555 0.009181 -0.001054 -0.000807 0.002995 
0.002607 0.002239 0.003515 -0.007075 0.001179 -0.011172 -0.013733 0.005595 
-0.011556 0.004651 -0.004177 -0.001434 -0.003703 0.003308 0.000938 -0.007431 
-0.006673 0.011872 0.008264 0.005266 -0.001618 -0.008209 -0.008340 -0.002548 
0.001471 -0.010782 0.008454 -0.008256 -0.004070 0.001025 -0.000638 -0.017920 
-0.016515 0.006450 0.001200 -0.003192 0.003107 -0.002263 0.003767 0.002000 
-0.016913 0.003112 -0.004136 0.006272 -0.000032 0.000815 0.004184 -0.001743 
-0.017456 0.003966 0.002085 0.016443 0.010997 0.010984 -0.000986 0.005671 
0.008754 -0.016084 -0.009313 0.004513 -0.012793 0.008124 -0.008334 0.006229 
-0.010217 -0.015738 -0.000025 -0.008253 0.012517 0.009096 -0.000717 -0.008828 
0.014848 0.010541 -0.003478 -0.007176 -0.009515 0.004197 0.000181 0.008812 
-0.025058 -0.008186 -0.010830 -0.004961 0.002109 -0.009835 0.004061 -0.002419 
-0.000632 -0.001572 0.005004 -0.011412 0.000162 0.000141 -0.010048 -0.010280 
0.066976 0.033140 -0.002883 -0.000521 -0.010855 0.001549 0.012723 0.001285 
0.057528 0.003123 0.023691 0.015006 0.013165 0.020345 0.019650 -0.003188 
0.003527 0.006375 -0.009637 -0.007349 0.006434 0.002158 -0.010195 0.005914 
-0.010840 0.006977 0.007945 -0.000243 0.003680 -0.004380 0.006231 -0.004917 
-0.000506 -0.000527 0.005113 -0.008570 -0.005775 -0.008063 -0.000012 0.003496 
0.009322 0.003133 0.004206 -0.007899 0.005817 0.000156 -0.000617 -0.003648 
-0.004930 -0.005106 0.011956 0.000144 0.006640 -0.008670 0.002870 0.005157 
-0.008383 -0.005391 0.007055 0.006607 0.000141 -0.000775 -0.006883 -0.002486 
0.004479 0.001947 0.000513 0.005671 -0.000153 0.003487 0.002849 0.009122 
-0.001897 -0.001975 0.007298 0.000435 0.010584 -0.009465 -0.003165 0.008007 
-0.004453 -0.004775 -0.003048 0.002383 -0.002725 -0.002118 -0.000246 -0.003045 
0.005481 0.006543 0.006235 0.002590 -0.000029 0.002680 0.000630 0.011018 
-0.001625 0.010823 0.000607 -0.007777 0.008335 -0.007811 0.001536 0.002578 
0.010396 -0.006394 0.002647 -0.002519 -0.000140 0.002819 0.007591 0.009778 
-0.017746 -0.006354 0.007832 -0.004665 0.009051 0.001007 -0.012105 -0.006115 
0.017103 -0.014131 -0.005759 -0.003856 0.008484 -0.004309 0.002237 -0.006979 
-0.019175 0.003533 0.002812 -0.001617 0.005513 0.002672 0.020137 0.000964 
-0.012394 0.013170 0.011364 0.003325 0.000752 -0.001220 -0.012824 -0.020466 
0.009180 -0.021032 -0.010558 -0.016227 0.007771 0.006671 0.008886 0.001042 
0.028253 -0.013831 -0.011432 -0.008390 -0.004462 0.003225 -0.002625 -0.002419 
0.072453 0.056168 0.025830 0.006836 0.007963 0.007432 -0.004134 -0.004558 
0.019575 0.005603 0.005559 0.009136 0.002368 0.007025 -0.001205 0.018137 
0.012069 0.001667 -0.005811 0.004217 -0.001256 0.000963 0.001041 0.003566 
-0.009454 0.008661 0.003298 0.003374 0.002834 -0.000514 -0.009894 0.004273 
0.000118 -0.004795 0.017060 0.003990 -0.003308 0.001023 0.002096 0.002826 
0.003027 -0.001075 -0.001692 -0.000312 0.005109 0.002938 0.004332 0.007585 
0.006091 -0.005594 -0.003926 -0.002769 0.010758 -0.005181 0.007946 0.000352 
-0.000051 -0.005860 0.001450 0.007050 -0.000251 0.000343 0.007019 0.002852 
-0.002721 0.008184 -0.000623 0.001215 -0.010265 0.004716 0.002369 -0.004993 
0.003401 -0.004322 -0.006953 -0.007430 -0.004144 0.002174 0.011389 -0.001178 
0.000745 0.005337 0.005404 -0.003807 0.001200 -0.002461 0.001564 -0.000911 
-0.005612 0.002725 -0.000312 0.008720 -0.004329 0.004431 -0.001884 0.000940 
-0.017883 0.001317 -0.007384 -0.001942 0.000748 -0.002610 0.007674 0.000775 
-0.002812 -0.016835 0.008942 -0.002101 -0.004064 -0.000762 -0.004876 0.006182 
-0.005589 -0.007290 0.000222 -0.011022 0.001458 0.001565 0.018807 0.000349 
0.009011 -0.006778 -0.000279 -0.006534 -0.005912 -0.007603 -0.000775 -0.004168 
0.003403 0.006800 0.005421 -0.004566 0.006659 -0.002484 0.011026 -0.008989 
0.009902 -0.000724 -0.009885 -0.003236 0.019537 -0.005736 0.001106 -0.006380 
0.007398 0.013769 -0.015504 -0.025800 0.013274 0.007451 -0.009975 -0.018431 
-0.010855 -0.002828 0.004438 -0.011081 0.002134 -0.004678 0.011744 0.009744 
-0.076583 0.035462 -0.007757 -0.000082 -0.009505 0.004914 0.005461 0.012187 
0.032206 -0.008544 0.005111 -0.001436 -0.004867 -0.019855 -0.011687 0.000097 
-0.005519 -0.009886 0.004802 0.002101 -0.003678 -0.005743 0.000528 0.004830 
-0.000654 0.008520 0.000766 -0.007074 -0.006045 0.002146 0.002813 0.006814 
0.000631 -0.007804 0.005610 0.000224 0.009709 0.007760 0.009990 0.000010 
-0.003728 -0.002042 -0.001823 -0.007438 -0.005215 -0.002050 0.011067 -0.002157 
-0.001772 0.003225 0.004527 0.000694 0.000675 -0.000104 -0.003041 0.007215 
0.001652 -0.002253 -0.003923 0.005908 -0.009274 0.008784 -0.001793 -0.006061 
0.008370 -0.002868 0.003158 -0.004059 0.004298 -0.003552 -0.002291 0.000528 
-0.004233 -0.002005 0.016337 0.005846 0.000980 -0.006251 0.001894 0.003820 
-0.008020 -0.000404 -0.007249 0.006341 0.000065 0.008452 0.000760 0.007902 
0.008320 -0.008668 0.001735 0.015819 0.002607 0.011199 -0.006670 -0.001193 
-0.002966 0.014096 -0.005152 0.007835 0.019469 0.002752 0.000875 0.004457 
0.013733 -0.003474 -0.005112 0.001917 0.002157 0.000789 0.006343 -0.010372 
-0.007213 0.004209 0.000787 0.020449 -0.000315 -0.009651 -0.011810 -0.003328 
0.007114 -0.009577 -0.000742 -0.008985 0.008488 0.006796 0.003181 -0.004353 
-0.002393 -0.010601 0.000665 -0.012552 -0.005961 -0.002641 -0.005525 -0.004701 
-0.000994 0.000813 0.021665 0.000724 0.002038 -0.002025 -0.004857 -0.005344 
0.004292 -0.023522 0.006014 -0.005173 0.002884 -0.007334 0.018383 0.003294 
-0.001727 0.005204 -0.000294 -0.004302 0.007859 -0.010050 0.007049 -0.006179 
0.050680 0.021928 0.014611 -0.007250 -0.006040 0.009257 0.002479 0.005149 
0.046296 0.014863 0.005436 -0.006848 -0.011882 0.002411 0.010416 -0.022896 
-0.005028 -0.005405 0.007685 0.003499 0.000976 0.001441 0.003791 0.000217 
-0.005257 -0.004217 0.002353 -0.011933 -0.005940 0.007628 0.005990 0.005959 
0.007972 0.005888 -0.001093 -0.002654 -0.004104 -0.001158 -0.002984 -0.004011 
0.004490 0.007380 -0.013775 0.010269 0.001124 -0.001595 -0.004538 0.003584 
-0.014289 0.010207 0.006137 0.001761 -0.000806 -0.003687 0.014424 -0.004278 
-0.005154 0.002035 -0.001281 -0.004014 0.000954 0.003269 -0.005940 0.000413 
0.004959 -0.008347 0.011479 -0.003542 -0.004642 -0.007878 0.000229 0.003689 
0.006357 0.005614 0.002461 0.005435 0.004995 -0.002234 -0.006521 0.008107 
-0.001946 0.000629 0.014971 -0.002774 -0.004395 0.001389 0.000120 -0.007925 
-0.000741 -0.007471 0.000961 0.013979 0.001464 0.017112 0.000591 0.002782 
0.005207 -0.003329 0.000980 0.001190 0.001447 -0.005475 0.002075 0.003350 
0.005387 -0.007467 -0.001785 0.001969 -0.002023 0.004569 -0.007112 -0.007973 
0.002766 -0.005168 0.009767 -0.007073 0.005454 0.002397 0.001120 -0.004116 
-0.000751 0.006425 0.007877 -0.008519 -0.002889 0.007117 0.010006 -0.001822 
0.007388 0.001943 -0.013474 0.009782 0.002278 0.002859 -0.005875 -0.010346 
-0.010584 0.009618 -0.001742 -0.014940 -0.003681 0.001188 0.002559 0.005994 
0.021599 0.009687 0.000043 -0.007111 0.013020 0.010198 -0.010900 0.004610 
0.014264 0.008053 0.026092 -0.008602 0.003161 -0.011847 0.002394 0.004636 
0.024513 -0.028783 -0.013949 -0.011946 0.011922 0.006935 -0.020067 0.010704 
-0.008011 0.007469 0.004984 -0.008811 -0.008288 0.011357 -0.004674 0.008336 
0.010863 0.005293 -0.000068 -0.009174 -0.007426 -0.015225 -0.000135 -0.002095 
-0.008302 0.002432 -0.004657 0.017374 -0.003190 0.003151 0.001703 0.005166 
0.003634 0.005363 -0.001544 -0.005143 -0.013330 0.000797 0.002058 0.007554 
-0.006869 -0.005896 -0.002566 -0.008958 0.001787 -0.006552 -0.000727 0.009414 
0.019367 -0.007161 -0.002087 -0.000001 0.005139 -0.008965 0.008516 0.004248 
0.002665 0.006615 0.003467 -0.002607 0.006679 -0.005499 0.004013 0.004639 
-0.015259 0.004526 -0.009213 -0.003725 -0.009388 0.002044 -0.015515 0.001679 
-0.006455 0.000915 -0.001425 0.001034 -0.002197 0.006554 0.000066 0.005148 
-0.005570 0.000465 0.002598 -0.003352 -0.004020 -0.011710 0.001030 -0.002693 
-0.004957 0.010561 -0.005179 -0.005637 0.004876 0.011173 0.000330 0.003062 
-0.027525 -0.005185 0.008474 -0.009093 0.004616 0.010491 0.003200 -0.003016 
0.004634 0.004251 0.002075 -0.003595 0.001907 0.013834 0.003412 0.008062 
-0.005522 -0.001269 -0.001639 0.004887 0.001378 0.008540 0.005380 -0.009601 
0.006688 -0.003777 0.005158 -0.007670 -0.002851 0.002475 -0.004368 0.006020 
-0.019012 -0.000140 -0.011901 -0.006839 -0.014610 0.005714 0.006689 0.001138 
-0.012435 0.004851 0.007625 0.003610 -0.008725 0.009795 0.009889 -0.011449 
-0.011660 0.020114 -0.022476 0.005564 -0.002839 0.000754 -0.008869 0.010671 
0.005776 -0.013512 -0.000842 0.006178 -0.014197 0.005205 -0.004512 0.007938 
-0.026318 0.037259 -0.008755 -0.011520 -0.002435 0.003548 -0.001300 -0.001889 
-0.003333 0.010356 0.015852 0.016090 -0.002826 0.003602 -0.009876 -0.023561 
0.003218 0.000857 0.001569 0.009673 -0.000073 -0.006009 0.000968 -0.000140 
-0.019281 -0.009647 0.007944 0.010579 -0.003579 -0.001341 0.004495 0.007082 
-0.006942 -0.016296 -0.017696 -0.005153 0.011563 -0.012256 -0.003882 -0.006851 
-0.012104 0.004493 0.003289 -0.007770 0.005604 -0.002329 0.000907 -0.003891 
0.008382 -0.005531 0.002360 -0.003183 -0.003201 -0.001066 0.004511 0.000311 
-0.005890 0.006088 -0.005108 0.006669 0.003748 0.005771 -0.005294 0.001988 
0.015203 0.004688 0.016992 -0.009017 0.001373 0.009443 -0.001985 0.006252 
0.006308 -0.002959 0.006243 -0.001427 -0.008064 0.003777 0.006557 -0.001717 
0.007137 0.002237 0.000110 -0.003792 -0.003964 0.001151 -0.005875 0.001827 
0.008800 -0.010880 -0.007234 -0.001479 0.001888 0.002606 -0.010879 0.002932 
0.006460 0.003581 0.003939 -0.001114 0.002894 -0.004631 0.005007 -0.006293 
0.010520 -0.005464 0.005479 -0.005753 -0.006950 0.008206 0.001577 -0.010477 
0.002582 -0.000348 -0.004959 0.004497 -0.011261 -0.006084 -0.002414 -0.007689 
0.015512 0.015563 -0.004045 -0.007289 -0.002484 0.012025 0.001459 0.000922 
-0.011389 0.019091 -0.005404 0.005208 -0.010704 0.006610 -0.000817 0.004126 
0.027772 0.000712 0.011076 0.006635 -0.002539 0.018497 -0.001268 -0.014808 
0.017824 0.002905 -0.007371 -0.008253 -0.018942 -0.011583 0.008438 0.012285 
0.030410 -0.012092 -0.006393 0.000041 0.004588 0.010325 -0.010413 -0.006822 
0.089116 -0.040209 -0.009447 -0.034817 0.006350 -0.008899 0.018703 -0.022762 
-0.034637 -0.027198 -0.007244 -0.001659 -0.024915 0.019526 -0.014161 -0.023037 
-0.009537 -0.000133 0.013709 0.005708 0.002943 0.003444 -0.008167 0.002734 
-0.037410 -0.005612 0.001846 -0.012984 -0.003973 0.001518 0.003783 -0.003911 
-0.007704 -0.007391 0.006322 -0.000101 -0.011397 0.000681 -0.003293 0.002480 
-0.019302 0.004438 0.010538 -0.007218 0.014643 -0.001006 0.001171 -0.000737 
-0.005067 0.002826 -0.002975 0.003642 0.003206 0.001002 -0.003908 -0.010764 
0.000448 -0.016756 0.001038 -0.006679 0.004976 -0.006501 0.004640 0.005761 
-0.000525 -0.002592 0.010836 0.010032 -0.009278 0.004653 0.001894 0.009616 
0.001489 -0.001191 -0.006821 -0.011961 0.002303 0.004826 -0.001113 -0.010099 
0.007852 0.007403 0.000687 0.002357 -0.006542 0.004024 0.002819 0.010524 
0.015889 -0.009792 0.014186 -0.011108 0.010698 0.007826 -0.006159 0.002624 
0.018887 0.003748 -0.002049 -0.011006 -0.000101 0.008772 0.001129 -0.001594 
0.020034 -0.002646 -0.005887 -0.012116 0.018740 -0.000868 -0.005952 -0.011463 
0.007665 0.000982 0.007346 0.007487 -0.010617 0.010970 -0.012022 -0.003980 
0.039312 0.000173 0.014674 -0.019549 0.021106 0.003590 -0.000730 -0.001794 
0.006328 0.014839 -0.001295 -0.011049 -0.020584 -0.001261 -0.007398 -0.013518 
0.053770 -0.005731 0.011109 -0.015209 -0.002734 0.023137 0.000140 -0.002334 
0.013496 -0.004289 0.002772 0.008779 -0.007727 -0.004477 -0.012120 0.007710 
0.037625 -0.009242 0.008591 -0.010710 0.004419 -0.003390 0.000195 0.013598 
0.030325 -0.009475 -0.010687 -0.031822 -0.027856 0.008706 0.000198 -0.008020 
0.051052 -0.022124 0.044365 -0.022213 0.005652 -0.010018 0.028495 -0.004264 
-0.003999 -0.010501 0.001920 0.010587 0.000209 0.008456 0.005713 0.004184 
-0.055353 -0.002292 0.002002 0.003288 -0.006040 0.010765 0.007870 -0.004353 
0.006592 -0.001736 0.007311 0.005031 -0.006309 0.004085 -0.002367 -0.005993 
-0.031866 -0.004216 0.006784 -0.001776 0.006474 0.003607 0.004975 0.007162 
0.005329 -0.006236 -0.000915 0.005726 -0.012542 0.006266 0.000535 -0.002687 
-0.014414 -0.000407 0.005976 -0.006746 0.004410 0.007966 0.000524 -0.016336 
0.006499 0.005536 0.003039 -0.001977 -0.019198 0.010410 0.010721 0.008745 
0.011803 -0.003432 0.005207 -0.002514 0.008363 0.009025 0.002675 -0.002131 
-0.006687 -0.001343 0.003849 -0.004199 -0.006862 0.009470 0.002198 0.005251 
0.030969 0.001740 0.013636 -0.012685 0.011304 -0.001980 0.002603 0.002546 
0.006049 -0.004300 0.000309 0.003813 -0.007874 0.015471 0.002799 0.003691 
0.028790 -0.005841 0.010694 -0.015861 0.012191 0.005987 -0.001006 0.004997 
0.005047 -0.000324 -0.000805 0.007985 -0.011243 0.020448 -0.006621 0.014230 
0.046749 0.004927 0.021829 -0.027115 0.017693 0.015700 0.008737 -0.009325 
0.004420 0.005291 0.004600 0.002273 -0.018115 0.012534 0.003195 -0.002653 
0.068555 0.012460 0.026165 -0.028746 0.020029 0.009453 0.005112 -0.015341 
-0.001035 0.008981 -0.017343 -0.004821 -0.029727 0.011183 0.014867 0.015163 
0.097895 0.015981 0.033327 -0.010924 0.019637 0.002058 0.002896 -0.008588 
0.044615 -0.045556 0.002996 -0.029402 -0.040909 0.014659 0.003172 0.003829 
0.082814 0.013194 0.032947 -0.003472 0.025192 0.000875 0.000126 0.045105 
-0.004364 0.011451 0.020041 -0.001690 0.001804 0.014794 0.021840 0.022273 
-0.046544 -0.033905 0.022835 -0.004788 0.010353 0.018109 -0.014429 -0.001994 
-0.011283 0.010428 0.025666 -0.018960 -0.003868 0.012749 0.017133 0.027244 
-0.021101 -0.035962 0.035733 0.002384 0.028990 0.008572 -0.011690 -0.000883 
0.014133 0.004389 -0.003439 -0.011245 -0.002955 -0.005976 0.010840 0.011081 
0.000251 -0.026819 0.039338 0.000599 0.017527 0.016710 -0.008092 -0.005464 
0.017697 0.019336 0.013359 -0.019130 0.005453 -0.006539 0.026141 -0.001877 
0.037127 -0.044676 0.041902 -0.008519 0.040874 0.019257 0.001113 -0.006281 
0.006285 -0.012058 0.020784 -0.011056 0.027228 0.004653 0.024842 0.023649 
0.053181 -0.044817 0.040189 -0.010940 0.047845 0.029526 0.000633 -0.007198 
0.016739 -0.009398 0.023977 -0.029253 -0.006241 -0.019562 0.001718 0.003121 
0.069939 -0.057384 0.033061 -0.009495 0.039447 0.034123 0.011490 0.003170 
0.045546 -0.001143 0.018438 -0.040899 0.008343 -0.001872 0.018731 0.035228 
0.086475 -0.040356 0.071199 -0.007756 0.032703 0.042250 0.014195 0.035395 
0.013271 0.008882 0.047975 -0.015387 0.011749 -0.028629 0.038679 0.021065 
0.110415 -0.048601 0.062854 0.005500 0.058532 0.044783 0.012710 0.018594 
-0.000083 -0.017415 0.042561 -0.048501 0.016033 -0.015475 0.026491 0.008974 
0.094668 -0.021061 0.058259 -0.008015 0.038875 0.018290 -0.046427 0.029335 
-0.050125 -0.035605 0.015724 -0.015816 0.010577 0.022662 0.062778 -0.010795 
0.030560 -0.049338 0.069346 -0.014173 0.040995 0.054313 -0.052072 -0.090620 
-0.043349 0.003464 0.002673 -0.002471 -0.001249 0.003916 -0.005338 -0.000666 
0.006468 -0.003078 -0.005393 -0.005975 -0.006764 0.002170 0.001323 0.003265 
-0.048173 0.002100 0.005056 -0.003777 0.005126 0.008661 -0.003342 -0.012384 
0.019734 -0.000945 -0.006208 0.019635 0.009968 0.007663 -0.005751 -0.006911 
-0.016910 0.002455 -0.006762 0.001256 0.005639 0.002388 0.012135 -0.001801 
0.007491 -0.007917 -0.003433 0.008161 -0.008720 0.002387 0.003671 0.000128 
0.010495 -0.011195 -0.002484 0.004021 0.004506 -0.002442 -0.015876 0.002981 
-0.000590 0.002674 0.003025 -0.007094 -0.003432 0.004942 -0.004825 -0.002905 
0.023649 -0.011150 -0.000538 0.002436 -0.008253 -0.002379 0.008801 -0.003537 
-0.005161 0.000171 -0.002852 -0.007148 0.002042 0.007067 -0.001802 -0.004397 
0.045309 0.003650 -0.003198 -0.007553 0.000228 -0.010833 -0.002454 -0.002326 
-0.015761 0.004937 -0.001389 -0.006375 -0.001001 -0.004722 -0.007569 -0.001892 
0.049688 -0.016486 -0.004497 -0.004804 -0.003665 0.000996 0.003997 0.013349 
-0.021403 -0.001508 -0.003752 0.002996 -0.005475 -0.003832 -0.000020 0.004040 
0.043678 0.007334 0.003647 0.005348 -0.001661 0.001398 -0.000938 0.000449 
-0.030110 -0.002386 0.007713 -0.001976 -0.002890 0.000270 0.003942 0.002164 
0.040682 -0.001905 0.006766 0.008349 -0.001310 0.000864 -0.002692 -0.005491 
-0.012981 0.005639 0.001560 -0.006270 0.001947 -0.002601 0.002775 -0.002735 
0.010422 -0.058659 0.006913 -0.004632 0.006834 0.003241 0.004807 -0.001498 
0.013209 -0.000002 0.002731 -0.000960 -0.000781 0.008253 -0.006403 -0.002005 
-0.005972 -0.004355 0.002489 0.001797 0.001774 -0.005296 -0.000805 0.000189 
-0.007280 0.004093 -0.007415 0.001204 -0.005012 0.007206 0.004905 -0.004164 
0.001760 0.010237 -0.007312 0.000102 -0.010555 -0.000291 -0.004016 -0.011739 
-0.003319 0.000894 0.010840 -0.000685 -0.006603 -0.001715 0.002843 0.000590 
-0.003978 -0.006497 0.008452 -0.002311 -0.011895 0.004152 0.000358 0.001034 
-0.006540 -0.011401 -0.000021 -0.001684 0.004917 0.008891 0.002759 0.011636 
0.009023 -0.003119 0.003860 -0.001656 -0.006239 0.009060 0.005005 -0.003974 
0.001508 0.004167 -0.012950 -0.003129 -0.008239 0.007144 -0.004523 -0.003125 
0.010333 -0.003079 0.013399 0.003353 0.002875 0.006523 0.006721 0.004130 
-0.001642 0.014953 0.007106 0.003858 -0.001371 0.009345 -0.001104 -0.013157 
-0.004391 -0.012676 0.001444 0.005364 -0.000922 0.013567 0.006506 -0.005832 
0.012422 0.007819 0.005229 -0.001908 -0.005676 0.014598 -0.011493 -0.004757 
0.016426 0.009778 0.007555 -0.009171 0.003153 0.017019 -0.005760 -0.006990 
0.007773 0.011009 -0.002476 0.003681 -0.002750 -0.012242 0.007911 0.007053 
0.017977 0.004740 0.008446 0.000064 -0.011189 0.011838 0.019207 -0.014393 
-0.001313 0.006924 0.000657 0.005561 -0.006058 -0.010975 -0.002178 0.005505 
0.025185 0.021884 -0.004739 -0.002936 0.010546 0.004412 0.017290 0.000159 
-0.004804 0.025284 -0.026049 -0.012319 -0.005732 -0.002848 -0.005496 0.003364 
0.067381 -0.005075 0.011199 -0.016662 0.015569 0.023542 0.008510 -0.001438 
0.034212 -0.000849 -0.017524 0.003408 0.021882 0.033536 0.015067 0.032195 
-0.042076 0.001588 0.004376 0.002771 0.003649 0.006033 -0.001436 0.013211 
0.003786 -0.003965 -0.002839 -0.003425 -0.005579 -0.003420 0.005375 -0.010204 
-0.050349 -0.001136 0.001116 -0.003116 0.004458 0.012087 0.004153 -0.010218 
0.019945 -0.001736 -0.001595 0.019657 0.005893 0.003020 0.002673 -0.005045 
-0.016910 0.001124 -0.003846 -0.003119 0.005082 -0.000483 0.011880 -0.001466 
0.003253 -0.007751 -0.002133 0.007381 -0.009929 -0.005924 0.008357 0.000355 
0.010349 -0.012615 0.000038 0.005509 0.006148 0.003800 -0.006009 0.002291 
-0.001655 -0.000572 0.003932 -0.000935 -0.000330 0.009320 -0.001824 0.000417 
0.024836 -0.012447 -0.001032 -0.000672 -0.001885 -0.008318 0.005165 -0.004508 
-0.006487 0.003338 -0.007941 -0.008430 0.002664 0.004933 -0.004170 -0.011797 
0.045647 -0.000192 -0.002135 -0.012731 0.002445 -0.018695 -0.003555 0.004118 
-0.015234 0.001836 0.000101 -0.010801 -0.000992 -0.001300 -0.007422 0.001323 
0.052513 -0.017226 -0.007283 0.002858 -0.005157 -0.002197 0.010381 0.012195 
-0.020799 -0.002959 -0.002800 -0.000505 -0.002163 0.002677 0.002441 0.007363 
0.046302 0.011394 0.004108 0.004253 0.002208 -0.001863 0.000100 -0.004603 
-0.028807 -0.002266 0.005563 -0.000793 -0.006155 0.006396 -0.004722 -0.000143 
0.044234 -0.003699 0.006165 0.012369 -0.001299 -0.004904 -0.005498 -0.003181 
-0.015529 0.005124 -0.001184 -0.000707 -0.004780 -0.002955 -0.000781 -0.001659 
0.020797 -0.069685 0.006325 -0.000965 0.004144 0.005985 0.004789 -0.007198 
0.020295 0.000305 -0.001049 -0.001591 -0.001651 0.010048 -0.000134 0.000224 
-0.000080 -0.004736 -0.003073 -0.005784 0.004451 0.004453 0.000520 -0.005308 
-0.000452 -0.000708 -0.004995 -0.006728 0.004528 -0.000485 -0.010832 0.005585 
0.013823 -0.003457 0.002025 0.000174 0.017231 0.010763 0.008947 0.003342 
0.003263 -0.002210 -0.008516 0.002708 -0.004243 0.010195 0.009191 -0.009787 
-0.004565 0.002575 -0.004070 0.003731 -0.001371 -0.004787 -0.001617 0.001412 
0.006699 0.001812 0.007337 0.004802 0.006437 -0.005259 -0.004936 -0.002761 
0.002320 0.001690 0.004904 -0.001480 -0.008530 0.009284 -0.005424 0.004586 
0.010138 -0.000900 -0.005262 0.003270 0.002237 -0.002364 0.007898 0.005553 
-0.000802 0.002062 0.007271 0.004367 0.006257 -0.006787 0.003783 -0.009294 
-0.002358 -0.010834 -0.007164 0.005127 0.000316 -0.008701 0.001541 0.006161 
-0.005767 0.001887 -0.005174 -0.008600 0.004708 -0.010639 -0.004882 -0.001669 
-0.001914 -0.003322 -0.008136 0.001671 0.012021 -0.014961 0.006275 0.007975 
-0.009888 -0.003094 0.002768 -0.012357 0.000187 -0.009646 -0.000922 0.003000 
0.005691 -0.005800 0.009855 0.014343 0.002541 -0.023002 -0.008319 0.006336 
-0.025838 -0.008258 0.002589 -0.000089 0.009682 -0.026184 0.003845 -0.005492 
-0.003714 0.004124 0.010957 0.003045 -0.000810 -0.031218 0.003878 0.007465 
-0.005885 -0.011643 -0.009244 0.007840 -0.002620 -0.040486 0.008659 -0.002500 
-0.018398 -0.004315 0.004503 -0.001194 -0.001541 -0.031885 -0.003852 0.007712 
-0.017397 -0.009492 0.003929 0.013067 -0.009232 -0.052615 0.024253 -0.008859 
0.009937 0.007450 0.025815 0.006193 -0.008269 -0.041239 0.010372 -0.002593 
-0.001878 -0.003137 0.002741 -0.005538 -0.001272 -0.002246 0.002562 -0.000605 
0.020923 0.002901 -0.000926 0.005758 -0.004127 0.008962 0.008988 -0.005820 
0.011145 -0.007815 0.008762 -0.002285 0.005294 -0.013216 -0.008705 -0.004478 
0.013755 -0.000472 -0.005532 -0.014696 0.002434 -0.004228 -0.011865 0.011748 
0.004671 0.015429 -0.008246 0.011453 0.000391 -0.007888 -0.002539 0.001243 
0.004239 -0.011857 -0.006416 -0.007444 0.004170 0.005944 -0.002266 0.005364 
0.006436 -0.010062 0.003234 -0.002971 -0.001202 0.001135 -0.000343 -0.001496 
-0.004183 0.008224 -0.001136 -0.010602 -0.004531 0.004487 -0.013330 0.007587 
-0.004684 0.004705 -0.004615 -0.007959 -0.006158 0.003065 0.011484 0.000113 
-0.004015 0.003298 0.007957 0.004917 -0.012114 -0.001762 0.008865 0.009853 
-0.006437 0.002200 0.007352 -0.004226 0.012913 0.013638 -0.006837 -0.009366 
-0.012735 -0.010421 -0.007940 -0.002498 -0.001229 -0.003701 0.005048 0.006174 
-0.013667 -0.000402 0.001070 0.004767 -0.003136 0.008768 0.006886 0.001602 
-0.006341 -0.004685 0.000126 -0.008348 -0.003494 -0.006001 -0.001707 0.002222 
-0.010977 0.002260 -0.015723 -0.001926 -0.000225 0.003830 -0.006338 0.007822 
-0.019709 0.001764 -0.001740 0.008529 0.006843 0.002781 0.004662 0.009996 
-0.020940 -0.013825 0.004585 0.006710 0.005150 0.003126 0.001362 -0.002216 
0.003342 -0.001618 -0.005586 0.011288 0.003573 -0.008441 0.001267 0.005943 
-0.042166 -0.018278 -0.009902 0.008518 0.002091 -0.000860 -0.004188 -0.015869 
0.012433 -0.016888 0.003162 0.007973 -0.003081 -0.023331 0.011597 0.000450 
-0.020483 -0.004941 -0.006617 0.002636 0.005053 0.000861 0.002970 -0.003020 
0.036841 -0.014261 0.003760 -0.008022 -0.005996 -0.000774 0.002419 0.005391 
-0.007528 -0.008732 0.006389 0.006078 -0.000139 -0.006692 -0.011824 0.002144 
0.024973 0.005526 -0.001040 -0.000010 -0.007747 0.003609 0.001856 0.008228 
-0.000318 -0.004481 -0.000879 0.002665 0.004740 -0.001682 0.007270 -0.004155 
0.006533 0.004067 0.000184 0.004112 -0.004835 0.002463 0.010541 0.000661 
0.008000 0.000862 -0.001751 0.008789 0.001175 0.003325 -0.006124 0.001530 
-0.011427 -0.002606 0.011026 -0.011252 -0.005814 -0.007279 -0.010673 -0.000121 
0.011774 0.001946 -0.002646 -0.012042 -0.011490 0.004071 -0.012853 0.002598 
-0.007287 -0.006857 -0.001806 0.006170 -0.002362 -0.002325 -0.005730 -0.009460 
0.000217 -0.000920 0.000177 -0.002934 -0.000681 0.004547 -0.011408 -0.000817 
-0.015146 0.004206 0.003730 -0.008380 0.002721 0.012095 0.007499 -0.004332 
0.007778 0.007225 0.003647 -0.011365 0.006792 -0.009809 0.001500 0.000866 
-0.034775 0.003421 0.009712 -0.003847 0.002446 0.006615 -0.006953 0.000649 
0.001264 -0.010137 -0.001088 0.004533 0.002567 0.001022 -0.010909 0.002092 
-0.024446 -0.000018 0.002650 -0.003165 -0.009743 0.003030 -0.010146 -0.007997 
0.020538 -0.002531 0.003816 -0.006379 0.005397 -0.005950 -0.001468 0.005589 
-0.016261 0.008682 0.005830 0.004013 0.001110 -0.008586 -0.005596 0.009140 
-0.015999 0.000832 0.005136 0.004883 0.009782 -0.005388 0.004785 -0.003016 
-0.015700 0.003140 -0.012246 0.007051 -0.003623 -0.010032 0.004519 0.006559 
0.005702 -0.012189 0.008696 0.006807 0.004354 -0.005780 0.000998 0.003124 
0.011362 -0.002844 -0.012007 -0.002110 -0.008997 0.003309 0.005899 0.000428 
0.001754 0.013025 -0.000370 -0.001610 -0.007969 0.001017 -0.009757 0.002465 
0.002401 -0.002666 0.002838 0.006106 0.005761 0.001624 0.006522 -0.003061 
0.000542 -0.001895 0.001339 0.000654 -0.000004 -0.002435 -0.001606 0.004925 
0.004094 0.001751 -0.000708 -0.001280 -0.003443 0.002977 -0.000556 -0.001441 
0.004965 -0.001925 0.004299 0.006332 0.006119 -0.002722 0.010220 0.005285 
-0.005124 -0.002992 -0.005974 -0.001612 0.000112 0.012574 0.002660 0.010406 
0.002232 -0.007718 -0.009580 -0.003579 0.003510 0.012828 0.009121 0.005092 
-0.009723 -0.001957 -0.007569 0.002315 0.006027 -0.006206 0.005883 -0.000123 
0.012463 -0.005553 -0.008357 0.001446 0.006961 -0.014909 0.002333 -0.014366 
-0.000628 -0.006194 0.011412 -0.001184 -0.001923 0.000577 0.008753 0.001991 
-0.008160 0.005552 -0.001812 -0.012869 0.004033 -0.004062 -0.003713 0.011546 
-0.012286 0.004414 -0.004957 0.010528 0.010262 0.005427 -0.007078 0.001370 
-0.015583 -0.004115 0.001165 0.003882 -0.001452 0.014509 0.002083 0.003347 
0.002104 -0.001996 -0.000469 0.000461 -0.011522 -0.005283 -0.000145 0.001075 
-0.024010 0.019239 0.009078 -0.004258 0.004439 -0.005028 0.007563 -0.005957 
-0.018904 -0.005100 -0.001257 -0.011289 0.016091 -0.002520 0.012448 -0.000851 
-0.048719 0.043963 -0.001406 0.005910 -0.005338 -0.000410 0.004749 -0.011222 
0.025198 -0.001868 0.003308 -0.013102 0.013044 -0.009808 -0.005143 -0.011873 
0.011134 0.010523 -0.006452 0.002519 -0.000341 0.000743 0.005818 0.004480 
-0.005237 -0.004367 -0.004175 0.001756 -0.005868 -0.005704 -0.004751 -0.000583 
-0.001285 0.002307 -0.002457 -0.003067 0.008597 0.016052 0.000160 0.009183 
0.001337 -0.006709 0.003978 0.015479 0.012214 0.006748 -0.011589 -0.002789 
0.003123 0.008678 -0.001739 0.002432 -0.004642 -0.002868 -0.011610 0.001041 
0.011954 0.001696 -0.006874 0.003859 -0.008338 -0.002007 -0.005448 0.016750 
0.009634 -0.002738 0.002585 -0.003094 0.009707 0.006690 -0.008777 0.000250 
-0.007861 -0.006473 -0.003751 0.001493 -0.006082 0.000136 -0.002100 0.003212 
-0.000256 -0.008184 -0.006110 0.000503 0.002098 0.006508 -0.001530 -0.001905 
-0.002967 -0.004155 0.000665 0.011633 -0.001122 -0.006724 -0.013059 0.002537 
-0.009698 -0.003532 0.009785 -0.003402 -0.002919 0.003445 -0.015604 0.005882 
0.002963 -0.010012 0.002886 -0.012250 -0.009625 -0.004250 0.003994 0.000412 
-0.007677 0.006834 -0.004939 0.003073 -0.003475 -0.001828 -0.003782 -0.002491 
0.006915 -0.013979 0.010424 0.004576 -0.004535 -0.006540 0.001905 -0.005552 
0.007256 0.001966 0.010832 -0.007028 -0.000689 0.000106 0.002892 0.004145 
0.000620 -0.007409 0.004524 -0.000777 0.005924 -0.007481 0.003836 -0.006736 
-0.011150 -0.012666 0.003956 0.010458 -0.005789 -0.009133 0.004208 0.000449 
0.008202 -0.002583 0.000842 0.003234 0.010246 -0.001337 -0.006450 -0.008940 
0.025520 0.068943 0.007097 0.021683 -0.000542 -0.009604 -0.000879 -0.003246 
0.067734 0.007153 0.007798 -0.009616 0.004714 -0.005253 -0.006804 -0.010365 
-0.002810 -0.004407 0.000754 0.009152 0.000267 -0.009638 -0.000978 -0.008168 
0.036141 -0.007178 -0.001342 -0.000235 -0.004057 0.000445 0.004823 -0.008448 
0.007848 0.003258 0.013799 0.010684 -0.009573 0.000037 0.005511 -0.010674 
0.023587 -0.003259 -0.009493 0.002043 0.013523 -0.001263 -0.004055 0.001916 
0.003216 -0.001862 0.001112 0.004750 -0.010369 -0.002845 -0.001197 -0.003395 
0.014119 -0.002839 0.001814 0.003450 0.002282 0.001445 -0.002040 0.008772 
0.007321 -0.004332 0.015783 -0.001978 0.014131 0.004921 -0.000261 0.006363 
-0.014601 -0.004281 -0.000245 -0.003115 0.001723 0.010601 0.000511 -0.004014 
0.001321 0.002424 -0.002033 0.008996 -0.004506 -0.004592 -0.006511 -0.010808 
-0.011163 -0.000073 0.002425 -0.000586 0.004936 -0.001553 0.002119 0.000996 
-0.004476 0.001415 -0.004999 0.020181 0.017601 0.000238 -0.004732 0.004730 
-0.020381 -0.008644 -0.013390 0.009164 0.008289 -0.001398 -0.006053 -0.003052 
-0.012447 0.009047 -0.000379 -0.001484 -0.007933 0.003031 0.001099 -0.011189 
-0.024193 0.009225 -0.009138 -0.003134 -0.005320 0.013747 -0.006995 -0.002121 
-0.017285 -0.008685 -0.004506 -0.008998 -0.010670 -0.012804 0.009466 -0.007960 
-0.026134 -0.000694 -0.000245 0.000777 -0.002979 -0.000485 0.000080 -0.010211 
-0.016974 0.005138 0.010700 0.001757 0.004915 0.012936 -0.008842 0.002822 
-0.017168 -0.003278 -0.006063 -0.010853 0.011996 0.004105 0.007992 -0.002577 
-0.084631 0.082070 -0.003663 0.003197 0.008275 0.001455 -0.006243 -0.010647 
0.040893 -0.008402 0.020208 -0.005914 -0.002646 0.004759 -0.000784 0.001113 
-0.016130 -0.011895 -0.005906 0.008971 0.008551 -0.002100 -0.005086 -0.004296 
0.014508 -0.003243 -0.008250 -0.000198 0.007797 0.004862 0.005545 0.003928 
0.006511 -0.015032 0.005406 -0.003806 -0.004175 -0.008894 0.001703 0.005418 
0.012140 -0.008610 -0.001404 0.005388 0.006413 0.005568 -0.004234 -0.013236 
0.003643 0.004302 0.003024 0.001567 0.003483 -0.002553 0.001450 0.010798 
0.002914 -0.002018 0.003472 0.003729 -0.013518 -0.004468 -0.001081 0.012064 
-0.004673 0.005496 0.006003 -0.002545 0.005358 -0.013366 -0.004013 0.010046 
-0.006990 -0.004973 -0.007096 0.001860 0.001607 0.004942 0.004841 0.005478 
0.013139 0.000568 -0.000251 0.000062 -0.002247 0.002675 0.004930 -0.002670 
0.003115 0.001681 -0.002024 0.000624 0.005056 -0.002110 0.000853 -0.003858 
-0.002238 0.001871 0.009404 -0.007892 -0.007351 -0.001340 0.004011 0.001296 
-0.010456 -0.002055 -0.003151 -0.001697 0.010774 0.003851 -0.017553 -0.002656 
0.004873 -0.005330 0.006481 -0.006829 0.007161 -0.007242 0.004182 -0.000239 
-0.012176 0.006175 0.007555 0.002039 0.000009 0.006032 0.000862 0.008240 
0.000687 -0.005002 -0.017278 0.013727 -0.000790 -0.012210 0.012833 0.008224 
-0.003927 -0.003252 -0.003623 0.013816 -0.010783 -0.001616 0.004853 0.006372 
0.022183 -0.004727 0.012943 -0.004539 -0.011365 -0.009979 0.002721 0.002908 
0.009941 -0.010088 0.021764 0.003427 -0.010054 0.018776 -0.004216 0.010500 
0.033044 -0.014348 -0.015415 -0.001373 -0.013290 -0.023829 0.008966 -0.008814 
0.005378 -0.010332 0.012313 -0.017629 -0.002047 -0.006804 0.011602 0.005229 
-0.004705 0.001026 0.002151 0.002735 -0.008074 0.012745 -0.009486 0.005316 
0.016929 -0.005614 -0.002459 -0.005563 -0.005412 0.013606 0.010844 0.007261 
-0.007089 0.001517 -0.004528 -0.005331 -0.001328 -0.003466 0.008444 -0.007450 
0.021711 0.006084 0.008825 -0.006260 -0.005753 0.003501 0.001900 0.000462 
0.006432 -0.003449 -0.009456 0.006466 0.006671 0.000433 -0.002407 0.005270 
-0.002206 0.010920 -0.000591 -0.002104 -0.009780 -0.005248 0.005377 -0.003682 
0.004470 0.004437 0.002483 -0.008062 -0.002396 -0.004821 -0.001210 -0.004467 
0.002357 0.008783 0.012420 0.003055 -0.001158 0.003331 0.003391 -0.003553 
0.000814 0.003984 0.009790 -0.003854 0.004740 0.002936 0.000736 0.004141 
-0.006370 0.000668 -0.002987 0.001071 0.001270 0.008577 0.012311 -0.001435 
-0.002198 0.005149 0.000527 -0.002800 -0.004836 -0.008807 -0.002686 -0.005231 
-0.008988 0.002819 0.001274 -0.001756 0.002743 -0.007313 0.010037 -0.006475 
0.006448 0.004337 -0.007921 -0.001910 -0.004870 0.006553 -0.009788 -0.002465 
-0.018880 -0.007907 0.000208 -0.009949 -0.005515 -0.010031 0.006756 0.008529 
-0.003530 -0.001069 0.003028 -0.001596 0.010567 -0.008000 0.002669 0.007216 
-0.009044 -0.002634 0.005292 -0.008210 0.001115 -0.008230 0.000207 -0.002774 
0.006068 -0.010337 -0.004811 0.010493 0.008355 0.000998 0.016273 0.011191 
-0.005459 0.005866 -0.009505 -0.009509 -0.003186 -0.007483 0.009353 0.002352 
0.061266 0.056079 -0.003894 0.024299 -0.004392 -0.007592 -0.009039 -0.032208 
0.008600 0.016589 -0.003122 0.015614 -0.003386 -0.017344 0.008355 -0.010353 
-0.000420 0.002944 0.002316 0.001996 -0.004050 0.010977 0.001766 0.000612 
0.010544 -0.003469 -0.006056 -0.004146 -0.009689 0.008153 0.004560 0.003877 
-0.011819 0.007261 0.002880 -0.002180 0.010175 0.007654 0.001745 -0.004087 
0.012509 -0.006139 0.004924 0.005009 0.005249 0.000658 0.008024 0.006528 
0.005172 -0.007623 -0.003280 -0.008877 -0.003824 0.005855 -0.005471 0.006171 
0.007492 0.000686 0.000861 0.001831 0.001812 -0.000631 -0.002347 0.000452 
0.003211 0.002581 -0.009460 -0.004448 -0.000670 -0.000963 -0.004010 -0.003311 
-0.011181 -0.001312 -0.005561 0.007211 0.002336 0.003031 -0.001377 0.002501 
0.004042 0.016678 -0.007740 -0.005011 -0.006736 0.003777 -0.005431 0.010943 
-0.008499 0.008937 0.003172 0.003173 0.005485 0.007683 -0.003988 0.002588 
0.005522 -0.005357 -0.001219 0.001133 -0.008816 0.006561 -0.007363 0.007210 
0.001613 -0.004069 -0.004487 -0.005530 -0.009050 -0.008480 -0.004023 0.007332 
0.007162 -0.002258 -0.003365 -0.015811 -0.008453 -0.020366 -0.003626 0.005243 
-0.013011 -0.002947 0.010581 -0.001302 -0.002844 0.007634 -0.005227 0.002487 
-0.001712 -0.006377 -0.007475 0.010314 -0.017770 -0.014865 0.008435 0.001680 
-0.005464 0.006830 0.000579 -0.006486 -0.001056 0.001282 0.000766 -0.010347 
0.013480 0.004051 -0.007630 -0.000027 0.002286 -0.001841 0.003789 0.009657 
0.022991 -0.002116 0.010565 0.016198 -0.002259 -0.015076 0.003057 -0.006789 
0.001825 -0.018280 0.001550 0.019348 0.014918 0.001100 -0.013663 0.009629 
0.028553 -0.006876 -0.007082 -0.006527 0.003951 -0.026795 -0.003200 -0.004366 
-0.018789 -0.001573 0.011287 -0.003098 -0.002707 -0.007475 0.006043 -0.004456 
0.023573 0.000755 -0.000354 -0.005936 -0.003143 0.003942 0.008674 0.003644 
-0.004792 -0.002426 -0.005994 -0.005478 0.008520 0.008235 0.006178 0.001098 
0.001402 0.003870 -0.004480 -0.005993 -0.004582 0.011235 -0.016399 0.011381 
-0.002180 0.000233 0.002003 -0.001564 -0.006393 0.004500 0.000020 -0.006080 
-0.006450 0.000923 -0.004229 -0.001101 0.004210 -0.000014 -0.000333 -0.004220 
0.004802 0.006618 0.009820 0.004162 -0.002426 -0.002474 0.001159 0.000558 
-0.006789 -0.003932 -0.008538 -0.004442 -0.009839 -0.001542 -0.002428 -0.000845 
0.006880 -0.009247 0.006988 -0.006292 -0.008696 0.005768 0.006131 -0.004645 
0.001923 -0.002587 0.003380 -0.004948 0.003454 0.001293 -0.001707 0.006653 
-0.006426 0.004247 0.007899 0.004653 -0.009569 0.005285 0.004658 0.001779 
0.000084 -0.002653 0.001580 0.001708 0.002803 -0.004993 0.009073 -0.001555 
0.001977 0.002507 -0.012492 -0.001932 -0.005648 -0.002459 -0.007302 0.000600 
-0.012885 -0.008496 0.015073 -0.005294 -0.001588 -0.003683 -0.001915 -0.002441 
0.013008 -0.007915 -0.009987 0.007372 0.004584 0.002717 -0.021077 -0.016171 
-0.014879 -0.007255 -0.000512 0.006879 0.004466 -0.002105 0.008374 -0.009769 
0.024914 -0.007593 0.005816 0.001001 -0.002494 -0.023276 -0.007345 0.002566 
-0.002192 -0.004995 0.009302 0.007718 -0.012184 -0.008599 -0.006781 -0.012264 
0.003321 0.041685 0.009847 0.020510 0.012186 -0.009526 -0.012392 0.020192 
-0.020941 0.013111 -0.004945 0.004531 0.002876 -0.011741 -0.007411 0.000063 
-0.006471 -0.004510 0.004902 -0.006898 0.006916 0.003710 0.003685 -0.002212 
0.013427 0.000492 -0.000729 -0.008678 -0.007101 -0.007430 -0.002278 0.002335 
-0.003391 0.007243 0.008760 0.004547 0.002573 0.007731 0.011941 -0.003425 
0.002838 0.003621 -0.015506 -0.010260 -0.000137 -0.009314 0.003942 0.000529 
-0.005354 -0.002467 0.008454 0.010912 -0.006737 -0.000548 0.002043 0.002980 
0.009056 -0.008856 0.000096 -0.000695 0.010163 0.004541 -0.000140 0.008770 
0.006563 0.003656 -0.001735 -0.001705 0.006794 -0.000538 -0.002140 -0.004780 
-0.000681 -0.007155 -0.005387 -0.002579 -0.008218 -0.005853 0.001609 -0.005489 
0.004969 0.006935 0.006216 0.015599 0.006598 0.001244 -0.003599 -0.000084 
-0.005855 0.009588 0.005045 0.008368 0.002093 -0.015906 0.000691 0.002142 
0.000580 0.000933 -0.001419 0.010833 -0.004307 -0.016964 0.004155 -0.007273 
-0.019705 0.006984 0.002047 -0.013298 -0.001555 0.008018 -0.000879 0.003313 
-0.000844 0.005376 0.009617 -0.001286 0.001227 -0.010049 -0.006431 0.001546 
-0.011506 0.006964 0.010546 -0.004954 -0.011974 -0.009289 -0.005655 0.005668 
-0.000152 -0.009811 0.005917 -0.006078 -0.000788 -0.000154 0.001346 -0.001106 
-0.013872 0.002257 0.010569 -0.006108 0.008816 0.006622 0.015555 0.005311 
-0.025215 0.002318 -0.009953 0.004895 0.003051 -0.003504 -0.007412 -0.013417 
-0.003660 0.014272 0.000863 -0.013934 0.002781 -0.014667 -0.006177 0.001772 
-0.030120 0.056459 0.007644 -0.008780 -0.009427 -0.009903 -0.011403 -0.003869 
-0.045668 0.026666 0.017870 -0.007918 0.024372 -0.015802 -0.008492 -0.001500 
-0.001336 0.001072 0.001655 -0.000052 0.005387 -0.001381 0.006884 -0.001708 
-0.000421 -0.014617 -0.004652 -0.002869 0.003880 0.003050 0.001376 -0.004114 
0.005693 0.007716 0.002791 0.000290 0.002019 -0.000952 -0.001522 -0.006084 
0.005976 0.000827 -0.000115 0.006887 0.004188 -0.013227 0.004221 0.002779 
0.003712 0.002771 0.007106 -0.000217 -0.008457 -0.004642 0.008285 0.007137 
0.006372 -0.001563 0.000283 -0.004010 0.001460 0.000550 0.001007 -0.003477 
0.003210 0.001455 0.006158 -0.000926 -0.008475 -0.005967 -0.006945 -0.002551 
-0.015383 -0.001414 0.004583 -0.010463 -0.008822 -0.019408 -0.004982 0.004015 
-0.007248 0.002358 0.005667 -0.001327 -0.003227 -0.012321 -0.006451 -0.002806 
-0.006487 -0.004619 0.008001 -0.012258 0.003051 -0.004362 -0.002751 0.000487 
0.002718 -0.005113 -0.002779 -0.001142 0.002992 -0.004625 -0.003507 -0.003996 
0.010244 0.002893 -0.002158 -0.011716 0.005995 0.005751 -0.000389 -0.008699 
-0.020969 0.007452 0.007703 -0.001801 -0.006181 0.013319 0.008954 -0.009295 
-0.007184 0.001006 0.014536 0.002707 0.000586 -0.008102 -0.005393 -0.008001 
-0.014274 -0.008103 -0.001160 -0.005471 0.000889 0.001329 0.004514 0.005725 
-0.004523 -0.008927 0.001549 0.007523 -0.004057 -0.003987 -0.017231 0.006538 
-0.002689 0.002085 -0.009413 -0.006072 0.004773 0.003822 -0.003565 -0.006962 
-0.001823 -0.013743 0.006217 -0.013603 -0.018509 -0.015394 0.003494 -0.023987 
0.012019 0.005099 0.018545 0.009244 0.017165 -0.004737 -0.010091 -0.015257 
-0.006079 0.017075 0.016818 -0.019709 -0.008968 -0.019297 -0.010383 -0.010653 
0.000083 0.002837 -0.002475 0.003498 0.006872 0.013152 0.007220 -0.003146 
0.007049 -0.012034 0.015279 0.004745 -0.009175 0.001038 -0.000334 -0.011626 
0.003168 0.001619 -0.000609 0.002694 0.002912 -0.005294 -0.006421 0.006073 
0.003978 -0.007175 -0.005187 -0.002858 -0.000824 0.002124 0.000428 -0.005015 
0.002585 0.007033 0.003945 0.000064 0.004139 0.008358 0.002650 0.000375 
0.005424 0.006382 -0.013098 -0.001348 -0.005340 0.003357 -0.001815 0.004652 
0.001688 -0.001957 0.006002 0.016938 0.002184 0.000827 -0.003085 -0.006759 
-0.005910 0.001478 -0.005521 -0.000675 -0.006187 -0.011259 0.003186 0.000509 
-0.000342 -0.002773 0.011900 0.007729 0.001882 -0.000031 0.000754 -0.005706 
-0.001535 -0.002028 -0.000391 0.012811 0.003071 -0.005502 0.001902 0.003868 
-0.000552 -0.006914 0.002988 -0.002591 0.000687 -0.005407 0.003703 -0.000734 
-0.010812 0.003059 -0.000838 0.001931 -0.006318 -0.002027 -0.007107 0.003396 
-0.008758 -0.002157 -0.006094 -0.000691 0.011478 -0.016205 -0.007096 0.013054 
-0.012386 -0.003349 -0.000594 -0.000752 -0.002781 -0.004011 0.005767 -0.005794 
0.008089 0.005965 0.002655 0.001420 0.002921 -0.002828 -0.001529 -0.003131 
0.011639 0.005917 -0.001872 -0.015836 -0.006393 -0.012732 -0.007395 -0.000500 
-0.019098 -0.012354 0.004719 -0.002660 0.006766 -0.006620 0.003697 0.013102 
0.004266 -0.010548 0.000966 -0.002323 -0.004060 -0.002499 -0.012115 0.000725 
-0.002677 -0.055244 0.010449 -0.015419 0.005591 -0.016557 -0.020378 0.002702 
0.032592 0.004204 0.018956 0.020085 0.009992 -0.006552 -0.005288 0.005569 
0.010569 0.003512 -0.000432 0.017691 -0.005768 -0.005334 0.007961 -0.005976 
-0.000254 0.000059 -0.000906 0.000026 -0.003247 0.003469 0.002754 0.014528 
0.001132 -0.003918 -0.002501 0.003529 0.005369 -0.011624 -0.001448 0.017056 
-0.011817 0.004009 -0.007833 -0.010326 -0.008264 0.003729 0.007018 0.006744 
0.000799 -0.000844 0.002620 0.013324 -0.002120 0.000907 -0.000222 -0.005262 
0.000106 -0.013757 0.001538 0.001349 0.000669 -0.005625 0.005120 0.012228 
-0.000130 0.001274 -0.002042 -0.005488 0.000540 -0.012422 -0.001765 -0.008056 
0.002873 -0.006662 0.004762 -0.013471 -0.004063 0.005867 0.004838 0.008773 
-0.002360 -0.001279 0.006364 0.000321 -0.007379 0.001168 -0.013992 0.001766 
0.004622 -0.010205 0.006394 0.001296 0.001361 -0.005917 -0.001129 -0.002349 
0.006907 -0.003440 -0.006419 -0.002024 0.000569 -0.001797 -0.016300 0.004585 
-0.005168 -0.004442 0.001977 -0.000965 -0.005179 -0.007877 -0.010041 -0.002489 
-0.009946 -0.003401 -0.005008 -0.002827 0.013255 -0.002656 -0.006521 0.005128 
-0.007082 0.005389 -0.004757 -0.008717 0.004897 -0.001165 0.000729 -0.012108 
-0.001461 -0.007205 -0.003754 -0.002416 -0.000991 -0.007060 -0.003562 -0.004428 
0.002623 -0.008308 -0.000951 -0.003020 -0.008843 -0.004524 -0.006418 -0.007354 
0.001726 -0.032570 -0.005064 -0.017767 -0.018471 -0.010917 -0.008507 -0.006250 
-0.019795 -0.008064 -0.010967 0.011173 -0.003290 -0.019167 0.007664 0.001721 
0.001320 0.032830 -0.004827 0.012712 -0.014322 -0.012004 0.020232 0.002630 
0.003236 0.006993 -0.016031 -0.005346 0.002666 -0.002650 -0.013709 -0.016110 
-0.000614 -0.004897 -0.000166 0.004363 0.004733 0.001403 -0.006355 0.010599 
0.010815 -0.001373 -0.005778 -0.000971 -0.004167 0.005211 0.017407 0.004189 
-0.000956 -0.003145 -0.000869 -0.008810 0.001086 0.002348 -0.005395 0.018271 
-0.004302 -0.003956 -0.014872 -0.008977 0.001584 0.009037 -0.004824 0.001906 
-0.000688 0.001178 0.013253 0.003507 0.000662 -0.006905 0.008500 0.001569 
0.008811 -0.006849 -0.004140 -0.002279 0.000629 -0.002063 0.005491 -0.008812 
-0.002111 -0.001905 -0.000741 -0.000464 0.003538 -0.017589 0.001559 0.009022 
0.003469 -0.001944 -0.006996 -0.008169 -0.014362 0.009120 -0.002490 0.000797 
0.003293 -0.002736 0.005071 -0.002173 -0.003649 -0.000950 0.006294 0.004035 
-0.004396 0.007683 0.009935 -0.007393 0.001542 -0.001362 -0.003464 0.001745 
0.012868 0.008240 0.006795 0.004815 -0.010061 0.004099 -0.018790 -0.008225 
0.004103 0.000775 -0.009470 -0.001999 0.000564 -0.005612 -0.002754 -0.004504 
0.002098 0.016682 0.008382 -0.011484 0.002699 -0.002256 0.002446 0.001212 
-0.011528 -0.005193 0.004809 0.000089 -0.008642 -0.012939 -0.003006 -0.005894 
-0.023043 -0.012375 -0.001678 -0.001949 0.004584 -0.012310 -0.018844 0.004700 
-0.008505 0.000187 -0.009205 0.000835 0.004538 -0.002969 0.009668 -0.002341 
-0.014401 0.005711 -0.004448 0.003088 0.015320 -0.000088 -0.001928 -0.007185 
-0.006672 -0.004152 -0.008995 -0.011333 -0.002137 -0.000228 0.028037 -0.000774 
-0.055365 -0.005613 0.006680 0.017254 0.009819 -0.003733 0.010442 -0.004024 
-0.005673 -0.012179 0.012902 -0.024152 0.005886 0.005077 -0.000297 0.028640 
-0.003756 -0.007425 0.002663 0.003531 0.004317 -0.009528 -0.001495 0.007556 
-0.008139 0.003019 -0.004419 -0.005148 0.004364 0.015489 -0.000364 0.007144 
-0.003550 0.001148 0.002593 -0.017006 -0.007216 0.000289 0.001330 0.002022 
0.011065 0.003281 0.004320 -0.000858 0.009775 0.008386 -0.006388 0.009236 
-0.002146 -0.005073 0.000261 -0.000378 0.003049 -0.003394 0.002816 0.009799 
-0.014884 -0.004312 -0.002397 -0.002352 -0.005073 -0.009521 -0.002122 0.001010 
0.000515 0.012955 0.009695 0.001578 0.005741 0.011333 -0.001297 -0.001648 
0.008530 -0.006716 0.003187 0.000470 -0.001043 -0.012358 -0.006325 -0.011715 
0.004362 -0.002030 -0.010663 -0.008154 0.002689 -0.012007 0.007120 0.003939 
-0.020788 -0.000349 0.000382 0.010833 0.002077 0.002563 0.001778 -0.001744 
0.000836 0.003442 -0.009365 0.005692 -0.010870 0.003078 0.008053 0.009328 
-0.000055 -0.006048 0.010516 -0.009249 0.007359 0.000447 -0.007475 -0.002948 
0.000627 0.007682 -0.002940 -0.005817 0.002169 -0.000098 -0.011401 -0.005704 
-0.002839 -0.007843 0.008371 0.006856 0.001736 -0.007078 0.004221 -0.000335 
-0.004635 0.007401 0.003384 -0.009200 0.001521 0.003236 0.002077 0.013642 
0.002803 -0.013752 0.009868 0.005266 -0.006762 -0.011465 -0.006615 0.012313 
0.008974 -0.001999 0.006730 0.004163 0.006477 -0.009261 -0.013141 -0.007318 
-0.020059 -0.006948 -0.000292 0.002907 -0.015429 -0.003363 0.006932 -0.001818 
-0.031484 -0.042520 0.007144 0.015517 0.020428 0.002102 0.006588 -0.012211 
0.003315 -0.010097 0.009893 0.013216 -0.014355 -0.007379 0.003977 0.003952 
0.001573 0.010782 0.001480 -0.009102 0.002484 0.000638 0.005605 0.008051 
-0.000083 0.004033 0.009142 0.007381 0.002252 -0.000506 -0.011376 0.001152 
-0.006834 0.008861 0.001472 0.001853 0.000860 -0.001736 -0.001765 -0.001210 
-0.002074 -0.010726 -0.011576 0.011049 0.000528 -0.001583 -0.017062 -0.001437 
-0.006309 -0.006329 -0.003588 0.000796 -0.000293 -0.001584 0.005323 0.000348 
0.001898 -0.011920 -0.002983 -0.007364 0.001545 0.005231 -0.002302 0.005769 
-0.003002 0.000777 0.007304 0.004109 0.001964 0.005733 0.004965 0.001321 
-0.012543 0.006305 -0.007852 -0.006033 -0.001400 0.000785 0.005681 -0.001771 
0.003714 -0.003646 -0.004987 0.001947 0.004756 -0.001661 -0.004747 -0.003941 
0.009194 -0.007492 0.007003 0.000899 0.005779 0.002004 -0.003617 0.002954 
-0.001315 -0.009825 0.006585 0.008703 -0.000133 0.008402 -0.000840 0.009564 
-0.006420 -0.006654 -0.016994 0.004157 -0.001913 -0.007569 0.003922 -0.009031 
-0.007869 0.012191 -0.003412 -0.007101 0.006376 0.002478 0.005837 0.010020 
0.000817 -0.005608 0.000772 0.006490 0.006422 -0.006668 -0.014505 0.004014 
0.000120 0.001686 -0.001064 0.002887 0.014339 -0.003953 -0.001076 0.017108 
-0.005729 0.002960 -0.000058 -0.006153 0.004410 -0.010586 0.008175 -0.005980 
0.018179 -0.007934 0.000493 0.011876 0.012162 -0.000325 0.021207 0.011405 
-0.004872 0.009115 0.005803 0.015447 0.014201 -0.001774 -0.000903 -0.008736 
0.029643 0.006518 0.003740 0.001716 0.001991 -0.005477 0.006795 0.003979 
0.051565 0.017720 -0.009755 -0.023026 0.003696 0.002047 -0.034767 -0.030760 
-0.003106 0.001844 0.004027 0.006735 0.004143 0.001602 0.018210 -0.007068 
-0.004993 0.007392 0.005575 -0.014081 0.002844 -0.000016 -0.005819 0.004748 
-0.011275 -0.001896 0.009697 -0.011346 -0.018680 0.003933 -0.008483 0.003019 
0.006982 -0.006415 -0.001833 0.004592 -0.005986 -0.000211 0.000275 -0.000210 
-0.004681 -0.006807 0.002312 0.006878 0.001824 -0.002585 -0.005352 -0.002384 
0.013060 0.005090 0.007578 0.002754 -0.000129 0.002304 -0.003133 -0.000475 
0.016576 -0.001041 0.000707 0.012141 -0.000578 0.006530 0.003422 0.004646 
-0.010752 -0.008130 0.000665 -0.015375 0.003109 -0.005181 0.001385 0.004407 
0.002035 -0.005415 -0.001895 0.002154 -0.000031 0.006740 -0.007336 -0.000102 
-0.014964 0.001498 0.003182 0.000315 0.004183 -0.002243 0.002104 0.013919 
0.001384 -0.000472 -0.002643 -0.005620 0.007481 -0.003838 0.008916 0.004134 
0.011503 -0.001677 0.004944 -0.014772 -0.000364 0.003647 -0.011676 -0.003189 
0.001172 0.006000 0.004369 -0.005746 -0.005860 0.004942 -0.010496 -0.000727 
0.003859 -0.008317 0.010972 0.004304 0.009056 -0.005239 0.004903 -0.001483 
0.018132 0.007870 0.022392 0.000503 0.003246 -0.010703 -0.017169 -0.007848 
-0.005004 0.004682 0.025668 -0.013419 0.007207 -0.019059 0.012641 0.010761 
0.003434 -0.014757 -0.011306 0.008478 -0.009300 -0.013740 -0.020750 -0.006075 
-0.017181 0.000885 0.012224 -0.004090 -0.002778 -0.009210 0.005112 -0.004784 
-0.067452 -0.003952 -0.002095 -0.019153 -0.032325 -0.017413 -0.026176 -0.001951 
-0.019376 0.000703 0.026148 -0.003645 -0.018991 -0.006094 0.004277 0.003847 
0.001088 0.024854 0.002973 -0.012814 0.001783 0.005747 -0.000918 0.003111 
-0.003901 -0.019641 -0.004463 -0.007537 -0.002428 0.000793 -0.002313 0.010378 
0.004316 0.000106 0.010206 -0.001019 0.014549 -0.005047 -0.005385 -0.012334 
0.002068 -0.027326 0.000815 -0.000211 0.005231 -0.014108 0.005685 -0.006043 
-0.003704 0.003146 -0.000819 -0.009384 -0.012514 -0.002657 -0.009047 -0.006664 
0.003460 -0.006954 0.001272 0.010342 -0.003631 -0.003324 0.005084 -0.001147 
0.007954 0.014051 0.002630 0.004162 0.002584 0.003163 -0.017493 -0.003614 
-0.000824 -0.009742 -0.003446 -0.005631 -0.006170 0.002015 0.000109 -0.001376 
0.004925 0.002068 0.004668 0.014682 -0.005481 -0.005963 -0.001168 0.001020 
-0.008203 -0.016777 -0.001000 0.007263 0.010887 -0.001572 -0.003518 -0.001842 
-0.005717 -0.011453 -0.011140 0.000979 0.005312 0.003151 0.008269 -0.018233 
-0.005971 -0.008740 0.002873 -0.008190 0.000470 -0.007263 -0.009134 0.005471 
0.003983 0.006203 0.007267 -0.002628 0.004301 0.001563 -0.004867 0.002828 
0.003437 -0.012049 0.007598 -0.005943 0.009932 -0.004723 0.000653 0.005368 
0.014853 -0.008060 0.001034 -0.013711 0.011779 -0.011432 -0.001882 -0.011627 
-0.013886 -0.020289 0.019538 -0.008990 0.000963 -0.009317 -0.023976 -0.005071 
-0.011598 -0.003999 -0.007285 -0.001958 0.003977 -0.029158 0.005038 0.006815 
0.020257 -0.016272 -0.002257 0.013129 -0.001838 -0.020832 -0.004784 0.008820 
0.081195 0.057346 0.014966 -0.004269 -0.004354 -0.001232 -0.009083 0.002911 
0.021817 -0.021937 -0.016510 -0.022156 -0.014897 -0.007827 -0.013008 0.000125 
-0.000392 -0.004108 0.005342 0.002511 0.006096 -0.001997 0.009998 0.011718 
0.000171 -0.008345 0.002790 -0.011331 0.006350 -0.000100 0.008270 -0.019974 
0.004844 -0.006273 0.005780 0.000584 0.004992 0.009976 0.005363 -0.005533 
-0.002917 -0.001676 -0.000921 -0.002156 -0.002479 0.012579 -0.007446 -0.002086 
0.003454 0.007053 0.002327 -0.000737 0.008509 0.007958 -0.001057 0.003522 
0.011869 -0.008015 0.003614 0.000215 -0.011740 0.001261 0.001860 -0.002974 
0.000659 -0.006498 0.001739 0.001874 0.005137 0.000842 0.013734 -0.010478 
-0.001414 -0.005180 -0.001233 0.006086 -0.003558 0.011501 0.005600 0.001437 
-0.005136 -0.006679 0.001554 -0.003621 -0.000069 -0.003604 0.008988 0.007808 
0.000111 -0.006201 0.005828 0.003469 0.003851 -0.011349 -0.009552 -0.009454 
-0.006524 0.000234 0.012232 0.007609 0.012316 -0.001749 0.000602 -0.005500 
0.003730 -0.019087 -0.004164 0.005619 0.005280 -0.006383 -0.007107 0.004871 
0.004442 0.007001 0.002748 0.013524 -0.005820 -0.004050 -0.010576 0.013273 
0.004365 -0.033234 0.010926 -0.003316 0.016458 -0.002816 0.001260 0.000273 
0.002310 -0.001051 0.008208 -0.003153 -0.005030 0.004104 0.010396 0.017014 
0.006841 -0.031087 0.006476 -0.008301 0.010718 0.000437 -0.010388 0.008507 
-0.002950 -0.002584 0.008448 0.012188 0.005195 -0.000232 0.009422 0.000142 
0.007186 -0.015366 -0.000221 -0.005231 0.007499 -0.015357 -0.002403 0.000162 
0.044766 0.028895 0.015317 0.004835 -0.014096 -0.002127 0.017427 0.055089 
0.041221 0.000785 -0.008262 0.026021 0.046126 -0.005290 -0.033039 -0.006624 
0.033168 0.002061 0.004148 0.020782 0.000695 -0.013623 -0.012284 -0.003588 
-0.012291 0.004706 0.015544 0.006284 0.006693 0.008962 0.001771 -0.010833 
0.008563 -0.023878 0.000808 0.033478 0.005001 -0.028647 -0.006514 -0.008877 
-0.023567 0.011004 0.006093 0.012084 0.000602 0.014484 0.001427 -0.003383 
0.011754 -0.004903 0.006687 0.010359 0.002592 -0.018778 0.009684 -0.006591 
-0.012841 0.002373 0.014874 0.000571 0.016380 0.008231 -0.022204 -0.000234 
0.010940 -0.024345 -0.018296 0.002562 0.004351 -0.019674 0.001678 -0.000589 
-0.021297 -0.006374 0.013198 -0.001782 0.014307 0.019290 -0.001618 -0.012992 
-0.010767 -0.018940 0.005189 0.019234 -0.000321 -0.028703 -0.001709 0.005594 
-0.014869 -0.005582 0.042144 0.005137 -0.006730 0.023915 -0.016850 -0.019404 
-0.007618 -0.024983 -0.018064 -0.006832 0.000824 -0.009516 0.025778 -0.018756 
-0.030585 -0.008602 0.024423 0.006519 0.009078 0.026183 -0.035759 -0.009155 
-0.013702 -0.039322 -0.007040 0.030413 -0.005810 -0.041541 0.029188 -0.003849 
-0.009965 -0.006334 0.037236 0.039388 0.009894 0.039583 -0.024063 -0.001323 
-0.013668 -0.028754 -0.045271 0.015460 0.004255 -0.012033 0.005526 0.017782 
-0.017204 0.012414 0.058676 0.017058 -0.001868 0.023701 -0.026580 -0.005401 
-0.016612 -0.066739 -0.011264 0.006054 0.016938 -0.029659 -0.016391 -0.006221 
0.011075 -0.001063 0.036023 0.035411 0.021658 0.033934 -0.021493 -0.005836 
-0.045605 -0.067097 0.002743 0.013227 0.067062 -0.021983 -0.023055 -0.071368 
-0.044041 -0.007700 0.096318 -0.041377 0.007470 -0.004847 -0.057556 0.033512 
