0.155684 1.080990
0.196055 1.209677
0.161125 1.267797
0.136430 1.278935
0.118890 1.249698
0.106220 1.184866
0.089862 1.094919
0.077472 1.005502
0.085176 0.984173
0.013994 1.088620
-0.374911 1.097976
-0.305729 1.208268
-0.174657 1.262422
-0.074059 1.273681
-0.018622 1.250873
0.025900 1.191907
0.055246 1.102131
0.058198 1.017067
0.065823 1.001124
0.019385 1.091523
0.012169 0.896156
0.017999 0.947444
0.015447 0.967960
0.019284 0.975398
0.015530 0.970700
0.015580 0.963081
0.014556 0.956130
0.014296 0.948897
0.018125 0.948109
-0.005678 0.967103
-0.002420 0.898465
0.008962 0.952222
0.008832 0.972057
0.001784 0.978194
-0.004145 0.976790
-0.016740 0.974749
-0.027713 0.968612
-0.036082 0.959144
-0.047283 0.969465
-0.014450 0.920843
0.153610 1.081088
0.192332 1.207756
0.157250 1.265543
0.131487 1.275981
0.114633 1.246443
0.101922 1.182892
0.085813 1.094457
0.073904 1.006456
0.081120 0.981808
0.013170 1.070087
-0.373351 1.097510
-0.305292 1.206902
-0.175099 1.259930
-0.074183 1.270246
-0.018241 1.247450
0.027884 1.188951
0.058628 1.101487
0.062729 1.017252
0.072329 0.999602
0.021146 1.089799
0.003179 0.707021
0.003551 0.702946
0.005086 0.701121
0.005277 0.700101
0.005274 0.702573
0.001456 0.700079
0.000435 0.700902
-0.003429 0.694377
-0.000439 0.690530
0.053566 0.690745
-0.071660 0.704064
-0.114118 0.703736
-0.157421 0.700801
-0.202720 0.701159
-0.246371 0.705265
-0.279921 0.705887
-0.313105 0.706196
-0.337651 0.703765
-0.321749 0.710011
-0.352188 0.731157
0.013030 0.704979
0.021741 0.699509
0.029983 0.693344
0.033849 0.689614
0.041236 0.685683
0.044691 0.681593
0.048956 0.681389
0.052925 0.673544
0.069961 0.671542
0.053142 0.683252
-0.015999 0.700342
-0.039840 0.702013
-0.061492 0.697023
-0.076858 0.690822
-0.091928 0.688072
-0.109441 0.682719
-0.118513 0.681236
-0.128337 0.677531
-0.144969 0.678538
-0.204464 0.673256
0.007629 0.699748
0.017030 0.694269
0.023814 0.702675
0.030930 0.707843
0.037994 0.709143
0.045493 0.708718
0.053882 0.705766
0.059231 0.693264
0.070671 0.672773
0.084474 0.708365
-0.015976 0.693615
-0.028376 0.695217
-0.038985 0.705332
-0.045347 0.707686
-0.054879 0.712603
-0.059598 0.710491
-0.069031 0.704442
-0.071256 0.691926
-0.096102 0.683209
-0.104517 0.712778
0.007704 0.696018
0.009977 0.717526
0.018229 0.756470
0.019675 0.788900
0.018063 0.813844
0.021655 0.818752
0.023065 0.799213
0.027835 0.756848
0.033446 0.733588
0.053933 0.794226
-0.010531 0.694595
-0.019113 0.714603
-0.017669 0.755367
-0.026251 0.789131
-0.028611 0.810168
-0.033185 0.819052
-0.031864 0.800544
-0.036185 0.757733
-0.037652 0.733122
-0.055744 0.772577
0.018817 0.707080
0.020957 0.738308
0.024451 0.790663
0.024402 0.828601
0.019403 0.846854
0.020713 0.839649
0.019280 0.802225
0.020814 0.749818
0.020789 0.731497
0.082882 0.797414
0.050100 0.700474
0.061850 0.732691
0.059681 0.783241
0.051666 0.821320
0.036491 0.843079
0.026065 0.836222
0.007533 0.797978
0.000979 0.751881
0.004774 0.742136
-0.011700 0.742588
0.021114 0.658301
0.034344 0.692402
0.047234 0.741724
0.053874 0.767454
0.059317 0.774405
0.066449 0.756004
0.073342 0.718064
0.080639 0.663484
0.099651 0.637435
0.139059 0.716801
-0.016735 0.660813
-0.053148 0.693534
-0.086055 0.744602
-0.120693 0.767985
-0.155624 0.776570
-0.185781 0.757300
-0.213549 0.717967
-0.231887 0.670716
-0.248417 0.640141
-0.305400 0.719944
0.006620 0.709017
0.005967 0.704941
0.010318 0.706408
0.012386 0.705486
0.015558 0.701868
0.014382 0.700883
0.021047 0.700420
0.020998 0.698588
0.027759 0.688862
0.073720 0.722888
-0.008406 0.703953
-0.015666 0.705533
-0.020542 0.705609
-0.025102 0.705679
-0.029000 0.702308
-0.037100 0.702359
-0.039543 0.701677
-0.039756 0.700223
-0.067245 0.698228
-0.040180 0.729050
0.006954 0.709495
0.009141 0.705850
0.010443 0.704246
0.014103 0.705583
0.015671 0.703304
0.023793 0.704745
0.024304 0.701726
0.026369 0.698013
0.051085 0.682881
-0.003372 0.675797
-0.009873 0.703844
-0.013649 0.705985
-0.015484 0.705487
-0.020992 0.706965
-0.028406 0.704612
-0.027409 0.702990
-0.032342 0.702884
-0.037240 0.701662
-0.037417 0.703454
-0.052840 0.696491
0.004725 0.709446
0.007889 0.705633
0.011016 0.704824
0.012292 0.706940
0.017415 0.706988
0.022150 0.704437
0.026010 0.704150
0.029531 0.698600
0.018838 0.697257
0.090223 0.688678
-0.013102 0.703045
-0.013606 0.705567
-0.015762 0.707154
-0.018314 0.705780
-0.021745 0.710137
-0.022388 0.708413
-0.028784 0.705217
-0.034002 0.704753
-0.035148 0.702130
-0.023954 0.697115
0.003705 0.707961
0.007927 0.704966
0.011561 0.707381
0.016139 0.708253
0.018347 0.708827
0.021852 0.706217
0.025016 0.707386
0.025149 0.705591
0.036252 0.693360
0.018446 0.680727
-0.010681 0.703968
-0.010446 0.706141
-0.017885 0.709841
-0.018811 0.707414
-0.021892 0.712374
-0.023354 0.712800
-0.025240 0.710681
-0.021654 0.706707
-0.040353 0.708011
-0.076258 0.698312
0.004130 0.706578
0.007584 0.705915
0.009981 0.707894
0.013326 0.711298
0.015852 0.712072
0.016849 0.710795
0.021581 0.713523
0.028352 0.703914
0.023625 0.691080
0.005942 0.687210
-0.010796 0.703492
-0.011571 0.705836
-0.014451 0.709792
-0.017271 0.710690
-0.019454 0.711586
-0.020324 0.715205
-0.024562 0.714743
-0.024311 0.712075
-0.033473 0.705809
-0.042481 0.718578
0.002778 0.706336
0.004889 0.707936
0.011032 0.711061
0.011317 0.716259
0.013956 0.718419
0.013827 0.720276
0.013428 0.715811
0.018045 0.713140
0.016828 0.704557
0.050056 0.690487
-0.005623 0.705166
-0.010240 0.706079
-0.007219 0.712100
-0.011070 0.714585
-0.013352 0.717895
-0.012757 0.717242
-0.015439 0.718636
-0.011344 0.712297
0.001385 0.710238
-0.058967 0.724777
-0.000114 0.706647
0.002785 0.708639
0.004721 0.714343
0.007644 0.717341
0.004993 0.723772
0.008196 0.723851
0.009094 0.721897
0.014236 0.715929
0.013416 0.714125
0.010010 0.797468
-0.007758 0.705140
-0.011151 0.706621
-0.009738 0.712369
-0.014151 0.719177
-0.012486 0.720597
-0.016820 0.725501
-0.012850 0.723015
-0.019918 0.715900
-0.023406 0.713300
0.012968 0.667045
0.002076 0.706546
0.002180 0.709676
0.004642 0.715030
0.003530 0.722803
0.006725 0.727773
0.007235 0.732000
0.008892 0.727190
0.008774 0.719275
0.009077 0.717071
0.030137 0.725485
-0.009195 0.702995
-0.011080 0.708373
-0.008816 0.715598
-0.011438 0.721492
-0.014594 0.726336
-0.017224 0.730112
-0.015305 0.726702
-0.018356 0.712433
-0.020449 0.711115
-0.045317 0.726817
0.007827 0.707830
0.003787 0.711264
0.005865 0.718337
0.008923 0.724362
0.003163 0.731636
0.007065 0.735313
0.005635 0.730665
0.009003 0.718601
0.018304 0.704397
0.021588 0.774019
0.002036 0.703896
0.001450 0.708845
0.001249 0.714886
-0.004941 0.725105
-0.006446 0.730893
-0.008972 0.733119
-0.009436 0.728672
-0.012154 0.719997
-0.010116 0.712266
-0.011847 0.690186
0.012643 0.706310
0.010210 0.712218
0.012914 0.720474
0.012094 0.728371
0.010059 0.734506
0.010783 0.733248
0.013275 0.729599
0.011047 0.715428
0.016544 0.718231
0.012492 0.722016
-0.011005 0.705210
-0.014131 0.710962
-0.014122 0.719558
-0.017311 0.728865
-0.017111 0.732887
-0.018046 0.735893
-0.017714 0.730805
-0.019624 0.721565
-0.037051 0.714512
-0.027422 0.704978
0.005947 0.706288
0.005078 0.712300
0.006088 0.722178
0.004154 0.732506
0.005733 0.735084
0.003191 0.737308
0.005161 0.728591
0.009883 0.715188
-0.000746 0.715953
0.055328 0.736760
-0.006020 0.706231
-0.009248 0.711362
-0.012355 0.721020
-0.011264 0.729631
-0.016434 0.736271
-0.014054 0.737056
-0.018370 0.730407
-0.018506 0.720529
-0.015929 0.713638
-0.040689 0.776593
0.009267 0.712265
0.007745 0.716841
0.008826 0.726483
0.008471 0.736350
0.005381 0.740336
0.010178 0.740634
0.008734 0.729418
0.007936 0.719517
0.004963 0.711293
0.033018 0.718473
0.017275 0.701051
0.015020 0.707307
0.014208 0.718489
0.008407 0.726495
0.005810 0.732654
-0.001561 0.732451
-0.007394 0.726077
-0.011981 0.717508
-0.014584 0.706512
-0.030401 0.728542
0.027087 0.713415
0.023938 0.719315
0.023367 0.728163
0.025944 0.735522
0.019076 0.739998
0.020548 0.735365
0.021511 0.732354
0.016661 0.717644
0.024227 0.715906
0.026260 0.734129
0.050613 0.698004
0.049052 0.705377
0.045680 0.715365
0.039000 0.724233
0.030155 0.730740
0.026221 0.729271
0.015068 0.721262
0.013075 0.712032
0.017248 0.715508
0.034761 0.669366
0.005857 0.708374
0.004747 0.712906
0.003608 0.720861
0.000548 0.729205
-0.000683 0.732147
-0.001240 0.729968
-0.006153 0.721964
-0.003275 0.716126
0.008254 0.711400
0.023674 0.716135
0.084169 0.701908
0.075342 0.708995
0.066082 0.719302
0.056813 0.723445
0.042278 0.728935
0.032872 0.728233
0.017786 0.722959
0.012624 0.712414
0.018957 0.714682
0.018766 0.717689
0.041248 0.703368
0.034127 0.704438
0.038070 0.709502
0.039395 0.711712
0.033364 0.712162
0.032226 0.714056
0.032731 0.712292
0.034935 0.709852
0.029847 0.713916
0.040862 0.710627
0.116250 0.700399
0.109243 0.703492
0.097205 0.705242
0.086098 0.706888
0.074525 0.708137
0.065967 0.705811
0.057086 0.704999
0.054801 0.701957
0.056179 0.698368
0.018498 0.707019
0.048591 0.950673
0.059739 0.935314
0.046178 0.933847
0.033706 0.932885
0.019553 0.926208
0.001691 0.918802
0.000298 0.909075
-0.011340 0.900880
0.007203 0.896558
-0.010784 0.892449
-0.006766 0.950793
-0.006332 0.933123
0.007303 0.932612
0.013219 0.931444
0.019312 0.926073
0.018827 0.918563
0.020539 0.910734
0.020286 0.898745
0.012419 0.904479
0.068877 0.900502
-0.003947 0.899727
-0.008377 0.951890
-0.012419 0.972054
-0.011788 0.980934
-0.014950 0.974923
-0.027032 0.969095
-0.026046 0.961027
-0.029882 0.960212
-0.036393 0.966255
-0.032015 0.930000
-0.004419 0.890179
-0.001534 0.943180
-0.007083 0.962150
-0.007645 0.969162
-0.006199 0.970594
-0.008128 0.968021
-0.011209 0.954919
-0.015351 0.952137
-0.041257 0.949044
-0.000671 0.941314
0.048094 0.951959
0.058454 0.937489
0.044069 0.936061
0.031473 0.935078
0.017156 0.929250
-0.002554 0.922139
-0.004004 0.911795
-0.015947 0.904460
0.000215 0.900227
-0.015524 0.892917
-0.007121 0.951998
-0.006512 0.934768
0.006400 0.934058
0.011954 0.933727
0.017902 0.928676
0.017372 0.922198
0.018361 0.913917
0.017720 0.901279
0.005763 0.906639
0.071740 0.893610
0.001306 0.705325
0.001807 0.703604
0.005094 0.702750
0.009817 0.702561
0.015530 0.700542
0.019516 0.697614
0.026843 0.697194
0.025338 0.693848
0.017001 0.699988
0.046538 0.705149
-0.001018 0.710323
0.000700 0.708825
0.001303 0.708645
-0.000885 0.707041
0.000357 0.706219
0.001824 0.704116
-0.000611 0.699379
0.005666 0.698022
0.012829 0.696886
0.035306 0.681337
0.020671 0.708891
0.021577 0.710890
0.024423 0.709203
0.026106 0.710104
0.032737 0.711144
0.034644 0.704124
0.037172 0.701626
0.041170 0.698492
0.038939 0.693875
0.023341 0.724312
0.000822 0.709845
0.007220 0.712762
0.010164 0.712878
0.013956 0.710775
0.017195 0.710419
0.019643 0.706992
0.024823 0.700607
0.028285 0.698403
0.038501 0.699061
0.111249 0.739368
0.015952 0.706703
-0.000881 0.708955
-0.004729 0.709544
-0.009987 0.711372
-0.012230 0.709327
-0.013863 0.708788
-0.022118 0.704523
-0.024695 0.699573
-0.038241 0.696359
-0.044476 0.734363
0.005259 0.709206
0.017324 0.709980
0.020236 0.710762
0.025737 0.710032
0.025720 0.712444
0.031561 0.708365
0.033924 0.702625
0.033618 0.705323
0.023852 0.699526
0.094255 0.716203
0.006897 0.706184
0.007578 0.702241
0.008506 0.703012
0.004882 0.706727
0.005819 0.709021
0.005751 0.709769
0.003732 0.708098
0.005541 0.706358
0.008924 0.700289
0.029702 0.677051
0.000587 0.706483
0.003124 0.705756
0.000528 0.705400
-0.002061 0.707666
0.000655 0.707174
-0.002214 0.707878
0.000648 0.707436
-0.001510 0.708270
0.001319 0.701715
0.033379 0.689519
0.014088 0.703342
0.018505 0.700388
0.019830 0.701874
0.025196 0.703232
0.021445 0.706720
0.021082 0.710978
0.017035 0.710120
0.016810 0.709799
0.018562 0.705342
0.030564 0.693785
-0.010801 0.707452
-0.013810 0.705505
-0.017348 0.702841
-0.018830 0.707597
-0.017465 0.710237
-0.016407 0.709519
-0.016320 0.710545
-0.010815 0.708397
-0.016239 0.708815
0.022070 0.701914
0.029171 0.705645
0.021565 0.702926
0.022976 0.707136
0.022335 0.715512
0.025094 0.718570
0.026072 0.713484
0.022757 0.704047
0.023806 0.695530
0.014629 0.690290
0.024248 0.687905
-0.001215 0.706634
0.008814 0.704037
0.010228 0.709193
0.013371 0.715171
0.017848 0.718059
0.022447 0.713270
0.027771 0.701719
0.032668 0.699195
0.034744 0.690055
0.146045 0.737311
0.008807 0.707308
-0.000249 0.707587
-0.000848 0.705783
-0.002892 0.706119
-0.001597 0.705060
-0.002144 0.706334
-0.003957 0.702009
-0.008061 0.705170
-0.025582 0.704608
0.032863 0.722978
0.002429 0.709942
0.007699 0.708913
0.010171 0.709773
0.009542 0.708266
0.009882 0.711449
0.015114 0.706086
0.013613 0.704523
0.009728 0.703307
0.012218 0.712616
0.064208 0.715310
0.010662 0.707133
-0.000252 0.706190
-0.002688 0.706429
-0.007411 0.708291
-0.003812 0.705915
-0.007474 0.707133
-0.012079 0.703249
-0.013053 0.700976
-0.013166 0.693888
-0.104016 0.697417
0.002028 0.708671
0.007260 0.709530
0.006071 0.707519
0.011147 0.708134
0.011638 0.708288
0.010578 0.707416
0.016309 0.705223
0.015061 0.705793
0.015574 0.696304
0.034240 0.722931
0.009038 0.706273
-0.000291 0.707498
-0.000424 0.707386
-0.003459 0.706842
-0.006693 0.704954
-0.009290 0.705493
-0.010363 0.702100
-0.009190 0.702080
-0.009317 0.695927
0.028482 0.697577
0.002664 0.708521
0.006961 0.708802
0.008708 0.707819
0.009531 0.708799
0.010179 0.707102
0.011517 0.709748
0.011914 0.705559
0.019676 0.702801
0.005356 0.708263
0.026818 0.719421
0.007250 0.706988
-0.001960 0.708099
-0.002938 0.707579
-0.005356 0.707287
-0.012065 0.706990
-0.010002 0.705991
-0.011162 0.704377
-0.014781 0.704186
-0.024117 0.705332
-0.053792 0.690215
0.004708 0.708331
0.008642 0.708219
0.010290 0.708695
0.014386 0.708492
0.011393 0.707455
0.014449 0.705019
0.016366 0.703131
0.014186 0.703240
0.010160 0.694273
0.040163 0.705780
0.004364 0.707831
0.000110 0.707268
-0.003285 0.707828
-0.001487 0.706396
-0.001233 0.708749
-0.002929 0.706031
-0.011430 0.705409
-0.010268 0.704178
-0.012074 0.701201
-0.006833 0.697284
0.005848 0.706918
0.009104 0.707348
0.009999 0.705816
0.011952 0.706728
0.013393 0.706450
0.017037 0.707020
0.017105 0.705930
0.015906 0.703986
0.008882 0.715260
0.039397 0.690017
0.002283 0.706806
0.003132 0.705090
0.000625 0.707028
0.004200 0.706325
0.002482 0.708161
0.000821 0.707158
-0.000017 0.707043
0.001151 0.706015
0.004624 0.704888
-0.019978 0.668037
0.000546 0.706603
0.002196 0.709103
-0.000610 0.708152
-0.001010 0.708635
0.000017 0.706334
-0.001304 0.708946
0.001666 0.706797
-0.000144 0.704413
-0.001696 0.706816
0.039247 0.719030
0.003507 0.706353
0.003346 0.707043
0.006038 0.706531
0.002261 0.706552
0.002649 0.707939
0.002774 0.708089
0.001890 0.706203
0.002641 0.705653
0.001646 0.706316
0.005986 0.719511
-0.000198 0.709029
0.000089 0.706982
-0.003942 0.708129
-0.002482 0.707483
0.001489 0.707573
-0.001814 0.707194
-0.002654 0.709788
-0.000834 0.707508
0.002803 0.709764
0.029552 0.722671
0.005323 0.705911
0.003864 0.704697
0.002863 0.706621
0.001065 0.707382
0.001488 0.706745
0.003700 0.707531
0.003812 0.706039
0.011423 0.710282
0.006217 0.707133
0.060472 0.706562
-0.000334 0.708137
-0.000103 0.708213
0.002130 0.707026
-0.001498 0.706386
-0.001752 0.706874
-0.002907 0.708466
0.000370 0.707469
-0.002732 0.710557
-0.001660 0.702172
-0.004320 0.722524
0.006682 0.706855
0.004979 0.705796
0.007133 0.706719
0.002621 0.707591
0.005362 0.706540
0.007501 0.708175
0.002711 0.708707
0.000544 0.706681
0.002659 0.708022
0.026432 0.705769
-0.003575 0.707411
-0.002321 0.707182
-0.001569 0.706298
-0.001658 0.705398
-0.005184 0.706421
-0.003796 0.706781
-0.001414 0.708477
-0.002068 0.706089
0.009025 0.710015
-0.033949 0.746924
0.002675 0.706804
0.001416 0.705995
0.002540 0.705272
0.000637 0.707696
0.000228 0.707105
-0.000775 0.705945
-0.001211 0.707199
-0.004793 0.708655
0.005436 0.699753
0.003849 0.678320
0.004904 0.707433
0.007071 0.707972
0.005755 0.707716
0.003501 0.705134
0.006078 0.707583
0.004391 0.706641
0.001725 0.708443
0.004341 0.709164
-0.005995 0.709717
0.033603 0.670933
0.000013 0.706009
-0.000344 0.704455
0.001683 0.706132
0.000815 0.707345
-0.000248 0.705473
0.002071 0.706319
0.001316 0.706899
-0.003426 0.707275
-0.000308 0.713500
-0.033084 0.717720
0.002485 0.707092
-0.000300 0.706943
0.000519 0.706578
-0.000970 0.707371
0.001630 0.708040
0.000941 0.706461
-0.000770 0.709433
-0.000230 0.708816
-0.005262 0.712042
0.024628 0.723300
0.017973 0.704373
0.017061 0.704255
0.013261 0.704862
0.018749 0.705432
0.016569 0.705159
0.014297 0.706328
0.010263 0.706752
0.015436 0.705968
0.019975 0.707955
0.039582 0.703739
-0.007607 0.709012
-0.005924 0.708337
-0.005285 0.708587
-0.003114 0.707155
-0.005378 0.710712
-0.002001 0.708072
-0.001707 0.709850
-0.000185 0.706671
-0.010850 0.709062
0.043345 0.691597
0.022600 0.706797
0.022362 0.706154
0.022252 0.706320
0.026460 0.707011
0.020391 0.707730
0.018911 0.709285
0.018975 0.708114
0.013440 0.708140
0.020502 0.709330
0.042754 0.695774
-0.011633 0.706841
-0.012487 0.706997
-0.012353 0.706701
-0.012830 0.707160
-0.012726 0.706879
-0.012271 0.707627
-0.009999 0.709593
-0.000927 0.708230
-0.000000 0.694200
-0.029027 0.708799
0.004478 0.704249
0.005467 0.704685
0.004669 0.705358
0.007268 0.706977
0.008228 0.705274
0.003845 0.708426
0.001397 0.709298
0.006094 0.708855
-0.010476 0.712939
0.025502 0.686160
-0.006889 0.710098
-0.004426 0.708500
-0.006305 0.707335
-0.006567 0.707237
-0.003679 0.707044
-0.006301 0.708551
-0.005210 0.710178
-0.002738 0.709541
-0.001262 0.703264
0.035798 0.700965
-0.007464 0.694765
-0.008704 0.696832
0.000789 0.696683
0.003837 0.698113
0.001763 0.700928
0.010912 0.700131
0.011733 0.701045
0.014948 0.704258
0.015776 0.702996
0.027428 0.697994
-0.045578 0.717214
-0.046319 0.716010
-0.055879 0.715925
-0.056878 0.712279
-0.058750 0.711119
-0.054165 0.712033
-0.055966 0.709716
-0.066220 0.709030
-0.063889 0.710324
-0.076884 0.714517
-0.040741 -0.032085 0.001346 0.000658 -0.000445 -0.001380 -0.000315 -0.002057 
0.243058 -0.012185 -0.004933 0.000638 -0.001111 -0.001831 -0.000082 0.000428 
-0.043311 -0.018436 0.001469 -0.000846 0.000222 -0.000345 0.000944 0.000156 
0.157042 -0.006693 -0.000860 -0.001369 0.000301 0.000573 -0.002064 -0.000388 
-0.016316 -0.003118 0.001527 -0.003412 -0.000139 -0.001498 0.002496 0.001545 
0.062361 0.000452 -0.003325 -0.000825 0.000631 0.001047 0.000505 0.000132 
0.002750 0.001175 0.001571 0.001195 -0.002140 0.000560 0.000428 -0.001250 
-0.019273 -0.000310 -0.002526 0.000542 -0.002663 -0.001302 0.001828 -0.000546 
0.024848 -0.000323 -0.003051 0.001347 -0.000989 -0.001674 0.000229 0.000207 
-0.089726 -0.005690 -0.001594 0.002523 0.001918 0.000716 -0.000395 -0.000040 
0.041153 -0.012553 0.000635 0.001398 0.000765 0.000254 0.000781 0.000520 
-0.152677 -0.014391 -0.001940 0.000345 0.000742 -0.001558 -0.002476 -0.001302 
0.053056 -0.026016 -0.006672 -0.001693 0.001407 -0.001399 0.001843 -0.002864 
-0.205535 -0.022726 -0.001772 -0.000641 -0.002328 0.000775 -0.001385 -0.001639 
0.059368 -0.036099 -0.009105 -0.000382 -0.001060 -0.001852 -0.001454 -0.001165 
-0.235787 -0.031009 0.005189 0.001078 -0.000094 0.001677 -0.000777 0.001171 
0.031757 -0.045123 -0.007581 0.000740 0.000196 -0.001224 -0.000111 0.001237 
-0.247240 -0.020067 0.004792 0.001627 -0.000773 -0.000527 0.001844 -0.000319 
0.015743 -0.071295 -0.003415 0.004229 0.000130 -0.000177 0.001537 -0.002526 
-0.262948 -0.011260 0.014595 0.001118 -0.000591 0.000043 -0.002424 -0.000502 
0.002181 -0.008675 0.000652 0.003502 -0.000522 -0.000721 0.002741 -0.002698 
-0.019438 -0.003307 0.001569 -0.000846 -0.000467 -0.001359 -0.000648 0.002358 
0.002253 -0.005130 -0.001689 -0.000606 -0.001234 0.002017 0.001189 -0.000210 
-0.016055 0.000070 0.001387 0.000794 0.000664 -0.003253 0.001254 -0.000710 
-0.000454 -0.001654 0.000357 0.003279 0.000624 -0.000835 -0.001565 -0.000380 
-0.008508 -0.000894 0.001073 -0.001535 -0.002204 -0.001489 -0.002070 0.002510 
-0.001771 -0.000674 -0.000638 0.000133 -0.003102 0.002024 0.003032 -0.002496 
-0.001107 -0.004518 0.002565 0.001185 0.000857 -0.000425 -0.001185 -0.002380 
0.000148 0.001037 -0.002742 0.003629 -0.000802 0.000186 -0.002960 0.000393 
0.005243 -0.003387 0.001951 0.002398 0.002465 -0.003006 0.000597 0.001274 
0.000847 -0.000205 -0.002142 0.001332 0.002157 -0.000770 0.001606 -0.002088 
0.009501 0.000885 -0.001616 0.001866 0.003384 0.001473 -0.000687 0.002870 
0.002284 -0.000123 -0.005361 0.004267 -0.002325 0.001802 -0.000098 -0.003526 
0.015115 0.001935 -0.000157 -0.000216 0.002393 -0.001347 -0.004297 -0.000897 
0.001035 0.002576 -0.004974 0.004471 -0.002006 0.003860 -0.000127 -0.005781 
0.015328 -0.002266 -0.003417 0.003789 0.002513 -0.000852 -0.002803 -0.002079 
0.004728 0.009889 -0.005254 0.005945 -0.003928 0.005319 0.000192 -0.006391 
0.009812 -0.002114 -0.003155 0.001272 0.003301 0.001712 -0.008532 -0.000438 
0.033193 0.002522 -0.008283 0.011965 -0.002035 0.009329 0.004262 -0.012470 
-0.031575 -0.005798 -0.005790 0.000215 0.005856 0.003102 -0.005159 -0.010379 
-0.041927 -0.033491 0.001680 0.000041 -0.001702 -0.002631 -0.000360 -0.000422 
0.244300 -0.012881 -0.005314 -0.000385 -0.000725 -0.001669 0.000970 0.001117 
-0.043274 -0.017787 0.000976 0.000039 0.001537 -0.000523 -0.000912 -0.000141 
0.158358 -0.007123 -0.001377 -0.001532 0.000819 -0.000712 0.001124 0.000225 
-0.016764 -0.003261 0.001977 -0.002894 0.001100 0.000237 0.001038 0.000309 
0.063432 0.000936 -0.002036 -0.001175 0.000082 0.000604 0.001206 0.000215 
0.003132 0.001215 0.001529 0.001477 -0.000095 0.001741 -0.000356 0.000324 
-0.019304 -0.000319 -0.002745 -0.000925 -0.003176 0.000148 0.002539 -0.001569 
0.025447 -0.000425 -0.004097 0.001228 -0.001131 -0.001401 -0.000443 -0.001269 
-0.089999 -0.004855 -0.001395 0.002650 0.001850 -0.000931 -0.001418 -0.000054 
0.042483 -0.013816 0.000616 0.001672 0.001668 -0.000048 0.001274 -0.000207 
-0.153505 -0.015156 -0.001235 0.000520 -0.000297 -0.002195 -0.001552 0.000606 
0.053812 -0.025532 -0.005950 -0.001116 0.001782 0.000982 0.001618 -0.002453 
-0.206597 -0.022228 -0.001282 0.000586 -0.002101 -0.001028 -0.000483 -0.001670 
0.059990 -0.037765 -0.009500 -0.000361 -0.001510 -0.001941 -0.002089 -0.000571 
-0.237511 -0.031433 0.005567 0.000228 0.000104 0.000916 -0.000582 0.000918 
0.032766 -0.044508 -0.006935 0.000542 -0.000349 -0.000545 0.002932 0.001150 
-0.249214 -0.021191 0.002949 0.001362 0.000046 -0.000919 0.000751 -0.002714 
0.011681 -0.063469 -0.002475 0.003137 0.000133 -0.000575 0.002565 -0.001751 
-0.259804 -0.009544 0.012320 0.000767 -0.000248 0.000390 -0.000866 0.000190 
-0.002647 -0.040396 0.001644 -0.000760 -0.001349 0.000946 0.001379 -0.001811 
-0.220874 0.002247 0.006314 -0.005841 0.001492 0.004670 -0.000859 0.000602 
0.000500 -0.016689 0.004165 -0.001681 -0.000163 0.001059 0.005002 0.000096 
-0.144539 0.004325 0.002930 0.000870 -0.000207 -0.001097 -0.003502 0.001024 
-0.000381 -0.003361 0.001132 -0.000508 0.000732 -0.002261 0.001180 0.000166 
-0.068351 0.002724 -0.001891 -0.000022 -0.001471 0.000566 -0.000238 0.000363 
0.000178 -0.000908 0.000344 0.000011 0.000704 0.000786 -0.001188 0.000944 
0.011658 0.000828 -0.001805 -0.003133 0.001001 -0.001588 -0.000477 0.000252 
0.001447 -0.003126 -0.002842 -0.000131 -0.001259 -0.001159 -0.002744 0.003044 
0.075284 0.002291 -0.002057 -0.001614 0.001853 -0.003771 -0.002842 -0.000933 
0.000588 -0.009013 0.000811 0.007645 -0.000053 -0.005547 0.000468 -0.002481 
0.124124 0.001604 -0.004364 0.000266 0.004451 0.003551 -0.004912 -0.003702 
-0.001781 -0.019083 -0.001582 0.008245 -0.002446 -0.006409 0.001549 0.003981 
0.159690 -0.000526 -0.008701 -0.000006 0.006561 -0.000364 -0.007935 -0.008664 
0.004031 -0.015609 -0.002609 0.009055 0.002301 -0.009415 0.004101 0.004866 
0.175065 0.002199 -0.014250 -0.003959 0.010805 0.003900 -0.011191 -0.009160 
0.004997 -0.006831 0.002292 0.007539 -0.000017 -0.003418 0.002968 0.001628 
0.156331 0.001056 -0.012440 0.002714 0.002678 -0.001864 -0.014989 -0.018528 
-0.001326 0.017207 0.001596 0.003182 -0.000470 -0.003404 0.006244 -0.006704 
0.166570 0.000153 0.005631 -0.002689 0.010378 0.005240 -0.016562 -0.018961 
0.034164 -0.011379 0.000863 -0.000854 -0.000911 -0.000633 0.001349 -0.001426 
-0.098330 0.002028 0.002736 0.000436 -0.000810 -0.001525 0.000149 0.000688 
0.022066 -0.002174 -0.000871 0.001364 -0.001030 -0.001283 0.003028 0.001775 
-0.057866 0.003169 0.001735 -0.001414 0.000263 0.004040 0.001964 0.001826 
0.008349 -0.001432 0.001295 0.001970 0.000708 -0.000003 -0.000350 -0.000051 
-0.024567 0.003978 -0.001792 0.001771 -0.002380 -0.001607 -0.002234 0.001241 
-0.000307 -0.002568 -0.000033 -0.000863 -0.001582 -0.003795 0.000704 -0.003661 
0.005585 0.004938 -0.001216 -0.001493 0.002257 0.000272 -0.000999 0.001140 
-0.010118 0.001359 -0.002710 0.003121 -0.002055 -0.002150 -0.000523 -0.000524 
0.029861 0.003429 -0.000103 0.001022 0.001594 0.000295 -0.000713 0.001537 
-0.018880 -0.001655 -0.001001 0.000866 -0.001972 0.000354 0.000793 0.000544 
0.056956 0.003697 0.000047 -0.001721 -0.002328 0.000304 -0.000480 -0.000883 
-0.027788 -0.001385 -0.002888 0.002098 -0.000549 0.000428 0.001275 -0.000061 
0.076674 0.000050 -0.003244 0.001814 0.000040 0.004760 -0.001777 -0.001150 
-0.031553 -0.008048 0.000811 -0.002416 0.000377 0.000638 -0.000370 0.000509 
0.094727 -0.001839 0.001879 -0.001556 0.001032 0.000690 0.000605 -0.001689 
-0.040264 -0.007344 0.002350 0.001349 -0.005177 0.002750 -0.000690 -0.004249 
0.107451 -0.009065 -0.003538 0.005290 -0.002886 -0.000466 0.004178 -0.002117 
-0.023933 -0.009306 0.009355 0.005109 -0.008501 -0.001560 0.002096 -0.001419 
0.150625 -0.012998 0.001360 0.004265 0.004107 -0.004402 0.000850 0.002085 
0.044531 -0.004627 0.000204 -0.002098 -0.002544 -0.000717 -0.001306 0.004228 
-0.049291 -0.001837 0.000628 0.001646 -0.001955 0.000358 0.000121 -0.001187 
0.022691 -0.001890 0.000661 -0.000470 -0.003450 -0.002507 0.001838 -0.000251 
-0.027337 0.001512 0.001471 0.000017 0.002599 -0.001925 -0.001771 0.001291 
0.010612 -0.001428 -0.002438 0.000997 0.001734 0.002709 0.000046 -0.000536 
-0.010957 0.001247 0.002672 -0.000260 0.000389 0.000644 0.001562 0.001134 
-0.002258 0.001937 -0.003230 -0.002040 -0.001197 -0.001878 0.001264 -0.001410 
0.000812 0.002530 -0.000361 0.002193 -0.000231 0.003197 0.000941 -0.000012 
-0.013318 -0.001063 0.000015 0.001710 -0.002516 -0.001133 0.000524 -0.001128 
0.014111 0.004532 -0.000159 -0.003539 0.000396 0.001032 -0.003713 -0.000043 
-0.022642 0.000896 0.000281 -0.001207 0.001144 -0.003028 -0.000641 0.001555 
0.029122 0.003140 -0.001623 -0.002436 0.000715 0.001821 0.002823 -0.002513 
-0.033110 -0.000962 -0.000665 -0.000139 0.001270 0.000506 0.000877 0.000213 
0.034345 0.003075 0.002814 -0.002174 0.000015 -0.002523 0.000434 0.003085 
-0.039119 -0.000097 -0.000906 -0.000398 -0.001778 0.003709 0.001659 0.001100 
0.046146 0.000346 0.000541 0.000747 -0.001743 -0.000947 0.000189 0.003727 
-0.044289 0.000957 0.002376 -0.004685 0.001458 0.005576 -0.000857 0.000181 
0.065105 -0.003302 0.001416 0.003856 -0.003663 0.004058 0.003568 -0.002488 
-0.078421 0.009425 0.000308 -0.008527 0.007951 0.000858 -0.003794 0.009723 
0.066121 -0.015657 0.009558 0.003074 -0.005079 0.010640 -0.005994 -0.001229 
0.013660 -0.002921 0.001352 0.001919 -0.000934 0.000036 0.003446 0.001693 
-0.018383 -0.002514 0.001080 0.001820 -0.002661 -0.000505 -0.001339 0.002664 
0.009752 -0.001769 0.002020 0.000135 0.001966 -0.001869 0.001101 0.001208 
-0.012815 0.001214 -0.001244 -0.001656 0.002685 -0.000730 0.003602 -0.000379 
0.001915 -0.000315 0.000043 -0.001104 0.000948 0.000845 0.000790 -0.001293 
-0.005389 -0.000379 0.001238 0.000247 -0.000026 -0.000789 0.001202 0.000841 
0.000886 -0.002559 -0.001591 0.000071 0.001075 0.002090 0.001062 0.001443 
0.001234 -0.004048 0.001958 0.001363 -0.003262 0.002432 0.000220 -0.001470 
-0.004370 -0.000256 0.001774 -0.001155 -0.001023 -0.000965 0.000807 0.002241 
0.010694 -0.000509 -0.000906 -0.002591 -0.001078 -0.002043 0.000597 0.000167 
-0.009438 0.000066 0.000338 0.001035 -0.003585 0.000078 0.001446 -0.001323 
0.005804 0.000945 0.000832 0.001487 0.003751 -0.002814 0.000576 -0.000698 
-0.015239 0.003459 -0.001166 -0.002072 -0.000260 -0.002896 0.000798 -0.000062 
0.012965 0.003887 -0.000128 -0.001072 0.000364 0.001373 -0.000712 0.000442 
-0.016390 -0.000577 0.001893 -0.001333 0.002017 0.001454 -0.000938 0.001742 
0.022407 -0.000210 0.001890 -0.000361 0.002116 0.002376 0.001533 -0.000318 
-0.020708 0.002064 0.000678 0.000810 0.001959 0.000242 -0.003023 -0.001110 
0.024441 -0.002219 0.000593 0.002989 -0.001876 0.000768 0.000733 -0.001121 
-0.002381 -0.003169 0.002695 0.001737 0.003125 0.001997 0.000052 -0.001579 
0.056924 0.000393 -0.003717 -0.001947 -0.001075 0.002276 0.000985 -0.000290 
0.000875 -0.006340 -0.001892 0.001275 -0.001461 -0.001468 0.002439 0.001220 
-0.035869 -0.002240 -0.000988 0.001241 -0.002840 -0.000029 -0.000215 -0.000546 
0.000842 -0.002364 -0.000288 -0.000321 0.000940 -0.001822 0.000911 -0.000893 
-0.025204 -0.002391 0.003260 -0.002391 0.000661 -0.000995 0.002555 0.003807 
-0.001228 -0.000492 -0.000652 -0.000547 -0.002093 0.001575 -0.002107 -0.003636 
-0.010823 -0.002764 0.002540 -0.002657 0.001245 -0.001301 0.000076 -0.000839 
0.001391 0.002219 0.000335 0.001725 -0.000726 -0.002036 -0.002945 0.000877 
0.004776 -0.003411 0.002908 -0.000005 0.001442 0.001595 -0.002643 0.000216 
0.002160 0.003841 0.000802 -0.000320 -0.002507 -0.002881 -0.000999 -0.001876 
0.022667 -0.004566 0.000851 0.000539 0.000696 0.001521 -0.000507 0.000482 
0.000730 -0.000008 0.000518 0.000204 0.001704 0.001963 0.003148 0.002835 
0.032441 -0.003256 0.004300 -0.000662 0.001703 -0.000014 0.003223 0.002524 
0.002935 0.002295 0.001356 -0.002377 -0.001050 0.000008 0.001271 -0.001379 
0.043288 -0.000696 0.000777 -0.002423 0.002047 0.001137 0.001096 -0.001770 
-0.000662 0.002219 0.000420 -0.000897 -0.000546 0.003541 -0.000722 0.001831 
0.052654 -0.002220 0.001674 -0.000403 0.002951 0.001896 0.002224 -0.000207 
0.003986 0.000812 0.000140 -0.000133 0.000159 0.000223 -0.001331 0.000385 
0.039941 -0.005852 0.002560 0.000041 0.001630 0.002022 0.001415 0.001288 
-0.027733 -0.002159 -0.003029 -0.002993 -0.000953 0.007411 -0.003518 -0.000862 
0.033811 -0.007146 0.004138 -0.004210 0.002030 0.006867 0.000017 -0.001813 
0.051734 -0.017805 -0.001518 0.000597 0.001268 0.000445 -0.000015 -0.002727 
-0.178577 -0.008632 0.000887 0.002631 0.002945 0.001142 -0.000661 0.000735 
0.025369 -0.007475 0.001408 0.000993 0.000274 0.000148 0.000594 -0.003940 
-0.099563 0.000546 0.000640 0.001967 0.000172 0.001720 -0.000458 -0.000171 
0.008740 0.000210 -0.000233 -0.000208 0.001003 -0.000618 -0.001441 0.001713 
-0.043863 0.000444 0.000804 0.000886 -0.001823 0.001206 0.001728 0.001404 
-0.002441 0.000481 -0.002549 0.000388 0.002155 0.000428 -0.002478 0.002329 
0.011897 0.001125 0.003572 -0.002222 -0.000150 0.000708 0.000505 -0.002119 
-0.013915 -0.000541 -0.001742 -0.001457 0.001432 -0.000380 -0.001267 -0.002508 
0.067431 0.001664 -0.000162 0.000257 0.002665 0.000094 0.000153 -0.001472 
-0.027214 -0.006209 0.001334 0.000138 0.001639 -0.000996 0.001321 -0.000674 
0.112655 -0.000065 0.002871 -0.000779 -0.000757 0.000618 -0.001651 -0.002435 
-0.040184 -0.015346 -0.002622 0.001027 -0.000231 -0.001881 -0.001974 -0.000035 
0.156081 -0.004588 -0.000101 0.003280 0.000057 0.000258 -0.000147 0.001109 
-0.047155 -0.020210 0.001339 0.001376 0.002961 -0.000273 -0.001623 0.000395 
0.192898 -0.009388 -0.000161 -0.001624 -0.000908 0.002104 0.002805 0.000585 
-0.058335 -0.034029 0.002679 -0.000328 -0.002966 0.003130 -0.000607 0.002073 
0.213806 -0.014330 -0.004250 0.000205 -0.002750 0.002479 -0.002634 -0.001508 
-0.085314 -0.033570 0.007166 0.004558 -0.004571 -0.002214 0.003901 -0.001516 
0.271296 -0.030308 -0.002640 0.001614 0.003360 -0.004008 -0.000292 0.000735 
0.012744 -0.004767 -0.000729 -0.000878 0.000842 0.001033 -0.000850 0.001451 
-0.028896 -0.000613 -0.000904 0.000984 -0.000035 0.001161 -0.001677 0.000221 
0.008717 -0.001603 0.000852 -0.001674 -0.001240 0.002435 0.001258 0.002025 
-0.018842 0.003348 -0.004536 0.001700 -0.000669 0.000066 0.000338 -0.001621 
0.005217 -0.001631 0.000793 0.000123 -0.001640 0.000928 -0.002284 -0.001474 
-0.006625 0.001634 0.000610 -0.002680 -0.000515 0.003603 0.000563 -0.000364 
-0.000659 -0.000104 -0.000273 -0.000830 -0.001291 -0.000330 -0.000943 -0.000648 
0.001426 0.000396 -0.002896 -0.001227 -0.001143 0.000378 0.000526 -0.001190 
-0.005284 -0.001568 0.000031 0.000352 -0.000555 0.002198 -0.000114 -0.002959 
0.010533 -0.000237 -0.000513 0.001483 -0.000339 -0.000912 0.002966 0.001811 
-0.009835 -0.002110 0.000386 0.002586 -0.002533 0.003052 -0.000583 -0.000184 
0.018606 -0.001666 -0.001014 0.002312 -0.002926 0.003864 0.001706 -0.000417 
-0.010882 -0.006387 -0.001235 -0.003473 0.000585 0.005293 -0.001355 -0.004724 
0.019900 0.001108 0.000847 0.001479 -0.001818 0.000960 0.002906 -0.000393 
-0.014161 -0.001513 0.002521 -0.001223 -0.001301 0.006377 -0.002226 -0.003471 
0.025952 -0.000080 0.002263 -0.000719 -0.001839 0.002943 -0.000295 0.002448 
-0.004598 0.007167 -0.000524 -0.004970 -0.000932 0.002042 0.000439 0.000240 
0.032256 -0.000728 -0.003283 0.001451 -0.001750 0.000544 0.005056 -0.000017 
-0.006201 0.031383 -0.002309 -0.002361 0.003044 -0.000166 -0.005882 0.004293 
0.045340 -0.004677 0.012376 0.006611 -0.002486 0.011306 0.002755 -0.003388 
0.018573 -0.006574 -0.001427 -0.000083 -0.004546 -0.000588 -0.001132 0.000329 
-0.020669 -0.000185 -0.000700 -0.002604 -0.002306 -0.001124 0.001028 0.000014 
0.012925 0.001190 0.000579 -0.000572 0.000642 0.001355 0.003100 0.001544 
-0.010712 0.001533 -0.000064 0.002850 0.000649 -0.000181 0.000749 -0.000436 
0.002949 -0.001888 0.000231 -0.000881 -0.001428 0.002122 -0.001320 -0.000099 
-0.011088 0.003365 -0.000582 0.000044 -0.001490 -0.002106 0.001558 -0.000421 
-0.001139 -0.001669 -0.002252 0.000636 -0.002947 0.003536 0.001234 0.001193 
0.003217 0.003023 -0.001030 -0.001686 0.000846 -0.000401 0.000395 -0.001027 
-0.007238 -0.000358 0.002079 -0.001209 0.000017 0.002834 -0.000052 0.000440 
0.009932 0.001474 0.000983 0.002051 -0.003282 0.000361 0.002055 -0.000693 
-0.009982 0.000279 0.001429 -0.005404 -0.003402 0.003001 -0.003877 0.001836 
0.011922 0.001743 -0.000973 -0.001719 -0.003063 0.000488 0.000141 -0.001670 
-0.012226 0.003354 0.001139 -0.000576 0.003273 0.001700 -0.004742 0.000707 
0.017138 0.000925 0.003336 0.000468 -0.006221 0.005475 -0.001783 -0.001349 
-0.014297 0.001187 -0.000277 -0.000876 0.001208 0.004077 -0.005026 -0.003343 
0.023166 -0.003732 0.002410 0.002213 -0.003754 0.002838 0.002566 -0.002585 
-0.022843 0.010711 -0.001794 -0.005681 0.002904 0.002062 0.000768 -0.000704 
0.013072 -0.000152 0.005994 0.001547 -0.003915 0.004622 0.004024 0.000126 
-0.018602 0.029819 -0.007345 -0.007293 0.004000 0.000499 0.000065 0.002659 
0.029542 -0.005016 0.007852 0.000735 -0.001204 0.009087 0.000184 -0.002048 
0.022110 -0.007764 -0.001691 0.003461 0.002499 -0.000678 -0.001506 0.002036 
-0.016983 -0.000965 -0.003822 -0.001554 0.000305 0.001888 -0.000608 0.004086 
0.010746 -0.003525 0.001351 0.001501 0.000593 -0.002282 0.000452 0.000586 
-0.009079 0.001908 0.001050 -0.000702 -0.000607 -0.000302 0.001670 0.003624 
0.004215 0.001659 0.000728 -0.001844 -0.001150 -0.000298 -0.001137 -0.001097 
-0.000383 0.002446 -0.000430 -0.002322 -0.000288 0.001312 0.001031 0.002181 
-0.001142 -0.001224 0.001983 -0.002862 0.001812 0.001171 0.001417 -0.000609 
0.000547 0.003122 0.000468 -0.000258 -0.001936 0.001416 -0.002347 0.001057 
-0.006943 -0.002633 0.000401 -0.001365 0.003434 0.000142 0.001561 0.000744 
0.008378 0.004375 0.001993 -0.000393 -0.001092 0.001391 -0.000665 -0.000596 
-0.010274 0.000383 0.000443 0.002080 0.002944 0.001929 -0.002182 -0.001995 
0.011583 0.001557 -0.001136 -0.001925 0.001134 0.003769 0.001567 -0.000534 
-0.018028 0.000953 0.001164 -0.004457 0.001289 0.001783 -0.002212 0.002782 
0.010816 -0.000375 0.003099 0.004207 -0.004352 0.006563 -0.000818 -0.000194 
-0.018124 0.006110 -0.002167 -0.000762 0.001257 0.003398 -0.004374 0.001172 
0.010927 -0.001211 0.004368 -0.001074 -0.004252 0.002507 0.000004 -0.001705 
-0.010714 0.006857 0.001902 -0.002589 -0.000413 0.006868 0.001361 -0.001346 
0.016874 0.000039 0.003159 -0.000176 -0.007800 0.006606 0.003481 -0.002091 
-0.054849 0.035745 -0.011916 -0.005444 0.003982 0.002716 0.001475 0.010093 
0.002420 -0.002339 0.007989 -0.001761 0.002317 0.006875 -0.002274 0.000673 
0.020256 -0.007993 -0.000625 -0.002615 0.000437 -0.000243 0.002351 0.002209 
-0.013559 0.001160 -0.000466 -0.002473 0.000676 0.000910 -0.002487 -0.000956 
0.011690 -0.004225 -0.002118 0.001340 0.002298 -0.000499 0.000394 0.000233 
-0.009969 0.003510 0.001530 0.001309 -0.000455 -0.001076 -0.001341 0.005819 
0.005447 -0.000511 -0.001106 -0.000842 -0.000651 -0.000443 -0.001172 -0.002083 
-0.005004 0.003585 0.002404 0.000476 -0.000045 -0.000181 0.002860 0.000767 
0.000139 0.002050 -0.001326 -0.001128 -0.002698 -0.001842 0.000726 -0.002997 
-0.001288 0.001556 0.002440 0.001778 0.000089 0.001190 -0.000692 0.000736 
-0.007396 -0.002194 0.001933 0.002383 -0.000944 0.001311 0.000885 0.001282 
0.004482 0.000500 0.002537 -0.003542 -0.002006 0.002560 0.001404 -0.001301 
-0.014875 0.002079 -0.001238 -0.002962 -0.001096 0.002984 -0.001869 -0.001548 
0.010911 -0.002722 -0.002232 -0.001396 -0.002436 0.002579 0.002036 0.000618 
-0.015342 0.000629 -0.001848 -0.003116 -0.001292 -0.000713 -0.001132 0.002976 
0.012635 -0.000439 0.000232 0.000175 -0.002989 0.001275 0.002530 0.001412 
-0.011896 0.005266 -0.001068 -0.003544 0.004533 0.003025 0.003313 0.001981 
0.006394 0.003111 0.001859 -0.001601 -0.002671 0.004174 0.000628 0.000180 
-0.016615 0.007755 -0.002377 0.001201 0.005546 0.005086 -0.006382 -0.000139 
0.016100 0.001252 0.003826 -0.002223 -0.001863 -0.000251 0.001778 -0.000311 
-0.036325 0.018294 -0.007740 -0.006019 0.010801 -0.001671 -0.005036 0.005510 
0.004240 0.001091 0.009660 0.004021 -0.000729 0.001727 0.001952 -0.005526 
0.018308 -0.005637 -0.002162 -0.000841 -0.004073 -0.000537 0.001153 -0.000166 
-0.012395 0.006664 -0.001514 -0.002036 0.001728 0.000698 -0.002301 0.000987 
0.010832 -0.003216 -0.000024 0.000159 0.001669 -0.000504 -0.001280 0.001038 
-0.008154 0.003446 0.001663 -0.001836 0.000154 -0.001321 0.001101 0.000526 
0.004131 0.003189 0.000788 -0.001307 -0.003965 -0.002475 -0.000798 0.001093 
-0.002244 0.002795 0.001776 0.001978 0.001432 0.002217 0.000931 0.001216 
0.000711 -0.002420 -0.002572 -0.001870 -0.000165 0.001503 0.000372 -0.000804 
0.001050 0.002464 0.001831 -0.000438 -0.000088 -0.001421 -0.000784 0.003119 
-0.004539 -0.001128 0.000996 -0.001470 -0.000717 0.001304 -0.000337 -0.001225 
0.005579 0.003915 0.002335 -0.000245 -0.001961 0.001615 0.002385 -0.000660 
-0.009281 0.005249 -0.001788 0.000939 0.002042 0.000757 -0.001514 0.000959 
0.009679 0.000239 0.000469 -0.001735 -0.000897 0.001840 -0.001553 -0.001814 
-0.014271 -0.001505 0.002253 -0.002481 0.001788 -0.000684 -0.001419 0.000590 
0.012956 -0.000898 0.002090 0.001184 -0.000346 0.000410 0.001848 -0.001229 
-0.016272 0.005499 -0.000968 -0.000614 0.000908 0.004139 -0.002319 0.001674 
0.008576 0.001715 -0.000128 -0.000862 0.001308 0.000990 0.002242 0.002210 
-0.012399 0.007863 0.003935 -0.000039 0.001765 0.002989 0.000282 -0.001463 
0.014002 -0.002140 0.005995 0.000167 -0.000158 -0.000844 0.003120 0.002058 
-0.005431 0.014853 -0.007953 0.000892 0.000622 0.004377 0.002642 0.002248 
0.014018 0.001279 0.009422 0.005185 -0.008293 -0.001080 0.000843 -0.000119 
0.012036 -0.000886 -0.000290 0.001460 -0.002131 -0.001663 -0.001798 0.003253 
-0.007227 0.000928 0.001668 -0.001236 0.000963 0.002080 -0.000876 0.000686 
0.009033 -0.002538 0.003410 0.001225 0.000961 -0.003235 0.000862 -0.000514 
-0.001426 0.002002 0.001314 -0.000294 -0.000381 0.000577 0.001811 -0.002183 
0.001604 0.002805 0.003177 0.000356 0.001570 0.001528 0.000021 0.001407 
-0.002282 0.000069 -0.000301 -0.001630 0.000924 0.000103 -0.001145 -0.001772 
-0.002590 -0.000017 0.000195 -0.001217 0.000517 -0.000221 -0.000973 0.000370 
0.001023 -0.000182 -0.000606 0.000965 -0.002192 -0.002174 0.002924 0.000949 
-0.004063 -0.000911 -0.000340 -0.002368 0.002140 0.000545 0.000566 -0.001707 
0.007060 0.000224 0.002303 0.000689 -0.002246 -0.000774 0.000596 -0.002090 
-0.008285 0.001381 -0.002512 -0.001962 0.002417 0.002076 0.002965 -0.000926 
-0.001179 -0.001097 0.000519 -0.000827 0.002914 0.000443 -0.000773 0.001214 
-0.011249 0.002905 -0.001085 -0.003042 -0.000344 -0.000475 0.000475 0.001886 
0.007551 0.002567 0.001230 0.000090 0.000450 -0.001136 0.000678 0.002063 
-0.010996 0.001898 0.000868 0.000183 0.002922 -0.001147 0.002587 -0.000047 
0.005825 -0.000881 0.005866 -0.005147 -0.001487 0.002078 0.002039 0.000599 
-0.009460 0.000898 0.001691 -0.002664 0.003466 -0.002399 0.002143 0.000082 
0.001384 -0.003449 0.002073 -0.002580 -0.000953 0.000334 0.004096 0.001193 
-0.021505 0.024061 0.000349 0.006137 0.002067 0.003782 0.002164 0.003318 
0.027358 -0.003318 0.010408 0.002778 -0.003415 0.000269 0.003997 0.005202 
0.009148 -0.003248 -0.004465 0.000992 0.001254 0.001628 -0.000065 -0.000885 
-0.006879 -0.001832 -0.000156 -0.001918 0.002029 0.001033 0.001540 0.001647 
0.003863 -0.002022 0.001173 0.004254 -0.000221 0.002238 -0.002259 0.002822 
-0.005159 -0.001808 -0.001076 0.003810 -0.000603 -0.000573 0.003740 0.000225 
0.001696 -0.001958 0.000799 0.001780 0.004030 -0.000575 0.000745 0.000182 
-0.003296 0.000802 -0.001928 -0.001047 -0.001012 0.001299 0.001652 0.001584 
-0.000564 -0.000971 0.002251 -0.000465 0.002298 0.000566 -0.000683 0.000155 
0.001766 -0.001946 -0.003733 0.002139 -0.000995 -0.000367 0.002175 -0.001178 
-0.002449 0.001028 0.000331 0.000418 0.001419 -0.000107 0.000931 -0.000965 
0.002016 0.001766 0.001843 -0.001307 -0.000061 -0.000338 -0.000001 -0.000524 
-0.005016 0.002508 0.000989 0.001600 -0.000862 0.000836 0.001973 0.000992 
0.005339 -0.002477 -0.004054 -0.000398 -0.000951 -0.002365 -0.000893 0.000251 
-0.007681 0.001326 -0.000060 0.001174 -0.003192 0.002586 -0.001849 -0.000593 
0.001350 -0.000283 0.001648 -0.003372 -0.000858 0.000850 0.002510 -0.001011 
-0.010283 -0.000894 0.002764 -0.002978 0.002341 0.000341 0.001147 0.003464 
0.004944 0.001143 0.005253 0.001557 -0.003692 -0.000688 -0.001617 -0.004547 
-0.009957 0.004849 0.002395 -0.005293 0.003432 -0.004105 0.000430 0.000611 
0.006741 -0.005831 0.004439 0.003742 0.001761 0.002511 -0.002934 0.000247 
0.006387 -0.028619 0.001953 -0.004315 0.003999 0.004510 0.002417 0.003490 
0.014825 0.003298 -0.002137 -0.006247 -0.005478 0.007447 0.004424 0.004243 
0.006643 0.001049 -0.001776 0.001820 -0.001389 0.001080 -0.000292 -0.000137 
-0.006245 -0.002176 -0.000532 -0.001461 -0.001031 0.001797 -0.003735 -0.000404 
0.003703 0.000655 0.000757 -0.001814 0.001693 -0.000356 0.001187 0.000651 
-0.005655 -0.000920 -0.000014 -0.000139 -0.000018 0.000351 -0.001571 -0.001024 
0.003441 -0.000146 0.000253 0.001399 -0.000145 0.000724 0.001305 -0.000273 
-0.002375 0.000150 0.001703 -0.001800 0.000635 0.000552 0.001065 0.000543 
0.000991 -0.001781 -0.003140 0.002283 -0.001210 -0.000474 -0.000058 -0.001408 
0.001247 -0.001222 -0.000948 -0.001805 -0.000130 0.000427 -0.001929 0.001732 
-0.004089 -0.000837 0.000795 0.000155 0.004101 0.000824 -0.002730 0.000835 
0.006166 0.002848 -0.002089 0.002542 -0.001610 -0.000971 0.000101 0.002476 
-0.004025 -0.001559 0.002020 -0.000436 0.001448 0.001729 0.000270 0.001696 
0.005268 -0.001265 -0.001051 0.000822 -0.004052 0.003070 0.001542 0.002062 
-0.008514 0.001614 -0.001160 -0.000404 -0.000178 0.002694 -0.002304 -0.000859 
0.005227 -0.000355 -0.001859 -0.002562 -0.004619 0.001898 0.001398 -0.002035 
-0.006994 -0.003281 -0.000312 -0.001281 0.002411 0.002485 -0.001359 0.001082 
0.008154 -0.001229 -0.003028 -0.001643 -0.003713 0.005823 0.001549 0.001171 
-0.004749 0.000007 0.001924 -0.001294 0.002625 0.000634 -0.001776 -0.004920 
0.007095 -0.005344 -0.001254 -0.001990 -0.005815 0.004835 0.000011 -0.004533 
-0.003574 -0.000173 -0.002860 -0.002302 0.002457 0.004152 0.001815 -0.006984 
0.017874 -0.002725 0.006953 -0.003646 -0.002261 0.001596 0.003790 0.002057 
0.000247 -0.000983 -0.001279 -0.000369 0.000988 -0.000076 0.002676 0.000134 
-0.009412 -0.000630 -0.001473 -0.000608 0.001551 -0.002599 0.001819 -0.002915 
0.001271 -0.001849 -0.001541 -0.000956 0.002629 0.001115 -0.001199 0.001848 
-0.007981 -0.005565 0.001215 -0.001415 -0.000950 0.002065 -0.000735 -0.001557 
0.000568 -0.000930 0.000067 -0.000528 0.000395 0.000231 0.001926 0.000812 
-0.003991 -0.001838 0.000482 -0.001130 0.000366 -0.000216 0.000562 -0.000909 
-0.002443 -0.000065 0.000487 0.000093 0.000000 0.000397 -0.000670 -0.001861 
0.000850 0.000716 0.001552 -0.000317 0.002684 -0.000899 0.001383 0.003313 
-0.000941 0.003902 -0.002571 0.002998 0.000946 0.004057 -0.000041 -0.002186 
0.009481 -0.003542 -0.000159 -0.001171 -0.000416 -0.001044 0.002768 -0.001860 
-0.002558 -0.000067 0.000042 -0.001757 0.004025 -0.000832 -0.002323 -0.000361 
0.003575 -0.001925 0.002523 -0.000490 0.003616 0.002512 -0.002910 -0.000274 
-0.005817 0.000117 0.001549 -0.000327 0.002463 0.001912 -0.001294 -0.001818 
0.012131 -0.001817 0.001727 0.000661 -0.000891 0.005707 0.002747 -0.002229 
0.002125 0.003444 0.002621 0.001739 0.003783 0.001927 0.001081 -0.000460 
0.012382 -0.002161 0.001388 0.000712 -0.002195 0.002321 0.001170 -0.003972 
-0.003192 0.004248 0.000125 -0.002128 0.004151 -0.000674 -0.003246 -0.002663 
0.008842 -0.003815 0.005092 -0.002329 -0.004710 -0.000767 -0.002515 0.003323 
0.017699 -0.018680 -0.005094 0.001395 0.005812 0.000163 -0.001538 -0.002701 
0.006378 -0.003281 0.001910 -0.005771 -0.004811 0.002414 0.002758 -0.009508 
0.002018 -0.003461 0.001661 0.001329 0.000345 -0.000910 -0.000269 0.001231 
-0.005461 0.001132 -0.001707 0.000104 -0.000949 -0.000445 0.003362 -0.002336 
0.001562 -0.001134 0.000907 -0.000914 0.000823 0.000996 0.002359 0.003056 
-0.004669 0.003878 0.000637 0.002300 0.000706 0.000426 -0.006471 0.001486 
-0.002947 -0.000521 0.002001 0.000583 0.004541 0.003130 0.000863 -0.002271 
-0.003788 0.001497 -0.000075 -0.000754 -0.002636 0.000385 0.000658 0.000710 
0.001582 -0.001314 0.001179 0.000963 -0.000497 -0.000764 0.001770 -0.001120 
0.001837 -0.000034 0.000886 -0.000149 -0.000892 0.002263 -0.000271 0.001356 
-0.001218 0.000917 -0.000233 0.000316 -0.001043 -0.000199 -0.000695 0.001126 
0.003705 0.000379 -0.000425 -0.001498 -0.002373 -0.001804 0.003129 0.000006 
-0.001754 0.001801 -0.002477 -0.005272 0.002218 -0.001787 -0.000435 -0.002062 
0.002197 0.000555 0.002173 -0.001146 0.001018 -0.000701 0.000550 -0.001534 
-0.001842 0.000885 -0.001907 -0.003161 0.002455 0.000902 -0.003919 0.000729 
0.004032 0.000129 0.002707 0.001522 -0.001077 0.000343 -0.000245 0.000070 
0.002532 -0.001014 -0.002146 -0.001502 0.001386 0.003811 -0.002017 -0.000950 
0.008165 0.003241 -0.001212 -0.000725 0.001250 0.002994 0.003833 -0.002886 
0.001462 -0.001030 -0.006484 -0.000957 0.005249 -0.001319 -0.000435 0.000192 
0.003705 -0.001538 -0.001027 0.000623 0.002439 0.003810 0.003893 -0.004430 
0.007993 0.014169 -0.005466 -0.001148 0.002551 0.010934 0.000579 -0.001233 
0.000903 0.006324 0.000782 -0.006146 -0.005333 0.000679 0.001053 0.001352 
-0.000614 -0.004659 -0.000470 -0.001088 -0.000454 0.000726 -0.000258 -0.002693 
-0.011220 -0.000167 -0.001373 -0.001334 0.000569 -0.000451 -0.001393 0.001704 
-0.000610 -0.000389 0.000007 0.000713 0.003854 -0.000676 -0.001215 -0.001600 
-0.006125 -0.000886 0.000507 -0.000996 0.000351 0.000222 0.000893 0.002423 
0.001398 -0.000262 -0.000434 0.001257 0.000477 0.002070 -0.000093 0.000630 
-0.000241 -0.000386 0.001866 0.000661 -0.000852 0.000609 0.001576 -0.000790 
0.000468 0.001381 0.003060 0.001225 -0.000528 -0.000473 0.000116 0.000793 
-0.000294 -0.000953 0.002807 -0.000975 -0.001665 0.001598 0.003152 -0.002819 
-0.001521 -0.001476 0.001945 -0.001434 -0.000219 -0.001166 -0.000939 -0.002027 
0.004461 0.000343 -0.000989 0.000662 -0.001160 -0.001342 0.000579 0.000497 
-0.001256 0.000544 -0.002151 0.001021 0.001599 -0.002153 0.003614 -0.002259 
0.006712 -0.001477 -0.001803 -0.001025 0.001095 0.000714 0.001185 0.002296 
0.002625 -0.000315 -0.002908 -0.001126 0.001547 -0.000669 -0.000785 0.001749 
0.006803 0.002271 0.000786 -0.000665 -0.001011 0.002734 0.000819 -0.003244 
-0.001107 0.001466 -0.002062 0.002403 0.003021 0.004355 -0.002519 0.000576 
0.008399 0.000691 0.000192 -0.000421 -0.000073 0.000799 0.002984 -0.001859 
0.009514 -0.006650 -0.002881 0.000060 0.005216 0.000028 -0.001303 -0.003392 
0.005243 -0.002855 0.004014 0.001980 -0.005451 -0.002672 -0.001008 -0.003662 
-0.021380 0.017562 -0.000143 -0.006973 0.007971 0.008977 -0.003185 0.004420 
0.035144 0.004414 0.000388 -0.003746 -0.008060 0.000772 0.003608 -0.008675 
-0.000637 -0.006409 0.000816 -0.003038 -0.001321 -0.000609 0.002213 -0.001187 
-0.023469 0.000741 -0.001053 0.001013 0.001399 0.001141 -0.000816 0.001329 
0.001687 -0.001015 -0.001216 -0.000594 0.000750 0.001761 0.002856 -0.000301 
-0.013165 -0.000763 -0.000373 -0.001719 0.002971 -0.000852 0.001468 0.000591 
-0.002301 0.000728 0.003997 0.000680 0.000414 0.000887 0.001630 0.000681 
-0.004565 -0.000994 -0.001230 -0.001682 -0.001762 0.000327 -0.001310 -0.001573 
-0.001985 0.000657 -0.001099 -0.002188 -0.000714 -0.001803 -0.000763 -0.001111 
0.002134 -0.000060 0.000628 -0.001475 -0.000693 0.002303 -0.000125 -0.003269 
-0.001420 0.003685 0.000738 -0.001942 0.000044 0.000089 0.001436 -0.000956 
0.010919 -0.004125 0.002417 0.000342 0.003198 0.000622 0.000026 -0.002231 
-0.001312 0.004726 -0.001979 -0.001264 0.001656 0.002567 0.000139 -0.000147 
0.015619 -0.004277 0.002927 -0.000997 -0.000199 -0.001302 -0.001539 -0.000124 
0.001336 0.005584 0.001143 -0.004007 0.004365 0.003864 -0.001802 -0.001113 
0.020317 -0.004447 -0.001595 -0.003544 -0.004010 0.005215 0.000846 -0.001667 
0.002033 0.006880 -0.002759 -0.002731 -0.001244 0.001811 -0.001146 -0.002583 
0.025951 -0.004823 0.001580 0.000807 0.000649 0.009211 -0.000722 -0.002953 
0.003341 0.000289 -0.003181 -0.007648 -0.000191 0.001456 0.005225 -0.002654 
0.023744 -0.010373 -0.000633 0.000554 0.001435 0.007535 0.001236 -0.002079 
0.006294 0.030940 -0.009283 -0.003862 0.000337 0.009032 -0.005084 0.000570 
0.018185 -0.008516 -0.007640 0.001105 -0.008596 0.009708 -0.004688 0.005373 
-0.004655 -0.006040 0.002081 0.001248 0.000843 0.002001 -0.002896 -0.000804 
-0.030149 -0.002135 0.004385 -0.003657 0.003030 0.001581 0.000435 0.001606 
-0.001974 -0.007594 0.005317 -0.003118 -0.003742 0.002406 0.000451 0.001935 
-0.019576 -0.001990 0.001835 -0.005899 0.000177 0.002058 0.000645 -0.000406 
-0.001453 -0.001385 0.001980 -0.003740 -0.003297 0.000804 -0.000779 0.000535 
-0.009610 -0.004473 0.002915 -0.003985 -0.001777 0.001150 0.000648 0.000879 
-0.000051 -0.001892 0.004057 -0.002641 -0.001323 0.002957 -0.001928 -0.002316 
0.003039 -0.005215 -0.001704 -0.004759 0.000122 0.000979 -0.001397 -0.001415 
0.002759 0.003161 0.001289 0.000239 -0.004387 0.002381 0.000539 0.001982 
0.017299 -0.001417 0.000950 -0.011459 0.000439 0.002562 0.001950 0.000592 
0.006615 0.006691 0.001422 -0.000447 -0.004798 0.009209 -0.004807 0.000969 
0.022880 -0.001143 0.002269 -0.008802 0.005536 0.000388 0.006965 -0.000078 
0.005077 0.006663 0.005018 -0.003814 -0.007320 0.007291 -0.002917 0.000508 
0.034684 -0.006264 0.001115 -0.014298 0.005351 -0.001440 0.001381 -0.001793 
0.009684 0.010384 -0.000425 0.000997 -0.004541 0.006560 -0.003529 0.002387 
0.039829 -0.008783 0.007550 -0.014298 0.008916 0.002118 0.003039 -0.001037 
0.015494 0.014768 0.005476 0.000538 -0.012977 0.008311 -0.006994 -0.000036 
0.041206 -0.006046 0.003950 -0.015289 0.004902 0.001408 0.005358 -0.003318 
0.029758 -0.007495 0.002129 -0.000029 -0.013380 0.007128 -0.002451 0.000025 
0.023893 -0.010599 0.011529 -0.018590 0.004345 0.003293 0.006053 -0.007547 
-0.009481 -0.011778 0.001775 0.001761 -0.000877 0.000178 0.002557 0.001238 
-0.054033 0.000614 0.004729 -0.003670 -0.000241 0.005085 0.000661 -0.000712 
-0.003000 -0.005483 -0.001663 0.004769 -0.002724 0.004559 0.002521 0.002708 
-0.031786 0.000058 0.006495 -0.003987 0.003082 0.006462 -0.000761 0.001893 
-0.005127 -0.003701 0.001041 0.003864 -0.007394 0.004213 0.002312 0.002293 
-0.012410 -0.000741 0.008073 -0.004377 0.002916 0.006897 -0.000014 -0.001229 
0.002172 -0.004096 0.000990 0.002213 -0.005719 0.005422 0.000999 0.002530 
0.005578 -0.002700 0.008169 -0.002243 0.002343 0.007398 -0.002740 0.000784 
0.003784 -0.002625 -0.000492 0.004169 -0.008147 0.007177 0.002024 0.002044 
0.028546 -0.002413 0.008546 -0.007802 0.007683 0.007023 0.002361 -0.001131 
0.004415 -0.000134 0.000451 0.001452 -0.011574 0.011181 0.000494 0.007015 
0.041590 -0.001480 0.015519 -0.004852 0.012381 0.011743 0.001113 -0.004588 
0.010697 -0.001660 -0.005074 0.000610 -0.011302 0.013468 0.001835 0.009366 
0.055369 -0.003412 0.020530 -0.009913 0.014807 0.011489 0.007960 -0.000427 
0.005192 0.001033 0.000652 -0.008957 -0.016386 0.015346 -0.000473 0.007270 
0.074150 -0.004246 0.023085 -0.010691 0.017452 0.016601 0.004691 -0.003303 
0.008909 -0.004347 0.000086 -0.004992 -0.018033 0.019579 0.004774 -0.000018 
0.072315 -0.010331 0.025473 -0.013094 0.016913 0.017392 0.005946 0.005369 
-0.008143 0.028178 0.005604 -0.000594 -0.008160 0.028906 -0.000036 0.003106 
0.049178 -0.002299 0.036435 -0.017924 0.027291 0.019937 -0.000063 0.007983 
0.005027 0.005639 0.019126 0.001550 -0.000667 0.005909 0.013184 0.000962 
-0.025770 -0.041431 0.020682 -0.012450 0.022805 0.017052 -0.001629 -0.001245 
0.008013 0.008544 0.016618 -0.002740 0.000867 0.009920 0.019795 0.011572 
-0.007926 -0.039139 0.018456 -0.009633 0.024667 0.015038 0.003062 -0.007603 
0.009439 0.000705 0.013817 -0.001899 0.003430 0.002435 0.013464 0.011176 
0.013030 -0.041487 0.025652 -0.008617 0.027400 0.019148 0.002984 -0.003902 
0.016006 0.002308 0.022268 -0.014253 0.004745 0.005004 0.018244 0.013725 
0.030635 -0.044658 0.026148 -0.007144 0.033420 0.022017 0.003510 -0.002355 
0.016831 0.000532 0.016554 -0.012019 0.005924 0.002491 0.015719 0.010299 
0.049582 -0.048708 0.042011 -0.009351 0.035976 0.030139 -0.000063 -0.004012 
0.012445 -0.005438 0.019359 -0.016728 0.007348 -0.004889 0.013847 0.017591 
0.065723 -0.045379 0.039907 -0.004994 0.039667 0.031514 0.005291 -0.002639 
0.013925 -0.005793 0.026461 -0.014091 0.003226 0.001587 0.014497 0.019041 
0.080388 -0.038878 0.044876 -0.003742 0.041783 0.024343 0.002714 -0.000390 
0.017741 -0.010245 0.021089 -0.021211 0.001603 -0.005499 0.012913 0.021391 
0.091585 -0.046853 0.046774 -0.006635 0.048878 0.029252 0.007187 0.000880 
0.024489 -0.002167 0.026005 -0.032821 0.011505 -0.000020 0.011388 0.016983 
0.082588 -0.046276 0.055697 -0.002148 0.037199 0.037099 0.013033 -0.007345 
0.023333 -0.000381 0.033540 -0.030728 0.010770 -0.011388 0.009348 0.023069 
0.106636 -0.035739 0.056881 0.000883 0.042823 0.042156 0.016000 -0.003333 
-0.034282 0.002359 -0.001552 0.000060 -0.001346 -0.000700 0.000705 -0.000277 
0.019214 0.001181 -0.002719 0.001162 -0.001187 -0.001495 0.000412 0.002008 
-0.036931 0.000486 -0.000607 -0.000696 0.000934 0.003489 0.001763 0.001121 
0.018192 -0.000492 -0.000505 0.000915 0.001244 -0.000515 -0.002055 -0.002834 
-0.013545 0.000402 0.000504 0.001781 0.002157 -0.001738 -0.000620 0.000380 
0.009527 -0.001538 -0.000436 0.002097 -0.001966 -0.000406 -0.001342 -0.000119 
0.004756 -0.000285 -0.001022 -0.001217 0.000954 -0.001617 -0.000715 -0.001278 
-0.002008 0.001803 0.002768 0.000599 -0.000496 -0.000240 -0.000739 0.001686 
0.020370 -0.000628 -0.000321 0.002729 -0.000964 0.002738 0.001888 -0.002391 
-0.007228 0.000066 0.001952 -0.000224 0.000233 0.000573 0.000941 -0.001351 
0.039138 0.003213 -0.001801 -0.002072 0.000565 -0.003463 0.001591 -0.000761 
-0.015329 -0.001291 -0.002915 0.000298 -0.000083 0.001756 0.002637 0.002695 
0.045281 0.005876 0.001903 0.001348 -0.002177 -0.000887 0.002289 0.001828 
-0.018344 -0.002058 -0.000004 -0.000350 -0.000622 0.001034 -0.000459 0.003061 
0.049180 -0.002414 -0.000545 0.000239 -0.003493 0.000290 0.001309 -0.000144 
-0.017557 0.002521 0.000254 -0.003003 -0.001982 0.000738 0.000326 0.001605 
0.044547 0.005451 -0.000051 0.001259 0.000988 0.000775 -0.000320 -0.004223 
-0.018103 -0.002767 -0.001050 0.001159 0.001220 -0.000262 0.000624 0.000514 
0.016774 -0.003720 0.002022 -0.001298 -0.000285 0.003643 0.001755 0.001610 
-0.041107 -0.001352 0.001257 -0.000403 -0.000213 -0.004210 0.003791 -0.000781 
-0.016806 -0.002407 -0.000807 0.001871 0.002699 0.001466 0.002283 0.000045 
-0.006644 0.002129 0.000455 0.000097 0.001283 0.001083 0.000968 -0.000680 
-0.012517 -0.002124 0.001227 -0.000457 -0.002546 0.001088 -0.000923 -0.003051 
-0.003919 0.004055 -0.003545 0.001782 -0.000278 -0.000470 -0.002536 -0.000162 
-0.001714 -0.001212 -0.000690 -0.004115 0.002248 0.000648 0.003549 0.000871 
-0.001642 0.002740 0.000197 -0.000999 0.000935 0.000917 0.000536 0.002723 
-0.002631 0.000561 0.004576 0.001086 0.000631 0.003984 0.003101 0.001499 
-0.002608 0.004158 -0.005040 0.001900 0.003014 0.000154 0.004428 0.002579 
0.001682 0.004068 0.002323 -0.000702 0.005402 0.004137 0.006084 0.001126 
0.000665 0.005033 0.000611 0.000685 -0.000024 -0.001360 -0.002750 0.000554 
0.006231 0.002490 0.002655 -0.005105 0.004424 0.002511 0.004868 0.000806 
0.002818 0.004509 -0.000976 0.000236 -0.001745 0.000150 -0.001160 0.005257 
0.009466 0.000785 0.002566 -0.001569 0.000414 0.002476 0.009138 0.001543 
0.006897 0.002317 -0.004250 0.000282 0.001247 0.001732 -0.004711 0.003086 
0.011349 0.000948 0.002267 -0.003227 0.003864 0.007733 0.011437 0.001593 
0.005022 0.004298 -0.002939 0.001171 0.001529 0.001719 -0.003439 0.003787 
0.019267 -0.006832 0.007934 -0.006563 0.007488 0.007717 0.012134 -0.001338 
0.007085 0.004818 0.000311 -0.003267 0.004146 0.005197 -0.002299 0.000097 
0.025758 0.017539 0.011313 -0.013884 0.011034 0.017739 0.021246 0.010656 
-0.005762 0.001293 0.002799 -0.004969 0.006557 -0.001832 -0.008449 0.001151 
-0.037658 0.001368 -0.002278 -0.000481 -0.000701 -0.002593 0.001232 -0.000615 
0.017775 0.000902 -0.003804 0.000313 -0.001113 -0.000857 -0.001192 0.001826 
-0.038862 -0.000713 -0.000356 -0.000121 0.000217 0.003611 0.001369 -0.000819 
0.017711 0.000106 -0.000352 0.001093 0.001700 0.000468 -0.001264 -0.004527 
-0.013540 0.000531 -0.000159 0.001492 0.003032 -0.000447 -0.000318 0.000292 
0.008896 -0.001058 -0.000283 0.002038 -0.001724 0.000359 -0.001520 0.001130 
0.004521 -0.000338 -0.000460 -0.001743 0.000994 -0.001140 -0.001288 0.001362 
-0.001945 0.000349 0.002243 -0.000253 -0.001213 -0.001057 -0.001417 0.000150 
0.020527 -0.001349 -0.000758 0.001744 -0.001859 0.001651 -0.001117 -0.002026 
-0.006921 -0.000307 0.002465 -0.001484 -0.001089 0.001470 0.001912 0.001275 
0.041262 0.003632 -0.003027 -0.002493 0.000495 -0.003494 0.002509 -0.001244 
-0.014507 -0.000799 -0.003167 -0.000381 -0.001470 0.001597 -0.000763 -0.000428 
0.047549 0.006673 0.002525 0.001802 -0.001428 -0.001172 0.003135 0.001118 
-0.016164 -0.001696 0.001153 0.000259 -0.000067 0.001360 -0.000188 0.001982 
0.051692 -0.001810 -0.000304 0.001534 -0.003716 0.000091 0.001731 0.001475 
-0.016633 0.002395 0.000644 -0.003299 -0.002115 0.000305 0.000828 0.000868 
0.049500 0.004586 0.000140 0.001880 -0.000450 0.000484 -0.001581 -0.004406 
-0.016484 -0.002208 -0.000901 0.000933 0.000559 -0.001627 -0.002492 0.000845 
0.022155 -0.008532 0.002210 -0.000369 -0.000235 0.003086 0.001872 0.003439 
-0.041430 -0.000881 -0.000263 0.000086 0.000118 -0.004238 0.003374 0.000384 
0.022622 0.001219 0.000466 0.002084 -0.000232 -0.000209 0.002562 -0.000604 
0.003619 -0.001468 -0.000762 0.000523 0.000739 -0.001639 0.002387 0.001779 
0.017392 0.001409 0.002246 0.000634 -0.001549 0.002600 -0.001347 0.004122 
0.004331 0.000899 0.002435 0.000501 -0.003245 0.000005 -0.002281 0.000513 
0.007764 -0.001452 0.001370 -0.001409 0.001134 -0.000170 0.001584 0.000636 
-0.000340 -0.002605 0.000331 -0.001858 0.002371 -0.001859 0.001225 0.000276 
-0.001689 0.000479 -0.001449 0.000820 -0.001005 -0.000781 0.000716 -0.001079 
0.000935 -0.002678 -0.000869 0.000419 0.001096 -0.002141 -0.000114 0.001117 
-0.009900 0.000314 -0.002065 -0.000690 -0.002793 -0.001467 0.000184 -0.001149 
0.000697 -0.001370 0.004047 0.001689 0.000308 -0.005032 -0.000659 -0.000640 
-0.012531 -0.000245 0.000270 -0.000915 0.000310 -0.004366 -0.000612 0.000254 
-0.001586 -0.004158 0.002459 0.000021 -0.000216 -0.013829 -0.002883 0.000757 
-0.022467 0.001967 -0.001773 -0.000278 -0.001448 -0.010866 -0.001180 -0.000958 
0.001142 0.000041 0.001165 0.000801 -0.002375 -0.023496 -0.000707 0.000928 
-0.023849 0.002276 -0.003642 0.003424 -0.000498 -0.015986 0.001634 -0.000861 
-0.002691 -0.000890 -0.000353 -0.001003 0.001045 -0.034762 0.001813 0.005797 
-0.016093 -0.006278 -0.003616 -0.004902 -0.001064 -0.026066 -0.001632 -0.002263 
-0.016212 0.002148 0.001940 0.006093 0.007007 -0.045342 0.003323 -0.001233 
-0.009243 -0.002243 0.001983 -0.001848 -0.003093 -0.041768 0.003605 0.000164 
-0.010834 -0.001039 0.002352 -0.001468 0.000189 -0.059190 0.008158 0.002535 
0.016675 -0.000423 -0.000477 -0.000066 -0.002840 0.001722 0.000089 -0.002278 
0.023950 -0.005133 -0.000422 -0.000005 0.002692 -0.002045 -0.000005 0.000435 
0.012508 -0.001236 0.000961 0.002885 0.003145 -0.001369 -0.000198 0.001762 
0.009787 -0.004769 0.000353 0.002400 0.001047 0.003292 -0.004476 0.000309 
0.004978 0.001897 0.000911 0.001820 0.002133 0.000287 0.003002 -0.000217 
0.004486 -0.004549 -0.000193 -0.001343 0.001409 0.001493 0.001747 -0.001407 
-0.003166 -0.002435 0.001007 0.001199 -0.003930 0.003017 -0.000107 0.001376 
0.000259 -0.006302 0.003303 0.000314 -0.000849 -0.000633 0.000610 0.001155 
-0.005909 -0.001041 0.002261 0.002960 -0.000111 -0.000130 -0.001580 0.002200 
-0.007653 -0.002062 0.000533 -0.002238 0.002044 0.000489 0.000416 -0.001508 
-0.013320 -0.001111 0.002257 0.001821 0.000848 0.002581 -0.001762 0.001412 
-0.012237 -0.003426 -0.000652 0.000031 -0.000419 0.002521 -0.002426 0.001883 
-0.015407 -0.000736 -0.002327 -0.002017 -0.001179 -0.000841 0.001206 -0.001341 
-0.018733 -0.000234 -0.000104 -0.001740 0.000538 0.000978 -0.002243 0.000369 
-0.019201 -0.003618 0.004430 -0.001859 -0.000110 0.002000 -0.001208 -0.002006 
-0.022336 -0.003356 0.001290 0.000718 -0.002864 0.000268 0.000194 0.001968 
-0.022154 -0.002612 0.003827 -0.003557 -0.002365 0.000377 -0.002512 0.000627 
-0.034273 0.001090 0.003400 -0.002200 0.002098 -0.002658 0.003753 -0.001142 
0.023618 0.008302 0.004815 0.004984 -0.007348 -0.005058 -0.001765 0.002270 
-0.097049 -0.004810 0.004829 -0.002825 -0.004054 -0.007217 0.007121 -0.000731 
-0.033767 0.000204 -0.001223 0.003513 0.001755 -0.000031 -0.004447 0.002986 
0.024312 -0.000911 -0.000492 0.000284 0.001536 0.001616 0.001317 -0.000314 
-0.012351 0.002509 0.003640 0.001052 0.000642 0.000817 0.001839 0.001242 
0.013151 0.000697 0.001014 -0.001461 -0.002059 -0.000911 0.000905 -0.000242 
-0.005930 0.001290 0.000309 -0.000370 -0.000271 -0.000181 0.000189 -0.001287 
0.005488 0.000507 0.001003 -0.001446 -0.000347 0.001569 -0.000419 0.000172 
0.001376 0.001225 -0.002234 0.000830 0.001124 -0.001496 -0.000125 -0.000523 
0.000561 -0.001382 0.002420 -0.002249 -0.001287 0.000330 -0.002384 -0.000661 
0.005820 0.002794 -0.001556 0.000071 -0.000614 -0.000900 -0.001039 -0.001036 
-0.006683 -0.002918 0.001066 -0.001757 -0.002923 0.000382 -0.000983 -0.001014 
0.013818 0.001023 -0.001325 0.000139 0.002704 -0.000094 0.001335 -0.002876 
-0.010938 -0.000654 0.000137 0.001409 0.001896 -0.001520 0.000154 -0.002846 
0.017198 -0.001415 0.000934 0.001520 0.002359 0.002438 -0.000666 -0.000167 
-0.015073 0.001593 0.002040 0.000165 -0.001206 -0.000549 -0.002063 0.000464 
0.025911 -0.000329 0.000675 0.000309 0.001400 -0.000149 0.001743 0.001854 
-0.023804 -0.001274 0.002766 -0.001641 0.001875 0.001716 0.000465 0.001620 
0.023544 0.001998 -0.002402 0.002449 0.002696 -0.001210 -0.001932 0.000405 
-0.026649 -0.003877 0.001881 -0.001800 -0.000878 -0.003001 -0.000134 0.000922 
0.043061 -0.025970 -0.002096 0.005317 0.001744 -0.002178 -0.002949 0.003992 
-0.056027 0.000229 0.006111 -0.001323 -0.003699 -0.007624 0.000024 0.000735 
-0.001993 0.001622 -0.001909 0.000468 0.000098 -0.000738 -0.000368 0.000127 
-0.001461 -0.001007 -0.002593 -0.001417 -0.003019 -0.000964 0.002655 -0.001094 
-0.000566 0.005788 0.000821 -0.000267 0.000676 -0.001741 0.001303 -0.001519 
-0.004689 0.000654 -0.000581 0.001943 -0.004068 -0.001798 -0.001643 0.000947 
-0.000966 0.000603 -0.000916 -0.001295 -0.001211 -0.000144 -0.000500 0.001070 
-0.000186 -0.000041 -0.000740 -0.000534 0.000095 0.000803 -0.001614 -0.000392 
0.000318 -0.002099 -0.000814 -0.002243 0.002562 0.000780 -0.001524 -0.001689 
0.000400 -0.001497 0.001513 -0.003113 0.001691 0.002822 0.001616 0.001262 
0.003459 -0.002996 -0.000850 -0.000217 -0.001733 0.002133 0.001216 -0.000899 
-0.000731 -0.002051 0.001064 0.002717 -0.000234 -0.002160 0.000956 -0.000405 
0.000095 -0.004385 0.001787 -0.000344 -0.001671 -0.001144 -0.002299 0.000882 
0.005142 0.000217 0.000736 -0.001108 0.000545 0.002361 -0.000036 -0.000785 
0.002824 -0.002221 0.000375 0.001513 -0.000274 0.002130 -0.001811 -0.000753 
0.005232 -0.000381 0.000552 -0.000240 0.000353 0.000364 0.000422 -0.000481 
-0.003650 0.000344 0.003555 -0.000071 0.002444 -0.000898 -0.001071 -0.001146 
0.002344 -0.002239 -0.000696 0.000425 0.001184 -0.003211 0.001594 0.001321 
0.005121 -0.004239 0.000228 0.000337 -0.004229 0.000423 0.000655 -0.000676 
-0.002127 -0.000746 0.000776 -0.001446 0.004248 0.001541 0.001832 -0.002573 
-0.016391 0.006268 0.005224 -0.004092 -0.000808 0.000120 -0.003735 0.001393 
-0.038417 0.003427 -0.001035 -0.002421 -0.000925 -0.003694 0.001987 0.001309 
0.003386 0.002557 0.000437 -0.000631 0.001948 -0.001293 0.000881 -0.001248 
-0.003937 -0.000060 0.001120 0.000157 0.001434 -0.002294 -0.000909 -0.000330 
0.000544 0.000744 0.001823 0.002261 -0.000194 -0.001120 0.001738 0.000414 
-0.005753 -0.003092 0.004604 -0.000236 0.001667 0.000619 -0.000592 0.000125 
0.002153 -0.000163 -0.002161 -0.001196 -0.002213 0.001905 -0.002733 -0.000394 
-0.000720 -0.003146 -0.001970 0.000213 -0.001519 -0.001923 -0.003715 0.000220 
-0.000419 -0.000511 -0.000357 -0.002407 0.002747 0.001448 0.001838 0.001978 
0.000223 -0.005014 0.002443 0.000047 0.001384 -0.002771 -0.001703 0.000113 
-0.000872 0.002199 -0.001210 -0.000203 0.000412 -0.000439 -0.003871 0.000992 
0.001394 -0.005311 0.002190 0.000857 0.000961 -0.000119 -0.001375 0.000401 
0.001277 -0.007451 0.001135 0.001500 0.001543 -0.002432 -0.001217 -0.000400 
0.001362 -0.005581 -0.001028 -0.000501 -0.000867 0.000622 0.000942 -0.000531 
-0.000644 -0.004365 0.001367 0.000056 -0.000042 0.000672 0.000573 -0.001164 
0.002484 -0.005288 0.000392 -0.003225 -0.001437 0.002281 0.000323 0.000870 
-0.002105 -0.000425 0.002143 0.000963 0.003249 0.000460 0.002662 0.003499 
-0.000364 -0.004989 0.001513 -0.002735 0.002746 0.000066 -0.002921 -0.000949 
-0.002154 -0.006384 0.000176 -0.001724 -0.001475 -0.001647 -0.001097 -0.000429 
0.011105 -0.007070 0.002500 0.002336 -0.002003 0.000125 -0.001053 -0.001657 
0.005424 -0.010787 0.005781 0.000182 -0.000387 -0.002649 -0.000497 0.005262 
0.005180 -0.007194 0.006992 -0.003324 0.001218 -0.003952 -0.001860 0.000846 
-0.006062 0.001595 0.001428 0.000241 0.003098 -0.000284 -0.001722 -0.001815 
0.027539 -0.002474 -0.004722 0.002789 0.000896 -0.000274 0.000475 0.000516 
0.004210 0.005757 0.001479 0.000319 0.001103 0.000609 -0.002436 -0.000873 
0.012276 -0.007652 -0.001935 -0.000347 0.002336 -0.001501 0.003638 -0.000250 
-0.000123 0.000442 0.000558 0.000494 0.001431 -0.000350 0.000848 -0.002189 
0.004776 -0.001097 0.001017 -0.004420 -0.000026 0.001589 -0.001148 0.001787 
-0.001694 0.000850 0.002050 0.001499 0.000557 0.000847 -0.000934 -0.001251 
0.001836 -0.001179 0.001593 0.000351 0.000479 0.000118 0.000895 -0.002493 
-0.000169 -0.003095 -0.000692 0.000214 -0.000782 -0.002465 0.000114 -0.000369 
-0.008369 -0.002527 0.001975 0.000555 -0.000277 0.000298 -0.000129 0.000249 
-0.002654 -0.001293 0.000503 -0.001487 0.001829 -0.001780 -0.001717 -0.000303 
-0.012215 -0.002251 0.002996 -0.001782 0.000361 0.000724 0.000167 0.001627 
-0.002921 -0.002362 0.000247 -0.001570 -0.002159 0.001198 0.003314 -0.000697 
-0.018150 -0.002425 -0.001225 -0.000217 -0.000183 0.001180 0.000511 -0.000018 
-0.004176 -0.002493 0.003004 0.001960 0.000476 -0.001243 0.000460 -0.001624 
-0.028497 -0.003000 -0.002897 -0.000049 0.001752 -0.002974 0.002451 -0.000109 
-0.001829 -0.004888 0.000007 0.000929 -0.001628 -0.001746 0.001148 -0.000167 
-0.037163 -0.002355 -0.000847 -0.000645 -0.001326 -0.000789 0.002904 0.001381 
0.019964 -0.017870 0.003162 0.002271 -0.003307 -0.001567 -0.002194 0.001399 
-0.117182 -0.004137 0.001159 -0.000639 0.002851 0.001672 0.002170 -0.001850 
-0.012945 -0.000712 0.000281 -0.001415 -0.003484 0.001752 0.001070 -0.003233 
0.008669 -0.001612 0.000100 -0.000020 -0.000187 -0.000967 -0.002881 0.001025 
-0.002105 0.000851 0.001006 0.000215 -0.001778 -0.001228 0.000961 -0.002302 
0.006408 0.000857 -0.000237 -0.000437 0.001621 -0.000380 0.000647 0.001551 
-0.002005 -0.000084 0.000362 0.001582 0.001057 0.000042 0.001057 0.001786 
0.000782 -0.000713 -0.000239 -0.000546 -0.000247 0.000723 0.002286 -0.000718 
0.000148 -0.001255 0.000602 -0.000901 0.001100 0.000435 -0.001186 0.003049 
0.000733 0.000820 0.003192 -0.000417 -0.001185 0.000053 -0.000631 0.001004 
0.000748 0.000621 0.000156 -0.003845 -0.001743 0.000425 0.000074 0.004426 
-0.002672 -0.003091 0.004569 -0.000350 -0.001011 0.000291 0.003011 0.001107 
0.006382 -0.001463 -0.000493 0.001687 -0.004008 -0.002086 0.000014 0.000201 
-0.007732 0.000743 0.000132 -0.001600 0.000205 -0.002151 0.000449 -0.002419 
0.000665 -0.003224 0.000857 -0.001591 -0.000545 0.002223 0.000147 -0.001726 
-0.006004 -0.000405 0.005151 -0.002177 -0.000248 -0.003588 -0.003533 0.001606 
0.007744 -0.003083 0.004365 -0.002566 0.002148 -0.000765 0.001994 -0.000075 
-0.005932 -0.002444 0.003560 0.000827 -0.000562 -0.003345 0.000433 0.001930 
0.012934 -0.003424 -0.002114 0.000525 -0.001822 -0.000220 0.000129 -0.000198 
-0.008855 -0.001454 0.001961 0.000014 -0.001007 -0.005965 -0.001179 0.001865 
-0.010443 -0.018825 0.000872 0.005736 0.004324 -0.008143 0.000999 -0.005527 
-0.037266 0.007704 0.006807 -0.004913 -0.007042 -0.002815 0.000111 -0.000298 
-0.018944 -0.000933 -0.000495 -0.001596 -0.001831 -0.002523 0.000690 0.003526 
0.012546 0.001024 -0.001329 0.000788 -0.000032 -0.002392 -0.002720 0.002175 
-0.004026 0.001996 -0.001726 -0.002848 0.000466 -0.002210 -0.002421 0.000332 
0.004450 -0.000200 -0.001812 0.000531 0.004557 0.002942 -0.001682 -0.001947 
-0.003710 0.002796 0.000015 -0.000714 -0.001446 0.000234 0.001387 0.000847 
0.004588 0.001405 -0.000677 0.000794 0.000517 -0.001415 0.001601 -0.002138 
-0.000413 0.001784 -0.001605 0.002050 -0.000691 -0.001523 -0.001846 0.002762 
0.001659 -0.001625 -0.000668 -0.002675 -0.002250 -0.000277 -0.001881 0.000420 
0.002710 -0.000406 -0.000763 -0.003910 -0.002042 0.002760 -0.000990 0.001597 
-0.003966 -0.000545 0.000117 -0.000542 0.000338 -0.002840 -0.000847 -0.000560 
0.005508 -0.002653 -0.000820 -0.002063 -0.000041 0.001238 0.001902 0.000213 
-0.005121 0.001155 -0.000565 -0.001249 -0.000235 -0.003446 0.001224 0.000484 
0.013691 0.001269 0.000372 -0.001639 -0.000033 -0.001876 0.001323 0.000530 
-0.007158 -0.001626 0.001601 -0.000764 0.001109 -0.001858 0.001263 -0.001605 
0.014459 0.003330 0.000985 -0.004225 0.002208 -0.004549 -0.001189 0.002515 
-0.013260 0.000344 0.002457 -0.004006 0.004670 -0.005756 0.000659 -0.003017 
0.010083 0.001897 0.001511 -0.000469 -0.000071 -0.003071 -0.005868 0.000280 
-0.008890 0.003140 0.004277 -0.000601 -0.007441 -0.002806 0.003027 0.000039 
0.082524 -0.010468 -0.004281 0.001252 0.003445 -0.000520 -0.001327 -0.001449 
-0.018834 -0.003966 0.008091 -0.003320 -0.003017 -0.003515 -0.004899 -0.004424 
-0.014519 -0.001119 -0.001158 0.002423 0.000368 -0.001033 -0.002573 0.000619 
0.009245 -0.000256 0.000905 -0.001980 -0.000544 0.003077 -0.002016 -0.001018 
-0.007278 -0.001855 -0.000665 -0.003179 -0.001929 -0.001042 0.000993 -0.000036 
0.004422 0.000600 -0.002009 -0.000232 -0.001077 -0.000559 0.001928 -0.001050 
-0.004991 0.000073 0.002861 0.002540 -0.000104 0.001152 -0.002183 0.001746 
0.002524 -0.002233 0.001169 -0.000885 0.000558 0.001183 -0.001932 -0.001025 
0.002675 -0.001543 0.002810 -0.001254 0.000514 -0.001359 -0.002155 0.000462 
0.000064 0.000209 0.000152 -0.001236 -0.000939 -0.001127 -0.002750 0.001129 
0.005049 0.002154 -0.001325 0.003588 0.003110 -0.000855 -0.003870 -0.000271 
-0.001110 -0.001070 0.002828 0.000201 -0.000040 0.000837 -0.000315 -0.001813 
0.006589 0.003074 0.000101 -0.000981 0.002025 -0.001101 0.000011 -0.000214 
-0.004755 -0.005356 0.002063 -0.001513 0.002047 -0.001858 0.001621 0.002608 
0.008689 -0.001624 0.002545 0.002042 -0.001357 0.001229 0.000457 0.001516 
-0.006574 0.002014 0.001978 -0.000607 0.000012 -0.002589 0.004390 0.001077 
0.011087 -0.000075 0.002313 -0.002772 0.000639 0.000419 0.002886 -0.001544 
-0.013709 -0.003181 0.001157 -0.002583 -0.000316 -0.001256 -0.001525 -0.001278 
0.007612 0.002847 0.004783 0.001284 0.003524 -0.007716 -0.000353 0.000133 
-0.007072 -0.001430 0.003490 -0.002956 -0.000503 -0.007745 0.004431 -0.003275 
0.036054 -0.007651 0.000792 0.008122 -0.000211 -0.003906 -0.000667 0.005425 
-0.007680 -0.000230 0.007063 0.001824 -0.001181 -0.009345 0.000841 -0.001953 
-0.016594 0.000653 -0.000241 -0.000604 0.000205 0.000723 -0.000411 -0.001282 
0.007898 -0.000798 -0.001764 -0.000537 -0.000799 -0.000220 0.001474 0.000497 
-0.007390 0.000168 0.000141 -0.002279 -0.001232 -0.002168 -0.000709 -0.000455 
0.006609 0.000952 0.002876 0.000184 -0.001233 -0.002094 0.000738 0.001329 
-0.002598 -0.000490 -0.002709 -0.001563 -0.003434 -0.000879 -0.000775 -0.000071 
0.002757 -0.000072 0.003190 -0.001628 -0.000909 0.001744 -0.001535 0.000316 
-0.000028 -0.000897 0.000547 -0.000107 0.002837 -0.000671 0.002404 0.000972 
0.001119 -0.000671 -0.000702 -0.001114 0.002720 -0.002157 -0.002506 0.001754 
0.009029 -0.000656 0.000089 0.000886 0.000360 0.001135 -0.001553 0.002955 
-0.002514 -0.000515 -0.000393 -0.003942 -0.001819 -0.004531 -0.001892 0.001574 
0.009650 -0.002221 0.000482 -0.005182 0.000273 0.000183 -0.002706 -0.002297 
-0.005248 -0.001159 0.000905 0.000043 0.003235 -0.004327 -0.001725 0.001886 
0.009153 -0.001055 -0.000578 0.000813 0.001926 0.000526 -0.002576 -0.001233 
-0.011370 -0.000057 0.002082 0.001422 0.000909 -0.005203 0.002149 0.000714 
0.015848 -0.002422 0.002204 0.002463 0.003462 -0.002801 -0.002527 0.001534 
-0.006808 -0.002632 0.000560 -0.000061 0.001872 -0.006467 -0.000372 -0.001352 
0.014604 0.004628 0.002302 -0.001224 0.002253 -0.004026 -0.003264 0.000256 
-0.006940 -0.003455 -0.000539 0.000580 0.001584 -0.005883 0.001223 0.001982 
0.052533 0.008768 0.001834 0.006832 0.004291 -0.002799 -0.007587 0.000259 
-0.008780 0.004752 -0.000151 -0.004629 0.001537 -0.004694 -0.002837 0.003999 
-0.013070 -0.001428 -0.000170 -0.000999 0.000135 -0.000067 0.001476 -0.000198 
0.009269 0.002807 -0.001608 -0.002019 0.001349 0.000773 0.001276 0.001839 
-0.003739 -0.000568 0.002368 0.000551 0.001674 -0.002631 0.001329 -0.001549 
0.006538 0.002037 0.002082 0.000307 0.001382 0.001279 -0.001345 0.000066 
0.000526 -0.002405 0.000734 0.000945 -0.000524 -0.000376 -0.001174 0.000726 
0.003240 0.003665 0.000461 -0.000557 -0.001508 0.000592 0.000056 0.000637 
0.000752 0.000415 0.001137 0.000593 0.000119 0.000451 -0.002738 0.003629 
0.000128 0.000440 -0.002266 -0.001913 0.004301 -0.006615 -0.000043 0.000953 
0.000326 -0.000736 -0.000582 -0.002824 -0.000244 -0.000227 -0.001690 0.001452 
-0.004327 -0.003705 -0.000842 0.002545 0.000673 -0.001978 -0.000060 -0.000708 
0.005568 0.000994 0.000625 0.000128 0.002437 0.000780 -0.000481 -0.002508 
-0.006554 -0.003291 0.002241 -0.000801 0.001801 -0.007338 0.000499 0.003665 
0.008470 -0.001697 0.000145 0.000220 0.002966 0.001256 -0.002879 0.001205 
-0.008225 -0.002257 0.001468 -0.000352 0.002765 -0.006350 -0.000816 0.002000 
0.010325 0.000857 0.003241 0.001196 0.002113 0.002174 -0.000808 0.001591 
-0.005498 -0.002762 -0.001718 0.002669 0.002383 -0.005255 -0.001510 0.000026 
0.008987 0.012636 0.000620 -0.000125 0.007364 -0.001488 -0.004220 0.000269 
-0.011433 -0.001914 0.001009 0.003605 0.001446 -0.009400 0.001874 -0.002675 
0.004217 0.005742 0.004517 -0.000000 0.002585 -0.006459 -0.003309 -0.000431 
-0.014664 0.006501 -0.003250 -0.001431 -0.002544 -0.007866 0.002288 0.000972 
-0.002082 -0.000174 -0.001708 0.001077 -0.000720 -0.001410 0.000042 -0.003040 
0.000632 0.003368 -0.001754 0.001270 -0.001252 -0.000780 0.001810 -0.000764 
0.000178 -0.000421 -0.004191 -0.001292 -0.003716 -0.000790 -0.000727 0.003017 
-0.000401 0.000846 0.000967 0.000247 -0.000302 -0.000238 0.002559 -0.002278 
0.002261 0.000374 0.000540 0.003742 -0.000414 -0.000970 -0.000448 -0.001469 
0.001474 0.000287 0.001317 -0.003228 -0.000671 -0.000779 -0.000184 0.001131 
-0.000652 0.001160 0.000479 0.002925 0.000385 -0.003136 -0.001022 0.000616 
-0.000051 -0.000231 -0.000535 0.001063 0.002205 0.001072 -0.002652 -0.000075 
-0.000439 -0.001948 -0.000832 -0.000881 0.003684 0.000146 0.000455 -0.002325 
0.000136 -0.003261 -0.002076 -0.000156 0.001852 -0.000184 0.000680 -0.001733 
0.002892 -0.002960 0.000523 -0.000614 0.003716 -0.000916 0.000844 0.000401 
0.003734 -0.000279 -0.000296 0.001327 0.000142 -0.001690 -0.001394 -0.000794 
-0.001617 -0.004293 -0.004451 0.001057 0.000459 -0.000880 0.000200 0.002377 
0.000056 -0.001416 -0.000604 0.001181 -0.004061 -0.006195 0.001970 -0.000910 
-0.001155 -0.000452 -0.000682 0.000927 -0.001217 -0.001327 0.001801 0.001824 
0.000174 -0.005096 0.001761 0.000767 -0.001549 -0.003632 -0.003610 0.002028 
0.004153 0.005528 -0.000014 -0.000384 0.000535 -0.004337 -0.000442 -0.001128 
0.002008 -0.003007 0.002324 0.001120 0.003622 -0.006978 0.000651 0.003033 
0.027626 0.035841 0.003899 0.006741 -0.001053 -0.005165 -0.005556 0.000218 
-0.042675 -0.000128 -0.003553 0.006238 -0.000666 -0.007302 -0.003014 -0.000855 
-0.002974 -0.001880 0.000010 -0.000322 -0.000448 0.000691 0.000876 0.000487 
-0.001419 -0.000743 -0.002045 -0.000829 0.001407 -0.000332 -0.001701 -0.001233 
-0.000399 0.000498 -0.001079 -0.001416 -0.000843 0.001590 -0.001392 -0.000675 
-0.004290 0.000521 0.005438 -0.003148 -0.002898 -0.000145 0.001834 -0.001679 
-0.002032 0.000650 -0.001147 -0.002078 0.002088 0.000992 0.002138 0.002425 
0.000986 -0.000973 -0.001030 -0.000346 -0.001765 -0.002914 0.002584 -0.001075 
0.000623 -0.001669 -0.002466 0.000216 0.003931 -0.000053 -0.001547 -0.000463 
0.001162 -0.000978 -0.000118 -0.001850 -0.000890 0.000681 -0.000931 -0.001795 
0.004984 -0.000671 0.001450 0.000843 -0.000521 0.000143 -0.003318 0.000105 
-0.003552 -0.003374 0.002178 0.002265 0.000460 -0.003204 0.000108 -0.000573 
0.001128 0.001270 0.001359 -0.001004 -0.000192 0.000640 -0.000952 0.000086 
0.003866 0.000347 -0.000308 -0.000909 0.000055 -0.001930 0.002102 -0.001450 
0.000162 0.001157 0.003631 0.001004 -0.000102 -0.001104 -0.000001 -0.000923 
0.004846 -0.001567 0.001371 0.000599 -0.002075 -0.001333 0.002008 -0.001397 
-0.004847 0.001127 -0.000345 0.001895 0.001159 -0.001131 0.000187 0.001052 
0.002054 0.000892 0.000578 -0.005553 -0.000943 -0.000089 0.001226 0.000813 
0.004556 -0.010743 -0.001244 0.000588 -0.000604 -0.002147 -0.001248 0.002496 
-0.001849 0.003373 0.002845 -0.001386 0.001225 -0.005046 -0.001453 -0.006442 
0.002126 -0.004105 0.003645 0.003983 0.002626 -0.002262 0.005196 0.000089 
-0.003067 -0.006088 0.005984 0.005331 -0.005611 -0.003108 0.001771 0.004238 
0.004077 -0.000498 -0.001109 -0.000285 -0.001812 0.001077 -0.002008 0.000572 
-0.000779 -0.001572 0.001584 -0.001762 -0.001852 0.001462 0.001514 0.002789 
-0.001873 0.002173 0.000105 -0.003083 0.002646 -0.002002 -0.000627 0.002291 
-0.002164 -0.002629 0.001923 0.001131 -0.001372 -0.000626 -0.003042 0.001611 
-0.001211 0.000388 -0.000173 -0.000827 -0.001754 -0.001466 0.001845 -0.000880 
-0.003431 0.000333 0.002215 0.000271 0.000396 -0.003686 -0.001394 -0.000253 
-0.000954 0.002452 -0.000964 0.001656 0.004742 -0.001493 0.000345 0.000829 
-0.000242 0.000877 0.001103 0.000871 -0.000091 0.001167 -0.000804 0.003219 
0.001005 -0.001028 0.000354 0.002319 0.001036 -0.000683 -0.001196 0.000325 
0.003906 -0.000489 0.000157 0.001756 0.001866 -0.002868 0.000821 -0.001780 
-0.002522 -0.003841 0.000300 0.003126 -0.000700 0.000117 0.000025 0.000052 
-0.000228 0.000151 0.002694 0.003899 0.000048 -0.000671 0.002099 -0.000479 
0.002250 -0.001392 0.002878 0.001052 -0.000103 -0.000281 0.001856 -0.000101 
0.002964 -0.002076 0.000595 -0.000602 -0.001113 -0.002591 -0.002585 0.003449 
-0.002533 -0.002351 0.000483 0.002197 0.001409 -0.001095 -0.000801 0.003585 
0.002048 -0.003087 0.002576 0.001314 0.003042 0.000194 -0.003776 0.000877 
-0.001928 -0.003222 -0.000468 -0.004642 -0.001887 -0.003634 -0.001048 0.002791 
0.000509 -0.003479 0.003509 -0.004572 0.000356 -0.003273 -0.001165 0.000382 
-0.016261 0.006386 -0.000208 -0.004921 -0.007465 -0.005892 -0.005122 0.003571 
0.005630 -0.004767 0.001186 0.000961 -0.005676 -0.003605 0.005606 -0.002246 
-0.003601 -0.000525 0.000906 -0.001121 -0.000497 -0.000104 0.001317 -0.001055 
0.000133 -0.001737 0.000633 -0.001181 -0.002359 -0.002395 -0.000768 0.000484 
0.000113 0.002025 0.000840 0.003603 0.000169 -0.001439 -0.000969 0.004743 
0.000064 -0.000165 -0.000499 -0.004054 -0.002641 -0.003510 0.001578 -0.000105 
-0.003362 0.000831 -0.002408 0.000300 0.001659 0.000200 0.000352 0.000272 
-0.000185 -0.001051 0.000495 -0.002085 0.001681 -0.000952 0.000993 0.000003 
-0.001002 0.003252 0.001218 -0.002212 0.000533 0.000801 0.000544 0.000312 
0.001201 -0.002183 -0.000517 0.003254 -0.001471 -0.001743 0.000856 0.001075 
0.001849 0.000455 0.003370 0.000152 0.004165 -0.002344 0.000317 -0.001542 
-0.000255 -0.000421 -0.000197 0.000174 -0.001575 -0.002750 -0.002029 0.001682 
-0.003595 -0.002105 -0.000037 -0.002280 0.002083 0.000948 0.002279 -0.000986 
0.002049 -0.002707 0.001301 -0.001105 -0.000421 -0.004306 0.001567 -0.001529 
0.000275 0.001153 -0.000101 -0.000393 0.001337 -0.001727 -0.002734 0.002048 
0.000215 -0.001016 0.002505 0.000103 -0.000490 -0.004401 -0.000798 -0.001290 
0.002390 0.000521 0.001998 -0.000795 0.003536 -0.004267 -0.003176 -0.002446 
-0.002182 0.000961 0.000599 -0.003821 0.001562 -0.000713 0.001692 -0.002800 
0.005967 -0.003786 0.000583 -0.002438 0.000844 0.000489 -0.000259 -0.003182 
-0.003229 -0.002175 -0.000903 0.003575 0.000517 -0.005305 -0.002166 -0.000381 
-0.003611 0.014535 -0.001125 -0.001250 -0.001483 -0.006931 -0.004092 -0.001817 
-0.011125 -0.005929 0.000619 -0.009660 -0.001766 -0.004999 0.001654 0.002975 
-0.003679 0.000187 0.002213 0.001096 0.000119 -0.000637 -0.001955 -0.002285 
-0.002622 -0.000179 -0.002940 -0.000159 0.001821 -0.002484 0.001203 0.000256 
-0.002095 0.000621 0.001932 0.001037 -0.000821 -0.001057 0.001135 -0.001749 
-0.000347 0.001887 0.000519 0.002858 -0.001683 -0.002139 0.000449 0.002427 
-0.001949 0.002756 0.002133 -0.000502 -0.000423 -0.000378 0.001475 0.000588 
-0.003587 -0.001340 -0.000795 0.001665 0.001601 0.000242 0.001826 -0.000443 
0.000284 -0.001539 0.000074 -0.000173 0.000443 -0.000730 0.002811 0.002735 
0.001494 -0.001285 -0.000657 0.000833 -0.001035 -0.001288 -0.002721 -0.000829 
0.002861 -0.000148 -0.001581 -0.000804 0.000589 -0.000599 -0.004147 -0.000601 
-0.000122 -0.002792 -0.000565 0.001254 0.000767 -0.002489 -0.004044 -0.000218 
0.001474 -0.000702 0.001578 -0.000435 0.001695 0.000489 0.001834 0.000782 
0.001496 -0.003204 0.000563 0.000025 0.001884 -0.002082 0.000554 0.001709 
0.004188 -0.000861 -0.000258 -0.000393 -0.001195 -0.003360 0.001889 -0.004047 
0.004971 0.003052 0.001252 -0.001307 0.002617 -0.001495 0.003341 -0.001374 
0.001835 0.000165 0.000345 -0.002504 0.000761 -0.004015 0.003476 0.000739 
0.000778 -0.002383 -0.000148 -0.002157 0.000372 -0.004589 -0.002214 0.001926 
0.002808 0.000570 -0.001138 0.000547 0.002019 -0.004675 0.000296 0.001353 
-0.005489 -0.000055 0.002403 -0.003989 0.000109 -0.003303 0.003892 0.005007 
-0.012477 -0.027735 0.012089 -0.002947 0.000126 0.000440 -0.003254 -0.004249 
-0.014454 -0.004713 0.002676 -0.000815 0.001078 -0.000656 0.005736 0.001073 
-0.000705 -0.000673 0.002670 -0.001050 -0.001120 -0.000625 -0.000903 -0.001318 
-0.000763 0.001489 -0.003728 -0.000267 0.002562 -0.000482 -0.001761 0.001234 
0.001106 0.002859 -0.000645 -0.001273 -0.001309 -0.003599 -0.000372 0.002835 
0.000572 -0.003039 0.001886 -0.000846 -0.000130 0.000878 0.000120 -0.001294 
-0.001690 -0.000825 -0.001583 0.000108 0.001306 0.002393 0.000734 -0.001760 
0.000756 0.001441 0.000415 0.001255 0.000489 -0.002017 0.001284 -0.002345 
-0.002351 0.001614 -0.001472 0.002184 -0.001128 -0.001545 0.000438 0.002651 
0.000553 0.000050 -0.000474 -0.002103 0.000134 -0.001511 0.000845 -0.001978 
0.003005 -0.000814 0.001825 0.000062 0.002522 -0.003501 -0.001220 0.000441 
0.000271 -0.000770 0.000852 0.001743 0.001394 -0.006584 -0.001488 -0.000629 
-0.002578 -0.003515 -0.000290 0.001908 0.004028 -0.002717 -0.001316 -0.002171 
-0.000674 -0.001400 0.002671 -0.000470 -0.001080 -0.002620 0.000141 0.001009 
-0.002346 -0.000002 0.001493 0.002089 -0.000945 0.000649 -0.001215 0.000134 
0.000222 -0.002907 0.001661 -0.003149 -0.001544 -0.006137 -0.001067 0.002104 
0.002185 0.002691 0.002547 0.000102 0.003054 0.001554 -0.003303 0.001997 
0.003459 0.001400 0.000591 -0.001905 0.001004 -0.001953 0.004151 -0.001173 
-0.003111 -0.002444 0.000551 -0.004721 0.003295 -0.003919 0.000586 0.000720 
0.003711 0.000692 -0.002545 -0.002505 -0.004161 -0.005989 0.001249 0.001152 
0.018071 -0.010824 0.007822 0.003306 0.004415 -0.005816 -0.008014 0.001312 
0.018691 -0.002801 0.002861 -0.007490 0.001727 -0.003794 0.001342 0.006242 
-0.003859 0.000950 -0.000222 -0.000158 0.002877 -0.001222 -0.001231 0.003672 
0.004702 -0.000530 0.000550 -0.001251 -0.001355 0.001150 -0.000320 -0.000371 
-0.003908 0.002957 0.000188 0.000131 0.002739 -0.001477 0.000419 0.002399 
0.001625 0.003907 0.003537 -0.001896 0.000585 0.003191 0.000388 -0.002409 
0.001633 0.001407 0.000399 0.001531 -0.000067 0.001456 0.001746 0.000864 
-0.000156 -0.002287 -0.000016 -0.001914 -0.000113 -0.000171 -0.000016 -0.000803 
-0.002998 -0.000991 -0.002051 -0.000128 -0.003268 -0.004717 -0.002491 -0.002373 
0.002518 -0.000975 0.004617 -0.000606 -0.000281 -0.003703 -0.001149 -0.001139 
-0.001857 0.000621 0.002353 -0.000968 -0.000734 0.000101 0.002276 -0.002370 
-0.001452 -0.002028 -0.001443 -0.002821 0.001981 -0.001515 0.001158 0.002019 
0.001791 0.000798 0.002307 -0.000259 -0.002903 -0.002983 -0.004321 0.000444 
-0.005023 -0.002578 0.003128 -0.001597 0.001812 -0.004083 -0.000543 0.001307 
0.007712 -0.000866 0.001903 -0.000446 0.000654 0.000736 -0.002538 -0.000279 
-0.003254 -0.002733 0.002886 -0.002633 0.000836 -0.004571 0.000585 -0.002527 
0.008525 -0.000292 0.004054 -0.001102 -0.001567 0.000024 0.003103 -0.003139 
-0.004733 -0.000048 0.008355 -0.003400 0.000700 -0.002031 -0.005111 -0.004411 
0.006648 -0.012991 0.000240 -0.003659 0.001662 -0.006916 -0.001545 0.003011 
0.004193 -0.001187 0.003612 -0.003061 0.001140 -0.000065 -0.005405 0.001300 
0.013335 -0.009427 0.008638 -0.000832 -0.003980 -0.001164 -0.000497 0.000035 
-0.020882 0.002277 0.009953 0.004336 -0.002283 -0.005576 -0.003265 0.005211 
-0.005437 -0.001064 0.000898 -0.000324 -0.000136 -0.001572 0.001660 0.000970 
0.004524 -0.007172 0.001393 -0.000363 0.001554 -0.000816 -0.001552 -0.001208 
-0.003356 0.001412 0.000535 0.003083 0.002492 -0.001018 0.004460 0.003662 
0.000919 -0.009806 0.002857 -0.001574 -0.001717 -0.001809 -0.000785 0.001280 
0.000330 0.000944 0.001274 -0.000569 0.001821 -0.000525 0.001419 0.000472 
0.000967 -0.007576 0.001262 -0.000552 0.003492 -0.004898 0.001046 0.000542 
0.000762 0.000693 0.000864 -0.002350 -0.001962 0.000922 0.001874 -0.001585 
0.000498 -0.010023 -0.001058 -0.003201 0.002954 -0.001943 0.001433 -0.001171 
-0.000617 -0.001181 -0.000932 -0.000317 -0.000077 -0.000284 0.001610 0.003603 
0.001603 -0.012956 0.007419 -0.003054 0.002264 -0.004319 -0.002830 0.005597 
0.005697 0.002502 0.005285 -0.000958 0.001519 0.000092 -0.001483 0.000700 
0.000088 -0.013334 0.001381 -0.001122 0.001508 -0.005767 -0.000887 0.000286 
0.004635 -0.001816 0.006975 -0.000007 0.001460 -0.004284 0.002911 0.002045 
-0.004711 -0.018078 -0.002858 -0.004810 0.002727 -0.006063 -0.001898 0.001955 
0.006150 0.002264 0.007270 0.004783 -0.003538 -0.003545 0.002683 0.005221 
-0.013087 -0.017026 0.001181 0.000211 0.000385 -0.003362 -0.002626 -0.002058 
0.015984 -0.004100 0.004338 -0.000184 -0.002403 -0.000231 -0.003097 0.002824 
-0.003950 -0.016324 0.000878 -0.002646 -0.000163 -0.001902 -0.005027 0.002249 
-0.018095 0.003975 0.005683 0.000586 -0.002585 0.000371 0.004905 0.009786 
-0.001099 -0.019824 0.002302 -0.009794 0.008474 -0.012466 -0.003239 0.000516 
-0.003113 0.002925 0.000135 0.000500 -0.003437 0.001559 -0.000151 -0.001646 
0.001756 -0.005164 0.001979 -0.000160 0.002098 -0.001563 -0.003271 0.000150 
-0.003507 0.001556 0.001787 0.000230 -0.002067 0.001010 0.003345 0.000729 
-0.002427 -0.010752 0.004826 -0.000087 0.002331 -0.005163 -0.003110 0.000175 
0.004002 0.001436 0.003484 0.002950 -0.000281 0.000368 -0.002638 0.004177 
0.003022 -0.008089 0.003149 -0.001634 0.003219 -0.001372 -0.002180 -0.000951 
-0.001187 -0.000119 0.004728 -0.000066 -0.001045 0.002448 0.000569 0.000277 
-0.000549 -0.006484 0.003904 0.001980 0.003224 -0.004440 0.000775 0.001010 
-0.003654 0.000835 0.001500 0.002571 -0.003322 -0.002676 0.000947 0.002853 
-0.001057 -0.010677 0.006184 0.000256 0.006095 -0.001341 0.000511 0.000549 
0.003266 -0.003370 0.006346 0.007009 -0.003354 0.000204 0.001697 0.003527 
0.002120 -0.010334 0.008783 -0.004176 0.007981 -0.009388 0.000379 -0.000813 
-0.001696 -0.001718 0.008952 0.005958 -0.001505 -0.000704 0.001428 0.005554 
0.002296 -0.010734 0.009936 -0.000294 0.007899 -0.009278 -0.003666 -0.001670 
0.003039 -0.009889 0.011704 0.006298 -0.001200 0.001523 0.000481 0.002808 
-0.001925 -0.013303 0.014619 -0.003235 0.009582 -0.011153 -0.004523 0.000534 
0.002429 -0.010107 0.017930 0.001427 -0.001464 -0.002761 0.002112 0.013838 
-0.005289 -0.014163 0.015535 0.005519 0.009531 -0.005997 -0.000774 0.003926 
0.015721 -0.005565 0.019842 0.003088 -0.003783 -0.001346 -0.009149 0.007889 
-0.021358 -0.018689 0.018093 0.006050 0.005825 -0.002867 -0.005647 -0.003900 
0.019755 0.004639 -0.005095 0.005636 0.005359 -0.007895 -0.001137 -0.003534 
-0.027335 -0.005341 0.016068 0.003845 -0.000498 0.013439 -0.004906 -0.001907 
0.015465 -0.001733 -0.003552 0.010561 0.006647 -0.019419 -0.001056 0.000938 
-0.022063 -0.003854 0.015221 0.002476 -0.001391 0.016506 -0.010087 -0.003292 
0.000960 -0.004262 -0.008023 0.010139 0.004127 -0.025336 0.000033 0.000069 
-0.016759 -0.004074 0.019586 0.001863 0.003254 0.019497 -0.008953 0.002324 
0.001294 -0.015670 -0.007377 0.016092 0.005011 -0.026616 -0.006221 0.003884 
-0.016700 -0.002344 0.021621 0.002992 -0.000354 0.018811 -0.012745 0.001079 
-0.004357 -0.017808 -0.009314 0.009379 -0.001255 -0.027370 -0.002609 -0.000196 
-0.019676 -0.007630 0.029557 0.002788 -0.003165 0.021661 -0.016774 -0.004551 
-0.013611 -0.018311 -0.012469 0.011224 0.001663 -0.027704 -0.005161 -0.004082 
-0.017011 -0.002658 0.034024 0.003379 0.002077 0.024782 -0.011952 0.002148 
-0.014240 -0.016148 -0.009137 0.015381 -0.008534 -0.025086 -0.004660 -0.003111 
-0.006151 -0.001873 0.026877 0.003414 -0.000147 0.028929 -0.016408 -0.002229 
-0.020938 -0.024180 -0.013173 0.012626 0.003665 -0.028297 -0.001181 0.001659 
-0.012053 -0.007048 0.031172 0.005436 0.003641 0.039435 -0.023478 -0.005144 
-0.010717 -0.035897 -0.005581 0.007579 -0.010707 -0.027085 -0.004225 0.005167 
-0.013675 0.002455 0.039034 -0.003669 0.000075 0.044197 -0.019640 0.002361 
-0.007117 -0.010417 -0.013715 0.012548 0.005257 -0.015795 -0.009145 -0.006764 
0.004952 0.002132 0.041261 -0.003425 0.006559 0.038002 -0.010668 -0.004575 
