3.019954 2.257825
2.943270 2.196235
2.958028 2.224411
2.981827 2.253773
3.002812 2.268754
3.000981 2.283100
3.022713 2.269157
3.007469 2.266559
3.002604 2.260342
3.209060 1.947989
0.218753 0.809277
0.246740 0.866649
0.311661 0.868633
0.358217 0.857394
0.379749 0.830707
0.391735 0.790477
0.397971 0.734654
0.401961 0.683566
0.413359 0.654314
0.475041 0.661343
0.008234 0.883747
0.005330 0.937583
0.002838 0.956983
0.003652 0.963241
-0.000522 0.960576
-0.002877 0.958773
-0.005771 0.947659
-0.016770 0.942258
-0.017556 0.957761
0.007190 0.951208
-0.000050 0.888895
0.004478 0.939359
0.002961 0.963386
-0.002892 0.973883
-0.012607 0.974716
-0.030319 0.968512
-0.034538 0.960022
-0.040445 0.956796
-0.025467 0.954589
-0.052118 0.883839
2.989970 2.242101
2.882029 2.162606
2.873414 2.177153
2.878856 2.196698
2.884765 2.201469
2.873289 2.210321
2.889987 2.192825
2.877567 2.188937
2.871802 2.181614
3.079332 1.884868
0.215281 0.814913
0.238477 0.878039
0.300177 0.885009
0.345679 0.878461
0.367249 0.855742
0.382262 0.820074
0.389513 0.768143
0.395556 0.719888
0.401698 0.696246
0.457848 0.677624
0.015553 0.705824
0.019121 0.703305
0.024237 0.700989
0.028358 0.700502
0.028264 0.700254
0.036244 0.697137
0.039193 0.698061
0.039603 0.697959
0.038160 0.692495
0.109374 0.730754
-0.054792 0.704780
-0.086350 0.703747
-0.127204 0.702306
-0.160199 0.701166
-0.192682 0.700310
-0.219580 0.702997
-0.251429 0.705594
-0.264902 0.701344
-0.263807 0.701162
-0.348082 0.693778
0.016809 0.704396
0.029481 0.698043
0.039876 0.694128
0.046661 0.688502
0.054239 0.683875
0.055019 0.679848
0.071344 0.678576
0.078123 0.672735
0.078129 0.658854
0.130828 0.616042
-0.009616 0.699028
-0.025220 0.702048
-0.039935 0.695307
-0.049408 0.692377
-0.059177 0.689353
-0.068851 0.683333
-0.074311 0.682777
-0.080755 0.674674
-0.080599 0.677247
-0.125583 0.706871
0.007872 0.698300
0.019036 0.697509
0.030477 0.701695
0.036794 0.706384
0.043600 0.713622
0.052442 0.710258
0.057676 0.704983
0.063419 0.693044
0.069710 0.675939
0.064046 0.693506
-0.017749 0.692226
-0.026712 0.694502
-0.035779 0.701667
-0.041773 0.707220
-0.045409 0.710842
-0.054671 0.714128
-0.059200 0.708740
-0.062881 0.691339
-0.069015 0.684532
-0.094932 0.672558
0.007286 0.696265
0.011101 0.717587
0.017171 0.756350
0.022797 0.792072
0.023526 0.814406
0.024310 0.817973
0.026643 0.800476
0.025653 0.753496
0.037882 0.724026
0.002843 0.812446
-0.011126 0.692936
-0.014908 0.714228
-0.020561 0.754638
-0.021279 0.789538
-0.023503 0.812859
-0.027299 0.821063
-0.028762 0.802568
-0.032123 0.755079
-0.042571 0.727277
-0.064979 0.773753
0.015776 0.706750
0.022392 0.741142
0.022351 0.791221
0.023106 0.830201
0.023465 0.846945
0.028515 0.838828
0.024266 0.802075
0.013484 0.758081
0.014984 0.725166
0.059086 0.755791
0.051098 0.700491
0.062345 0.731282
0.061605 0.784610
0.053671 0.823631
0.041463 0.838593
0.024140 0.833158
0.010289 0.798792
0.006329 0.755152
-0.006011 0.716268
-0.011802 0.790007
0.023999 0.657125
0.044711 0.692446
0.060721 0.740793
0.072335 0.768319
0.080194 0.774637
0.090205 0.755254
0.103260 0.715110
0.106936 0.658652
0.116289 0.626685
0.164691 0.635333
-0.011268 0.657595
-0.034526 0.693062
-0.064538 0.742341
-0.087773 0.769330
-0.112293 0.774605
-0.139572 0.760473
-0.161203 0.720831
-0.173999 0.668388
-0.183769 0.646552
-0.259007 0.694161
0.005542 0.709345
0.009333 0.705362
0.013723 0.706132
0.016179 0.705243
0.021434 0.704221
0.021990 0.699747
0.023252 0.701039
0.024056 0.697936
0.023457 0.702912
0.111489 0.737275
-0.011829 0.703131
-0.013729 0.705713
-0.019479 0.705706
-0.026531 0.705251
-0.024338 0.701842
-0.026898 0.702513
-0.034316 0.697173
-0.031886 0.698431
-0.036589 0.699249
-0.142961 0.691685
0.005212 0.709245
0.009803 0.705342
0.016520 0.705858
0.019567 0.705490
0.021084 0.704399
0.027109 0.701506
0.028194 0.701779
0.030038 0.696281
0.044825 0.691099
0.018870 0.672248
-0.011564 0.702964
-0.013676 0.706921
-0.018569 0.706173
-0.017632 0.706491
-0.022034 0.703815
-0.026552 0.704658
-0.028061 0.704573
-0.032704 0.702906
-0.031428 0.698883
-0.017812 0.670708
0.005107 0.708977
0.007322 0.705047
0.011174 0.706119
0.017301 0.704662
0.021505 0.706978
0.028253 0.702409
0.026562 0.706638
0.037649 0.702031
0.028105 0.696852
0.037401 0.653370
-0.010506 0.702389
-0.010673 0.705576
-0.014163 0.706101
-0.019588 0.707179
-0.019491 0.706435
-0.024856 0.706871
-0.026138 0.708429
-0.030334 0.703602
-0.028440 0.697143
0.030687 0.656005
0.007722 0.707621
0.009150 0.706123
0.014224 0.707100
0.016037 0.707771
0.015018 0.711537
0.019736 0.707116
0.026445 0.708882
0.027993 0.704975
0.025617 0.693825
-0.145966 0.718712
-0.007857 0.703278
-0.011179 0.706596
-0.012667 0.708061
-0.014698 0.710240
-0.019089 0.712359
-0.022818 0.712537
-0.021077 0.709890
-0.019801 0.705890
-0.025115 0.693043
-0.082218 0.727026
0.004166 0.705619
0.008130 0.706774
0.011811 0.707850
0.012096 0.711534
0.015956 0.712427
0.018313 0.713844
0.023833 0.713373
0.019902 0.706365
0.029461 0.708182
0.100137 0.697565
-0.013756 0.705142
-0.011591 0.704084
-0.012761 0.707656
-0.013172 0.710682
-0.015228 0.715949
-0.018829 0.713962
-0.018482 0.713184
-0.024957 0.706108
-0.030081 0.704132
0.006555 0.745322
0.001783 0.706207
0.007909 0.707403
0.009236 0.712058
0.015099 0.717410
0.016729 0.718125
0.020732 0.719612
0.021863 0.720406
0.018473 0.715988
0.023552 0.705659
-0.038380 0.688464
-0.008710 0.704852
-0.008744 0.707382
-0.010037 0.711220
-0.011615 0.713879
-0.015671 0.719037
-0.014401 0.720330
-0.013029 0.717835
-0.015271 0.711967
-0.005138 0.719292
-0.019272 0.685457
-0.000389 0.706477
0.001758 0.708253
0.002856 0.713595
0.002981 0.719276
0.003425 0.723767
0.009529 0.725478
0.010339 0.724720
0.007885 0.711975
0.022826 0.706740
0.063169 0.742955
-0.008618 0.703400
-0.005846 0.706609
-0.010985 0.713188
-0.008415 0.716932
-0.014035 0.722925
-0.015707 0.727173
-0.011456 0.724645
-0.016779 0.713040
-0.028669 0.711822
-0.017917 0.722081
0.003660 0.708249
0.000675 0.709621
0.005325 0.717328
0.008758 0.724150
0.007093 0.730309
0.004073 0.728086
0.009207 0.728481
0.006421 0.718228
0.010208 0.717143
-0.023305 0.737503
-0.005717 0.703482
-0.008430 0.707455
-0.010224 0.713281
-0.010214 0.720070
-0.008523 0.726082
-0.011949 0.728554
-0.014702 0.728803
-0.017260 0.716524
-0.010230 0.715600
-0.090604 0.706169
0.009094 0.707847
0.005394 0.711130
0.007992 0.718626
0.009732 0.725194
0.011434 0.731972
0.005260 0.734114
0.003751 0.729730
0.013102 0.720195
0.015611 0.720199
0.026424 0.744510
0.001774 0.704008
0.004082 0.706832
-0.001337 0.717091
-0.000923 0.724655
-0.002427 0.730101
-0.004325 0.730953
-0.003739 0.727504
-0.007291 0.718614
-0.016490 0.715347
-0.003460 0.760618
0.011019 0.707030
0.009979 0.711736
0.013089 0.720681
0.013896 0.728646
0.012236 0.734839
0.013488 0.736506
0.013465 0.730754
0.012037 0.715811
0.009114 0.709198
-0.027473 0.724298
-0.012905 0.705092
-0.015108 0.709798
-0.012198 0.719711
-0.014387 0.729274
-0.010516 0.733678
-0.015367 0.736718
-0.022547 0.729048
-0.014436 0.719835
-0.038840 0.711934
-0.031236 0.724329
0.005214 0.706164
0.004447 0.712770
0.004422 0.722454
0.006841 0.730551
0.006896 0.737546
0.009834 0.734727
0.010032 0.732955
-0.000908 0.719305
0.009890 0.710030
0.072397 0.757651
-0.006979 0.706876
-0.011247 0.711591
-0.011334 0.722253
-0.011788 0.730641
-0.014714 0.734822
-0.018868 0.738872
-0.016474 0.731040
-0.021763 0.721331
-0.022683 0.712600
-0.085609 0.712065
0.007373 0.710313
0.008520 0.719063
0.008277 0.726231
0.007426 0.737000
0.008291 0.739284
0.008335 0.738593
0.008469 0.731074
0.005219 0.719495
0.000279 0.721124
-0.004222 0.660737
0.014401 0.702009
0.013376 0.706625
0.012017 0.718496
0.008585 0.728695
0.004091 0.731662
-0.000746 0.732765
-0.004275 0.724012
-0.006638 0.715853
-0.017018 0.702418
-0.009494 0.763502
0.024832 0.711958
0.024536 0.719689
0.022376 0.727113
0.021922 0.735795
0.022763 0.739713
0.026693 0.736916
0.022540 0.730469
0.017801 0.720303
0.003764 0.710224
0.035387 0.686256
0.056665 0.699823
0.052142 0.705401
0.045866 0.715950
0.037924 0.724814
0.035361 0.729542
0.025748 0.727827
0.011411 0.721599
0.015598 0.716839
0.008495 0.714110
0.070967 0.670030
0.004375 0.709219
0.007352 0.713384
0.003758 0.720630
0.002141 0.728795
-0.000314 0.733419
0.005146 0.731562
-0.003280 0.723042
-0.004182 0.715049
0.004853 0.713905
0.017791 0.744461
0.082934 0.700786
0.076961 0.708067
0.069079 0.718677
0.061015 0.726258
0.047161 0.729644
0.031386 0.728185
0.022302 0.719038
0.017590 0.715541
0.009910 0.698531
-0.012855 0.717304
0.032702 0.703029
0.031851 0.707452
0.032229 0.710320
0.030048 0.713028
0.030201 0.713321
0.029180 0.715928
0.030035 0.715784
0.030485 0.711010
0.030788 0.709292
0.064569 0.736613
0.122831 0.700357
0.112243 0.701770
0.104559 0.703818
0.087777 0.706430
0.073748 0.708068
0.065626 0.705025
0.052175 0.703079
0.051350 0.700842
0.049006 0.704387
0.139796 0.666706
2.751797 2.100909
2.687414 2.046803
2.691540 2.054665
2.708438 2.066606
2.716602 2.078258
2.710754 2.091074
2.725129 2.090328
2.708508 2.095895
2.711257 2.093831
2.910394 1.821372
1.339281 1.173923
1.297971 1.145440
1.310021 1.147401
1.332434 1.149219
1.347203 1.150673
1.354143 1.153857
1.370712 1.147143
1.361019 1.158783
1.358295 1.149393
1.411740 0.995745
-0.008796 0.886324
-0.008386 0.943238
-0.014780 0.960631
-0.019635 0.970891
-0.026223 0.973040
-0.029484 0.963946
-0.033580 0.956111
-0.035738 0.948059
-0.033280 0.945906
0.017208 0.939226
-0.008759 0.881532
-0.014537 0.930525
-0.018057 0.955885
-0.020391 0.964597
-0.020580 0.962188
-0.025076 0.958639
-0.024736 0.951518
-0.024520 0.945894
-0.034209 0.947791
-0.156150 0.899253
2.724386 2.086159
2.630318 2.014905
2.611599 2.010322
2.609769 2.011587
2.602648 2.015802
2.586447 2.021730
2.593720 2.017395
2.577409 2.022254
2.582409 2.026529
2.794416 1.760225
1.325513 1.170961
1.268431 1.139461
1.268871 1.138868
1.280846 1.138334
1.288171 1.137543
1.288801 1.138932
1.301990 1.129576
1.293163 1.141045
1.288766 1.132174
1.314194 0.969820
0.001587 0.710850
0.000738 0.708650
0.006918 0.707009
0.007938 0.705779
0.014941 0.704766
0.014855 0.702556
0.023361 0.702230
0.023680 0.697948
0.019028 0.690346
0.085977 0.719760
-0.022183 0.705461
-0.030092 0.705601
-0.041040 0.703854
-0.052617 0.701010
-0.061628 0.698582
-0.068683 0.696413
-0.071012 0.697962
-0.072197 0.694304
-0.085582 0.691360
-0.046622 0.709622
0.020992 0.709754
0.015392 0.711745
0.018619 0.711120
0.022419 0.712132
0.022155 0.707863
0.027055 0.707905
0.031557 0.699278
0.032520 0.696662
0.029590 0.702704
-0.065449 0.728467
-0.004577 0.709336
-0.004444 0.710557
-0.007346 0.713700
-0.008758 0.711669
-0.006623 0.709222
-0.010348 0.705104
-0.007125 0.699580
-0.009189 0.698329
0.004512 0.702434
-0.028186 0.681353
0.015953 0.706705
0.000199 0.708051
0.000089 0.707425
-0.004675 0.708750
-0.008424 0.707829
-0.009631 0.706506
-0.013725 0.704405
-0.019504 0.701645
-0.002107 0.705749
0.030058 0.685093
0.006047 0.710008
0.016646 0.709240
0.023701 0.708442
0.029885 0.710909
0.033376 0.709105
0.039746 0.709003
0.043353 0.705114
0.042843 0.705258
0.049740 0.702681
0.133544 0.707974
0.008819 0.704921
0.007827 0.702280
0.008467 0.703398
0.007337 0.707080
0.008977 0.706988
0.006768 0.706952
0.004818 0.705864
0.006253 0.708524
0.003768 0.699251
0.027911 0.750712
0.004775 0.706811
0.003884 0.706578
0.001280 0.705882
0.003197 0.704413
0.004523 0.708769
-0.001004 0.709490
-0.002144 0.707166
-0.004886 0.711176
-0.013288 0.709727
0.077162 0.703791
0.012832 0.702918
0.021310 0.699817
0.020735 0.702828
0.020831 0.704047
0.024249 0.706973
0.021701 0.710784
0.023843 0.708340
0.019172 0.704830
0.017967 0.706900
0.088926 0.706788
-0.008539 0.707899
-0.014066 0.703115
-0.013800 0.705140
-0.015871 0.706291
-0.014245 0.708860
-0.009400 0.709515
-0.011549 0.707986
-0.008158 0.709676
-0.014087 0.717835
0.004365 0.672271
0.029756 0.706331
0.020218 0.703948
0.023044 0.708036
0.022386 0.717524
0.024092 0.716994
0.023646 0.712071
0.025681 0.703692
0.022235 0.695362
0.027110 0.693426
0.044287 0.668794
-0.005061 0.707214
-0.006015 0.702959
-0.008260 0.709003
-0.008608 0.714623
-0.006734 0.714898
-0.008689 0.712536
-0.006123 0.701572
-0.007669 0.699888
-0.004783 0.709119
0.086488 0.727392
0.009438 0.704683
0.001950 0.706359
-0.001488 0.707716
0.000335 0.704763
-0.003491 0.705799
-0.003124 0.702387
-0.005311 0.701750
-0.006992 0.705399
0.007851 0.704065
-0.004775 0.704746
0.005109 0.709877
0.006788 0.709568
0.009756 0.709549
0.014400 0.707390
0.009796 0.707056
0.018417 0.707967
0.017167 0.705770
0.017183 0.706767
0.016544 0.701263
0.066736 0.708438
0.009615 0.705600
-0.001255 0.705679
0.000521 0.706035
-0.001754 0.707030
-0.003912 0.707227
-0.006615 0.704728
-0.007186 0.704152
-0.010287 0.701069
-0.030731 0.694166
0.044929 0.702308
0.003706 0.709563
0.006780 0.710007
0.011404 0.707373
0.010877 0.708443
0.017736 0.708636
0.017111 0.707482
0.019985 0.706840
0.019458 0.705263
0.020440 0.702368
0.090370 0.736710
0.010138 0.705788
-0.001999 0.706161
0.000183 0.706065
-0.002721 0.707229
-0.000356 0.705397
-0.004204 0.702673
-0.001810 0.704246
-0.008196 0.705070
0.003958 0.708838
0.027885 0.663637
0.003066 0.709678
0.006236 0.708509
0.007710 0.708375
0.010745 0.708792
0.012996 0.709782
0.015919 0.708725
0.016491 0.706957
0.019741 0.707313
0.028459 0.708444
0.034176 0.742044
0.007969 0.706779
-0.000051 0.708466
-0.000389 0.707139
-0.001326 0.707996
-0.007170 0.705688
-0.003244 0.705925
-0.010309 0.704485
-0.009332 0.701958
0.007395 0.700908
-0.015625 0.700642
0.004058 0.709574
0.009071 0.706702
0.011818 0.707708
0.014932 0.708895
0.015458 0.707400
0.018636 0.706417
0.019489 0.705373
0.020500 0.708303
0.013546 0.705131
0.113711 0.665850
0.001566 0.706973
0.000902 0.707500
0.001397 0.706574
-0.003311 0.706266
-0.001945 0.706254
-0.003848 0.707890
-0.005957 0.708764
-0.007725 0.708311
0.007143 0.702653
-0.007902 0.696115
0.005634 0.708948
0.010167 0.706607
0.012658 0.708413
0.014986 0.705869
0.018347 0.708822
0.015764 0.706421
0.022471 0.704720
0.017770 0.700412
0.035440 0.700265
-0.040328 0.670553
0.003086 0.706627
-0.000452 0.705849
0.005909 0.707383
0.003933 0.707696
0.004173 0.706105
0.005213 0.708919
0.004296 0.706451
0.003418 0.708094
0.002010 0.699182
-0.016688 0.716727
0.004214 0.707790
0.000073 0.707682
0.000622 0.707513
0.000983 0.707557
0.003632 0.706688
0.002260 0.707756
0.000326 0.707601
-0.002941 0.701407
0.000183 0.702436
-0.050169 0.710937
0.005244 0.704940
0.003452 0.706728
0.001600 0.707104
0.001509 0.706125
0.002294 0.709100
0.001722 0.706811
0.003770 0.708426
0.000414 0.705718
-0.010337 0.704601
0.049733 0.674051
0.003279 0.710314
0.000778 0.708893
0.001194 0.707148
-0.000465 0.706004
-0.001221 0.707405
-0.004837 0.708392
0.001796 0.706417
-0.003413 0.706695
0.002641 0.713344
0.003061 0.743437
0.006480 0.706186
0.004236 0.705856
0.004629 0.705593
0.006673 0.706999
0.003548 0.707278
0.003583 0.706491
-0.000156 0.705928
0.005869 0.706386
0.014594 0.700856
0.048928 0.728935
0.001202 0.707338
0.001170 0.709285
-0.000743 0.708039
0.002944 0.708380
0.001056 0.710321
-0.000717 0.707248
-0.006298 0.707758
-0.005919 0.709219
-0.013234 0.702208
0.081195 0.655262
0.006917 0.708398
0.007756 0.705826
0.005969 0.705544
0.003954 0.706400
0.008567 0.708661
0.004492 0.707133
0.002544 0.705495
0.006342 0.708944
0.008645 0.706158
0.004934 0.729592
-0.001034 0.706636
-0.000055 0.707823
-0.002218 0.707798
-0.002497 0.706698
0.004355 0.704097
-0.001682 0.709077
-0.004298 0.706664
0.001654 0.707456
-0.023179 0.709835
0.116860 0.701718
0.003613 0.706365
0.003847 0.705702
0.001470 0.706053
-0.001219 0.705848
0.003116 0.706792
-0.000667 0.707291
-0.001264 0.705231
-0.001787 0.712360
-0.005055 0.702217
-0.037555 0.642524
0.006510 0.706804
0.007287 0.707581
0.005051 0.706579
0.006129 0.709157
0.003796 0.707567
0.001923 0.705289
0.003777 0.708545
-0.000851 0.708547
0.009435 0.714040
0.031447 0.652631
0.000129 0.706411
0.000311 0.703262
-0.000686 0.705682
-0.000383 0.705933
0.005215 0.707618
-0.000242 0.707518
0.005850 0.707572
-0.000950 0.705174
-0.011177 0.711934
0.094276 0.674594
0.002399 0.708013
-0.001699 0.705811
0.002436 0.707055
0.001786 0.707564
0.002494 0.706170
0.002569 0.707597
0.000886 0.709993
-0.000471 0.709310
0.001003 0.714210
-0.048697 0.659794
0.015924 0.703571
0.020760 0.702832
0.017730 0.704612
0.015853 0.706373
0.016432 0.707129
0.015401 0.706995
0.013287 0.708290
0.016610 0.709031
0.019995 0.705931
-0.028265 0.699389
-0.004729 0.709766
-0.002223 0.708431
-0.001946 0.707501
-0.003565 0.707167
-0.001641 0.711025
0.000824 0.706996
0.000486 0.708039
0.004284 0.705478
-0.001263 0.707959
0.019413 0.685290
0.018704 0.704260
0.023808 0.706424
0.022018 0.706906
0.021040 0.706910
0.021508 0.705645
0.019081 0.709964
0.021082 0.707088
0.011109 0.708122
0.016216 0.710740
0.057190 0.728106
-0.013248 0.708312
-0.013596 0.706484
-0.012232 0.706688
-0.013525 0.706455
-0.012159 0.707402
-0.004933 0.707593
-0.011811 0.703364
-0.006890 0.709591
-0.011822 0.716119
0.002124 0.737950
0.005950 0.703783
0.006051 0.705457
0.003815 0.706979
0.004663 0.704119
0.005578 0.706863
0.007624 0.710594
0.004501 0.708809
0.006946 0.710015
0.013980 0.704946
0.063601 0.728957
-0.004788 0.709392
-0.000851 0.707732
-0.007057 0.707329
-0.004210 0.709217
-0.002858 0.707531
-0.001375 0.708635
-0.000133 0.708086
0.002060 0.707435
0.004069 0.713207
0.066584 0.794486
-0.009440 0.696267
-0.000780 0.696318
0.002683 0.697006
0.005762 0.699240
0.003728 0.699785
0.012745 0.700013
0.018277 0.701683
0.019551 0.698859
0.003016 0.693596
0.112748 0.709761
-0.042723 0.717050
-0.051745 0.716006
-0.048045 0.715020
-0.047961 0.711665
-0.048977 0.712509
-0.054118 0.712404
-0.057175 0.713374
-0.056314 0.711327
-0.081654 0.718210
-0.155502 0.716450
0.220523 0.280185 -0.059112 -0.246547 -0.117460 -0.065435 -0.059290 -0.006576 
0.248292 0.453123 0.273693 0.120228 0.022450 -0.052919 -0.050710 -0.038904 
0.254626 0.338819 0.056343 -0.174208 -0.100660 -0.073462 -0.088676 -0.047367 
0.206765 0.418152 0.288278 0.171238 0.096726 0.011657 -0.017760 -0.017910 
0.262672 0.331474 0.119360 -0.108750 -0.031473 -0.005002 -0.050806 -0.034330 
0.133075 0.341128 0.203276 0.107463 0.096559 0.037796 0.011465 0.021019 
0.245290 0.277321 0.095928 -0.109490 -0.018252 0.026199 -0.030361 -0.021336 
0.094154 0.304783 0.137642 0.046965 0.072728 0.024621 0.002930 0.021848 
0.229768 0.228581 0.086705 -0.106357 -0.009140 0.045217 -0.016815 -0.027949 
0.028798 0.266474 0.082860 0.003090 0.067128 0.024531 -0.006944 0.020667 
0.219973 0.190462 0.077599 -0.110537 -0.015788 0.053742 -0.016787 -0.030640 
-0.002310 0.260855 0.071581 -0.004131 0.068804 0.026806 -0.013509 0.021401 
0.209339 0.179587 0.097074 -0.109503 -0.022075 0.049554 -0.025344 -0.041093 
-0.024521 0.275008 0.087546 0.005136 0.092982 0.036649 -0.011540 0.025535 
0.224474 0.196209 0.143709 -0.074779 -0.009833 0.064491 -0.026415 -0.050471 
-0.060855 0.278891 0.108251 0.032327 0.125231 0.065020 0.004157 0.045916 
0.269205 0.298377 0.231835 -0.048837 -0.026533 0.025759 -0.075632 -0.099416 
-0.019934 0.353540 0.199074 0.134737 0.218383 0.134907 0.063559 0.085768 
0.233464 0.443251 0.189308 -0.026225 0.019011 -0.076047 -0.144319 -0.127689 
0.029079 0.435093 0.195152 0.296768 0.278176 0.157223 0.142800 0.093445 
-0.009273 -0.002614 0.000750 0.001358 0.001781 -0.001012 0.000330 -0.000631 
-0.022149 -0.009109 0.001607 0.003047 0.005025 0.001040 0.000833 0.001189 
-0.011009 -0.004624 -0.002692 0.003308 -0.001034 0.000253 -0.001895 0.001707 
-0.020083 -0.007737 0.006319 0.003526 0.002152 0.000751 -0.002109 0.001708 
0.001856 -0.011688 -0.001905 0.003350 0.000700 -0.001148 0.002589 0.000064 
-0.010694 -0.004477 0.003634 0.002273 -0.000044 -0.003133 -0.003210 -0.000223 
0.005391 -0.004082 -0.004016 0.002443 0.000420 0.001185 -0.002381 -0.000341 
0.002950 -0.006656 0.001978 0.004660 0.000850 -0.000767 -0.001379 0.002955 
0.004160 -0.001097 -0.004317 0.001497 0.002785 0.000428 0.001083 -0.000535 
0.007287 -0.009903 0.001374 0.003535 0.002616 0.001302 -0.006828 0.001598 
0.009832 0.006293 -0.005984 0.003864 -0.000551 0.001766 0.000035 -0.000657 
0.018581 -0.001916 -0.003702 0.003085 0.001941 -0.002206 0.001567 0.002944 
0.007843 0.003697 -0.010775 0.005898 -0.003370 0.001905 0.001869 -0.003692 
0.017469 -0.005831 0.002308 0.004538 0.002724 -0.001472 0.002030 0.001925 
0.013486 0.007462 -0.009234 0.001462 -0.005364 0.004260 0.000870 -0.006327 
0.024931 -0.008138 -0.000339 0.001615 0.000099 -0.005000 -0.004758 0.002850 
0.015805 -0.026957 -0.006765 0.005877 -0.004475 -0.000131 0.007452 -0.002585 
0.019976 -0.003276 -0.007417 0.005218 0.004452 -0.000525 -0.004595 -0.003120 
-0.015030 -0.043492 -0.009282 0.004906 -0.007387 -0.001206 0.000198 -0.011352 
0.026780 -0.006537 -0.002676 0.000644 0.004324 -0.005474 -0.002818 0.005843 
0.146540 0.136095 -0.135517 -0.164231 0.039073 0.049445 -0.019525 -0.009718 
0.200028 0.305816 0.055098 -0.057547 -0.035682 -0.010259 0.012105 0.004075 
0.199172 0.220347 -0.041618 -0.160887 -0.008589 0.030651 -0.013559 -0.007412 
0.170785 0.305659 0.111969 -0.002901 -0.010972 -0.018639 0.000322 0.010762 
0.211402 0.222060 0.010053 -0.138635 -0.004224 0.031898 -0.018166 -0.011487 
0.103349 0.259284 0.081193 -0.007929 0.014453 -0.002671 -0.000248 0.014337 
0.206279 0.202324 0.016972 -0.130408 -0.001870 0.042546 -0.015044 -0.010048 
0.065521 0.241426 0.056559 -0.018206 0.024389 -0.000144 -0.003547 0.017076 
0.203600 0.184764 0.030797 -0.122259 -0.002352 0.048785 -0.011566 -0.018862 
0.009005 0.225585 0.034477 -0.030579 0.035587 0.004210 -0.011873 0.015003 
0.207922 0.179318 0.047671 -0.117275 -0.009847 0.051159 -0.011902 -0.023869 
-0.017036 0.230988 0.037410 -0.021074 0.048775 0.011414 -0.014510 0.019775 
0.208409 0.190643 0.082029 -0.113634 -0.015953 0.049899 -0.017216 -0.027766 
-0.040343 0.245598 0.052762 -0.010467 0.073009 0.019230 -0.012899 0.024733 
0.228086 0.224507 0.133494 -0.082387 -0.003807 0.061421 -0.015255 -0.029985 
-0.072650 0.251262 0.069137 0.019390 0.102781 0.042291 0.004114 0.045617 
0.272215 0.329822 0.235999 -0.034056 0.005488 0.049921 -0.038769 -0.055512 
-0.037224 0.316632 0.147269 0.106919 0.185987 0.108340 0.064542 0.096293 
0.233643 0.422956 0.149233 -0.077556 -0.033325 -0.109899 -0.165992 -0.138282 
0.053678 0.448319 0.212332 0.282314 0.252188 0.125981 0.103482 0.052601 
0.021343 -0.026546 -0.003524 0.000259 -0.002322 0.000758 -0.004212 -0.000366 
-0.178117 -0.010782 0.002342 0.002665 0.001607 -0.002950 0.003250 0.000119 
0.015968 -0.011681 -0.004699 -0.000407 -0.000395 0.001010 -0.000820 -0.001865 
-0.116615 -0.010066 0.004292 0.003975 -0.003065 -0.000931 -0.000318 0.005503 
0.002809 -0.005015 -0.001359 0.000891 0.001318 0.000967 0.001486 0.001043 
-0.051022 -0.007925 -0.000804 0.001693 0.000357 0.001751 0.002211 0.003749 
-0.006535 0.000362 -0.001525 -0.001292 -0.002747 0.000458 -0.000078 -0.001353 
0.009750 -0.006337 0.000234 0.001234 -0.000434 0.001087 0.000147 -0.000644 
-0.005098 -0.006332 -0.002652 0.000362 -0.000992 -0.000137 0.001026 -0.003121 
0.061260 -0.008655 -0.003368 0.001516 0.002184 -0.003154 -0.001550 -0.000116 
-0.019326 -0.008522 0.002514 0.001721 -0.004179 -0.001588 0.002020 -0.002448 
0.101973 -0.010608 -0.003503 0.002310 -0.001104 -0.004964 -0.000901 0.002271 
-0.018808 -0.013603 0.006688 0.003711 -0.007773 -0.000922 0.002077 0.001319 
0.134724 -0.014741 -0.003558 -0.000994 0.005455 -0.004631 -0.006432 0.000360 
-0.019048 -0.018753 0.006258 0.004844 -0.011729 -0.004573 -0.000333 -0.000262 
0.134687 -0.018381 -0.003702 0.002609 0.007630 -0.008103 -0.010093 -0.000320 
-0.002952 -0.008015 0.002743 0.011227 -0.005580 -0.001359 0.000543 0.000682 
0.131617 -0.010575 -0.003544 -0.002437 0.006909 -0.000972 -0.012347 -0.007190 
-0.004708 -0.014231 0.005406 0.007501 -0.006479 -0.005968 -0.006203 -0.004690 
0.096622 -0.016779 0.006348 -0.003871 0.006322 0.002228 -0.001269 0.003055 
0.050909 -0.007887 0.000322 -0.003221 0.000130 -0.001028 -0.000110 -0.001431 
-0.065595 -0.001943 0.001133 -0.000680 0.002170 -0.001099 0.000094 0.000290 
0.028151 -0.001821 0.003489 0.004681 0.001459 0.000720 0.002641 -0.001423 
-0.039909 -0.000547 -0.000199 0.002609 0.002845 0.000918 0.000846 -0.000076 
0.011182 -0.004349 0.001565 -0.000712 0.000053 -0.001460 0.000761 0.001253 
-0.015520 0.002386 0.001248 0.001646 0.002324 0.001718 0.001104 -0.001376 
-0.005738 -0.004128 0.002478 -0.000658 0.000023 -0.000090 -0.002125 0.002588 
0.008527 0.003741 0.001675 -0.000683 0.001863 0.001501 0.000939 0.001233 
-0.014968 0.000431 -0.001308 -0.000214 -0.002072 -0.000022 -0.003076 0.000998 
0.018612 -0.001611 -0.000022 -0.000072 -0.003358 -0.001189 -0.000851 -0.001068 
-0.025699 -0.000176 0.001024 0.001427 -0.002387 0.001355 0.000951 -0.000740 
0.031189 0.000657 0.001543 -0.001228 0.000350 0.001399 0.000051 -0.000899 
-0.031436 -0.004110 0.002167 -0.001790 -0.000548 -0.002103 -0.001431 0.000878 
0.054229 0.000192 -0.002899 0.003243 -0.000521 0.002284 0.002104 0.001795 
-0.047613 -0.013727 0.002934 -0.002035 0.000147 0.003015 0.001729 -0.000791 
0.056402 -0.008206 -0.000932 0.001055 0.000073 -0.001039 0.003129 -0.001249 
-0.070382 0.025700 -0.003086 -0.000909 0.001880 -0.001439 0.000959 -0.000814 
0.041657 -0.009719 0.008703 -0.006424 0.005330 -0.001356 -0.002586 0.004328 
-0.148486 0.123898 -0.032861 0.024346 -0.006847 0.002074 -0.000672 0.002257 
-0.025874 0.002164 -0.003924 0.002591 -0.006681 -0.000284 -0.006007 0.007883 
0.044942 -0.007180 -0.001428 -0.002434 -0.000189 0.001582 0.000182 -0.002980 
-0.036813 -0.001690 0.000205 -0.000418 0.002694 -0.001291 -0.000700 -0.000024 
0.025941 -0.005150 0.000066 0.000881 0.000605 -0.000226 0.000479 0.003703 
-0.028365 0.001985 0.002238 -0.003426 -0.003807 -0.003603 -0.005269 0.000128 
0.008688 0.000535 -0.002352 -0.000678 0.002014 0.000570 0.000355 0.001129 
-0.005185 0.001576 0.000341 0.001309 0.003167 -0.001256 -0.000329 0.000663 
0.001665 -0.000183 0.003715 0.001715 -0.001906 0.002195 0.000092 -0.001052 
-0.001525 0.002842 -0.001563 -0.001298 0.000357 -0.000512 0.002671 -0.004799 
-0.011422 0.000529 -0.001027 0.001095 0.001748 0.002507 0.000492 0.002044 
0.008874 0.004400 -0.003718 -0.001777 0.000670 -0.001727 0.000043 -0.000229 
-0.025447 0.000936 0.000385 0.001457 0.000504 0.000422 0.002243 -0.001400 
0.016129 0.003589 0.000888 0.000892 -0.000393 -0.001505 0.001131 -0.001060 
-0.030526 0.004335 -0.003192 -0.000708 -0.002921 -0.001061 -0.000984 0.000352 
0.027697 0.001774 0.000601 0.003402 -0.002510 0.001432 0.002495 -0.000258 
-0.041270 0.000784 -0.002059 -0.001960 0.000495 0.003521 -0.000353 -0.003228 
0.029531 0.000381 -0.002539 0.000862 -0.002735 -0.000155 -0.000178 -0.001504 
-0.068186 0.014984 0.002005 -0.003832 0.002057 0.003211 -0.000863 0.001249 
0.044436 -0.006765 0.002435 -0.003118 -0.000956 0.000402 0.000241 -0.002221 
-0.071970 -0.107036 0.013759 0.006036 0.000748 0.005387 0.000191 0.001831 
0.070026 -0.013488 -0.002094 0.008503 -0.003840 0.003822 0.003847 -0.010060 
0.018186 -0.005311 0.000248 0.001606 0.000308 -0.001284 -0.003364 0.003047 
-0.017406 -0.003981 -0.000150 0.002184 -0.000532 -0.000173 -0.000615 0.003334 
0.007031 -0.005242 -0.000269 -0.001609 0.000710 0.002447 0.002338 -0.001214 
-0.007178 -0.000272 0.000995 -0.001715 -0.003667 -0.000582 0.001521 -0.000786 
0.006430 0.000386 -0.001344 0.000425 0.000489 0.001647 -0.001335 0.002991 
-0.004450 0.002257 -0.001969 0.000542 -0.000463 0.001244 0.001095 0.003332 
0.002868 -0.002461 -0.003589 0.000197 0.001189 -0.000381 0.001628 0.002413 
-0.001519 0.000433 0.001037 -0.000641 0.002888 -0.001701 0.000473 0.004188 
-0.005477 0.002591 0.000602 0.001960 -0.000931 -0.000297 0.000264 -0.002033 
0.003300 0.001891 -0.000135 0.001688 -0.001151 0.000892 0.000941 -0.001029 
-0.006689 0.010398 0.000540 -0.001235 0.001299 -0.000004 0.001656 0.001461 
0.010935 -0.002630 0.001329 0.000309 -0.000873 -0.000421 0.000929 0.000306 
-0.018881 0.007070 0.000148 0.000422 -0.002272 0.003444 0.000489 0.000287 
0.004561 0.000612 0.001016 -0.001122 0.000189 -0.000166 -0.003522 0.001304 
-0.021823 0.005324 0.002344 0.000544 -0.001824 -0.004059 0.000296 -0.002890 
0.010822 0.004860 0.000661 -0.000112 -0.000882 -0.000292 -0.001801 0.002315 
-0.027825 0.015034 -0.001404 -0.001530 0.002667 -0.002376 -0.000122 0.001893 
-0.024845 0.006836 -0.002131 0.001945 -0.000791 -0.001372 -0.001753 -0.001573 
0.013938 -0.044026 -0.004946 0.012023 0.001563 -0.007915 -0.003865 0.006456 
0.156053 0.007791 -0.018712 -0.004466 0.007981 0.005828 -0.004513 -0.004041 
0.000798 -0.002682 -0.000196 -0.000413 -0.001784 0.001571 -0.000897 0.001917 
-0.031493 -0.000727 0.000623 -0.001887 -0.001328 -0.001332 0.001284 -0.001839 
0.007571 -0.002773 0.002543 -0.000428 -0.005672 0.001959 0.000333 -0.002241 
-0.026382 -0.000257 0.001226 -0.001157 0.000927 -0.000844 -0.003128 0.000042 
0.000747 -0.001898 -0.000507 -0.003848 0.002743 0.002059 -0.001414 0.000250 
-0.006926 -0.006211 -0.000846 0.003150 -0.002086 0.000050 -0.001482 0.003638 
0.005561 0.002256 -0.000238 0.000615 -0.000805 0.001928 0.002725 -0.001928 
0.007738 -0.001457 0.004030 0.001774 -0.001422 -0.000532 0.001578 -0.003292 
0.007881 -0.003506 -0.001033 0.002489 0.000016 -0.002584 -0.000060 0.001866 
0.014576 -0.003703 0.000379 -0.002429 0.000608 -0.000518 -0.003181 -0.001135 
-0.008148 0.006421 -0.000100 -0.000612 0.000091 -0.000784 0.001223 -0.002633 
0.036675 -0.003497 0.004094 0.001779 -0.001107 -0.000050 0.001354 0.002231 
-0.007829 -0.000732 0.000255 0.000811 0.001531 0.001099 -0.000364 -0.004035 
0.047957 -0.004549 -0.000475 -0.000939 0.002172 -0.000125 -0.001993 -0.003206 
0.008590 -0.008052 0.000410 -0.001549 -0.002679 0.002417 0.002106 -0.001157 
0.042313 -0.002287 0.002042 -0.001436 0.003095 0.001790 0.000808 -0.000756 
0.017846 -0.038160 0.000799 0.002026 0.000875 0.001662 0.002263 0.002046 
0.020719 -0.006110 0.005075 -0.001370 0.000518 0.001930 0.001405 -0.000180 
-0.063274 -0.039981 0.005885 -0.010709 -0.001099 0.004125 -0.006551 0.000716 
0.119771 -0.016508 0.005488 -0.006544 0.004736 0.005738 -0.000707 -0.002437 
0.070044 -0.015474 -0.002002 0.002050 -0.003319 -0.001245 0.001760 -0.003178 
-0.136841 -0.010658 0.002691 -0.002402 0.001056 0.003230 -0.001105 -0.000071 
0.036108 -0.001005 0.003054 0.003024 -0.001858 -0.000063 0.000235 -0.000933 
-0.079884 -0.000923 0.002078 -0.001000 0.000214 -0.000409 0.000920 0.001749 
0.012676 0.002108 0.001859 -0.000178 0.003078 -0.002456 0.001828 -0.000746 
-0.029938 -0.001608 -0.000142 -0.003119 -0.003263 -0.001571 0.002227 0.002256 
-0.000884 0.004012 -0.001613 -0.001003 -0.000402 0.002269 0.000269 -0.001909 
0.010817 0.003741 0.001034 0.001476 -0.002386 0.000392 -0.000741 0.001496 
-0.016836 -0.001906 0.000676 -0.000450 0.001084 -0.002295 -0.000954 -0.002722 
0.045687 0.002789 0.001088 0.001008 0.000409 -0.001780 -0.001554 0.000703 
-0.041877 -0.002073 -0.000706 -0.004718 -0.003160 0.002959 0.001818 -0.001626 
0.085610 -0.004487 0.003605 0.000433 -0.004008 -0.001895 0.000861 0.000115 
-0.056471 -0.005056 -0.001151 -0.000686 0.001633 -0.000731 -0.002324 0.003164 
0.124858 -0.010795 -0.000003 -0.004047 0.001119 0.000369 -0.000015 -0.002027 
-0.069633 -0.000629 -0.000082 -0.001644 0.000720 -0.000394 -0.001019 0.001233 
0.136474 -0.010566 0.001473 0.000085 -0.001630 -0.002861 0.001338 0.001236 
-0.094806 0.019054 -0.004503 0.000541 -0.000730 -0.002031 0.000745 0.000015 
0.114373 -0.015148 0.003205 -0.001564 0.001186 -0.002365 0.002278 0.000618 
-0.188388 0.076131 -0.011443 0.000303 -0.004445 0.002425 0.002476 -0.000232 
0.196395 -0.048670 0.028754 -0.002911 -0.001058 -0.001289 0.000057 -0.000933 
0.014939 -0.000258 -0.002515 0.000910 -0.001871 0.000106 0.000097 0.001219 
-0.018572 0.004850 0.000437 -0.000639 -0.002290 0.003612 0.001164 0.001077 
0.007063 0.002598 -0.001168 -0.000221 0.001699 -0.002514 0.001077 -0.001486 
-0.015773 0.005975 -0.003242 -0.002898 -0.000402 0.001155 -0.000015 0.000748 
0.005341 0.001349 -0.002128 0.002293 -0.003029 -0.000757 0.002084 0.000832 
-0.009329 0.001900 0.004852 -0.004095 0.002373 0.000907 -0.002345 0.002275 
-0.001700 0.004954 0.001430 -0.002432 -0.001284 0.001945 -0.000549 -0.000236 
0.003350 0.003225 -0.000146 0.001838 0.001358 0.001076 -0.000805 -0.001045 
-0.012391 0.006039 0.001632 -0.000541 0.002805 0.000584 0.000209 0.002630 
0.006911 0.001504 0.000072 -0.002374 0.001437 0.001678 -0.001363 0.001006 
-0.012732 -0.005896 0.002678 -0.002513 0.000969 -0.001436 -0.000260 0.004005 
0.007458 -0.000020 -0.001022 -0.000049 -0.002884 0.004384 0.000208 0.000262 
-0.005349 -0.005202 -0.000099 -0.002715 -0.001456 0.002637 0.000577 0.001044 
0.013401 -0.000252 0.001227 -0.000158 -0.000047 0.003587 0.002698 -0.002659 
-0.018027 0.005522 0.001988 -0.005885 0.004087 -0.001436 -0.007258 0.002372 
0.008371 0.000306 0.002020 0.002399 -0.003736 0.005148 0.002734 -0.008771 
-0.046305 0.033088 -0.006775 -0.002400 0.000185 -0.004405 -0.000859 -0.003383 
0.014017 0.002491 0.005358 0.000805 0.000083 0.003553 -0.000475 0.002333 
-0.091017 0.013960 -0.003692 -0.008026 0.001726 -0.000112 -0.002319 0.006278 
0.063676 -0.012498 0.005193 0.001131 -0.003825 0.012269 -0.005357 0.000870 
0.023440 -0.006897 -0.000413 0.002840 -0.000675 -0.000169 -0.000180 -0.000056 
-0.013247 0.004073 -0.001669 -0.003001 -0.000569 0.000772 0.002760 0.001275 
0.019798 -0.001394 -0.001333 -0.000024 -0.000683 -0.000140 -0.000497 -0.001290 
-0.010284 0.003152 -0.001390 0.003733 0.001257 -0.004334 -0.001853 0.004332 
0.002374 0.000360 -0.001137 -0.000862 0.001655 -0.001300 0.002325 -0.002108 
-0.004426 0.003565 0.000643 0.000648 -0.000603 0.000123 0.000869 0.003371 
0.007205 -0.006203 -0.001125 0.001284 0.000326 -0.003886 0.000576 0.000635 
-0.006972 0.002219 -0.004385 0.002863 0.002083 -0.001142 -0.000471 0.000803 
-0.006777 -0.003287 -0.000863 -0.002384 0.002988 -0.002667 0.001503 0.000890 
0.001874 0.000587 0.001166 -0.001143 -0.000762 0.001697 0.003125 0.001078 
-0.016494 -0.003022 0.002199 -0.003511 0.001939 0.001217 -0.000848 -0.000060 
0.007383 -0.002037 0.002195 -0.000338 -0.001427 0.002082 0.000822 0.000894 
-0.020304 0.012177 -0.002946 -0.003602 0.003974 -0.000073 -0.000209 0.000374 
0.003579 0.000915 0.001118 0.000894 -0.001174 0.002383 -0.000091 0.003267 
-0.003663 0.004957 -0.001070 -0.004130 0.000510 0.006316 -0.002778 0.000187 
0.016923 -0.000022 -0.005410 0.001706 -0.001705 0.002063 -0.004384 -0.002693 
-0.024635 0.001664 -0.001722 -0.006754 0.002411 0.003189 -0.005565 0.005832 
0.022677 -0.000760 0.000233 -0.001404 -0.006729 0.004792 0.000835 -0.003803 
0.117086 -0.081278 -0.017849 -0.002279 -0.000450 -0.004570 -0.002488 0.003224 
0.035104 0.004365 0.003366 0.014706 0.003786 0.001448 0.006450 -0.002625 
0.017714 -0.010021 0.000278 0.002397 -0.000808 0.000753 -0.001948 -0.002194 
-0.019720 0.002098 0.002700 -0.000621 -0.002583 0.001608 0.000041 -0.000827 
0.014066 -0.002433 0.000761 -0.004262 0.001980 -0.000650 0.000760 -0.000684 
-0.011169 0.005096 0.001261 -0.000350 0.000290 0.003362 -0.001197 -0.001845 
0.006365 -0.003233 0.000539 0.001478 0.000803 0.002844 -0.002348 -0.000285 
0.001539 0.000959 0.002691 0.001360 0.000012 0.001426 0.000881 0.000373 
-0.002563 0.001806 -0.000568 -0.004010 -0.000551 0.003594 -0.002772 0.000828 
-0.001891 0.001131 -0.002265 -0.000350 -0.001051 0.000262 -0.000999 -0.002885 
-0.005655 0.002832 -0.001567 0.000912 0.003150 -0.000858 0.001494 -0.001189 
0.006614 -0.001317 0.002836 -0.000577 0.000100 0.000761 -0.000743 0.001795 
-0.013646 0.007637 0.000066 -0.001308 0.000434 0.004808 0.000549 0.001567 
0.008667 0.000495 -0.000343 -0.000991 -0.005996 0.004869 -0.001624 -0.002961 
-0.018103 0.003862 0.002078 -0.006184 0.000149 0.006230 -0.005931 0.002947 
0.017714 0.002325 0.000156 0.004394 -0.000970 0.003727 0.001215 -0.001761 
-0.017373 -0.004026 -0.004637 -0.005403 0.002446 0.002457 -0.003498 -0.000851 
-0.000628 0.001313 0.004054 -0.002248 -0.001702 0.003728 0.004128 -0.000076 
-0.014051 -0.007583 -0.005525 -0.002500 0.001149 0.005632 -0.003614 0.002690 
-0.007912 0.001750 0.002718 -0.000906 -0.000551 0.005380 -0.002999 -0.004427 
-0.064080 0.106562 -0.016305 0.011868 0.004352 0.002402 0.000317 0.002373 
-0.039792 0.007214 0.004393 0.005837 -0.002459 0.008834 -0.001816 -0.003556 
0.017885 -0.003903 -0.001334 -0.003841 0.001327 -0.002877 -0.000700 -0.000841 
-0.014855 0.003840 -0.000444 0.002266 -0.002050 -0.000694 0.000040 0.002631 
0.011186 -0.001892 0.000463 -0.003469 0.003183 0.001987 -0.002591 0.001327 
-0.011874 0.002301 -0.001433 -0.003139 0.000057 0.000802 -0.002093 -0.001626 
0.007372 0.001342 -0.000087 -0.003276 0.004470 0.000011 0.000589 0.000411 
-0.005837 -0.000305 0.001132 -0.001852 0.000380 -0.000781 -0.000177 -0.000558 
-0.006866 0.006032 -0.000849 0.001698 0.002890 -0.001536 -0.001752 -0.000465 
0.000423 0.005739 0.000696 -0.000413 0.003579 -0.000068 0.001197 -0.000823 
-0.003441 -0.000792 0.001910 0.001518 0.003230 -0.003017 0.001870 0.001496 
0.003544 0.002260 0.002872 -0.000897 -0.003286 -0.001052 0.000153 -0.002628 
-0.005624 -0.005162 -0.001907 -0.001656 0.000333 -0.001423 -0.000492 0.001250 
0.012047 -0.002458 0.000088 0.001884 -0.002371 -0.000488 0.000842 -0.002406 
-0.016275 0.005588 -0.000384 -0.002082 0.001886 -0.000656 -0.002206 -0.000120 
0.018978 -0.005974 0.002044 0.000735 0.000719 0.006359 0.001280 0.000836 
-0.018204 -0.004132 0.001096 -0.001990 0.006520 0.001569 -0.002110 0.003164 
0.011414 0.002085 0.008280 -0.003892 -0.004625 0.003804 -0.000444 0.004185 
0.003615 0.005343 -0.001493 -0.003398 0.000141 0.001051 -0.003805 0.003483 
0.015255 0.000131 0.002405 0.000891 -0.005036 0.004454 -0.002281 -0.001045 
-0.014506 0.019877 -0.008744 -0.004652 -0.000631 0.004006 0.000169 0.008354 
0.050576 0.001782 0.007113 0.001022 -0.005895 0.005750 -0.003220 -0.009213 
0.021082 0.001989 -0.000525 -0.000100 0.000313 -0.001001 -0.000643 0.002546 
-0.007190 0.000767 0.001202 -0.000348 0.001076 -0.000755 0.001141 -0.001597 
0.005125 -0.000832 -0.002588 -0.000379 -0.000559 -0.003921 -0.000471 0.000962 
-0.009390 0.001925 0.000389 -0.001411 0.001245 -0.000224 0.000419 0.000412 
-0.002982 -0.005528 -0.001795 0.002507 -0.002219 -0.001731 -0.000381 -0.003729 
0.003772 0.005048 0.001672 -0.000730 -0.000229 -0.000558 -0.000826 -0.000773 
0.002446 -0.001111 -0.000575 0.001685 0.000491 0.000336 0.000329 -0.000616 
0.002071 0.005320 -0.001133 0.003356 -0.000110 -0.000376 0.001322 0.000384 
-0.004404 0.007467 0.000301 -0.005450 -0.001775 0.003079 -0.003241 -0.002798 
0.004114 0.002338 -0.001220 -0.000684 0.000403 0.002043 -0.000582 0.002829 
-0.010790 0.003160 -0.000247 0.000492 0.005273 0.000535 0.000945 -0.001894 
0.001435 0.002174 0.002062 0.000386 0.000402 0.002527 0.001380 -0.002967 
-0.007703 -0.001935 -0.001205 -0.002361 -0.003108 0.003389 0.002395 0.002603 
0.004402 0.000559 0.004445 0.001001 -0.001984 0.002191 0.002136 0.002161 
-0.018935 -0.006798 0.000735 -0.004462 0.006204 0.002153 -0.003061 0.001128 
0.006889 0.004809 0.001602 0.000133 -0.004152 0.004868 0.000832 0.001383 
-0.017116 0.008389 0.004065 -0.004315 0.007875 0.005471 -0.000234 0.004301 
0.008180 0.003005 0.002760 0.000594 -0.005704 0.001615 0.001861 0.002801 
-0.058107 0.048222 -0.014283 0.000236 0.002876 -0.002840 0.002640 0.005939 
-0.047960 0.004842 0.006928 0.000126 0.003109 -0.000335 0.005265 -0.003560 
0.020841 0.001864 -0.000698 -0.002216 0.002036 -0.001613 0.001673 -0.000938 
-0.006585 0.001291 0.000359 -0.001701 -0.000423 -0.000229 -0.000408 -0.002254 
0.013183 -0.003416 -0.004428 -0.001336 0.000072 -0.003877 0.001598 -0.002764 
-0.000932 0.001138 0.003052 0.002777 -0.000259 -0.003711 -0.001544 -0.001635 
0.007541 -0.005069 -0.000861 0.002076 0.001761 -0.001841 -0.000391 0.000710 
-0.006408 -0.000511 -0.001992 -0.001027 -0.001801 -0.000465 0.000374 -0.003376 
-0.003888 -0.001623 0.000672 0.000073 0.002534 -0.002453 -0.000345 -0.001204 
-0.004326 -0.001557 0.004713 -0.001956 0.001439 0.000220 -0.001890 0.000386 
-0.001995 0.006823 0.000952 -0.002264 -0.000197 0.001236 0.000517 0.002093 
-0.002521 -0.000634 -0.000407 0.000386 0.001101 -0.000140 -0.000388 0.002290 
-0.008710 0.002150 0.001381 -0.002348 0.000248 0.000038 0.001723 -0.000160 
0.016864 -0.001810 0.003453 -0.000262 -0.007884 0.001171 -0.001448 0.002666 
-0.018761 0.004982 -0.004716 0.002775 -0.002054 -0.000659 0.002388 -0.002892 
0.001718 0.000528 0.001663 -0.003022 -0.001479 -0.000370 -0.002048 0.002524 
-0.017320 0.001673 -0.003974 0.001779 0.003955 -0.006418 0.002422 0.000505 
0.000270 0.003370 0.001324 -0.000936 -0.000948 -0.004022 0.003054 0.001080 
-0.005925 -0.018147 -0.006924 0.003985 -0.001600 -0.004202 0.004275 -0.000071 
-0.033083 0.009017 0.003299 -0.002346 -0.004632 0.002963 -0.003089 -0.002357 
0.031509 -0.050111 -0.007350 -0.005666 0.001881 0.002856 -0.002589 0.003865 
-0.044084 -0.000152 0.007601 -0.006232 -0.003431 -0.002195 -0.001157 -0.001186 
0.015818 -0.004972 0.003583 -0.000673 -0.002605 0.001016 -0.000001 -0.000734 
0.000120 -0.000797 -0.005141 0.000757 -0.000168 -0.000220 -0.001548 -0.002031 
0.004007 -0.000267 -0.002174 0.000428 0.002295 0.003801 -0.000365 0.001439 
-0.005766 -0.002723 0.000760 -0.003129 0.000024 0.000040 -0.001386 0.004320 
-0.001350 0.001106 0.003482 -0.000124 0.001656 0.000638 0.000816 -0.000233 
0.000151 0.000605 -0.000364 -0.001377 0.000213 -0.001073 0.000938 -0.000815 
0.005345 0.003110 0.000590 -0.000197 0.002113 0.000452 0.000052 -0.000727 
0.001106 0.001287 0.001785 -0.000133 -0.005532 0.002596 -0.001003 0.002376 
-0.001340 -0.004377 0.001437 -0.000670 -0.001686 0.003595 0.003382 0.001309 
0.009754 0.002377 -0.002262 0.002051 0.002040 -0.000739 0.001644 0.001974 
-0.007454 0.001280 -0.000165 0.000033 0.002041 -0.000534 -0.000237 0.001003 
0.016097 -0.004101 0.001161 -0.003449 -0.002231 0.003238 0.001129 0.000737 
-0.019587 0.001806 -0.001557 -0.000370 0.001683 -0.000135 -0.000345 -0.003063 
-0.001975 0.000194 0.004681 -0.005429 0.002065 0.001365 -0.000629 -0.002863 
-0.016626 -0.007592 -0.000856 -0.005669 0.000943 0.000329 -0.002269 -0.001429 
0.007885 -0.000310 -0.000978 -0.001940 -0.004360 0.002321 -0.001256 0.002012 
-0.021523 0.018796 -0.003026 -0.004044 0.003320 0.000177 -0.000247 0.004349 
-0.034537 0.003301 0.006595 0.000012 0.002816 0.003361 0.006141 0.000386 
-0.082636 0.057162 -0.011483 -0.006820 0.007935 0.003363 -0.003457 0.002372 
0.058091 -0.000956 0.009593 0.002880 -0.003773 0.009488 0.000372 0.001373 
0.004302 -0.004397 -0.000478 0.000539 0.000852 0.000302 -0.001091 0.001745 
-0.009147 -0.003602 0.001383 0.001630 -0.001050 0.000513 -0.002101 -0.001108 
0.004694 -0.001323 0.000759 -0.002336 0.000226 -0.000747 0.003659 -0.000555 
-0.006120 0.001262 0.002448 -0.000104 -0.001682 -0.000451 -0.002155 -0.001232 
-0.000058 0.002198 0.000217 0.000924 -0.001196 0.001456 0.001236 0.000714 
-0.001404 0.000581 -0.002050 0.001273 -0.000000 0.001596 -0.001212 -0.003285 
0.002321 0.003047 -0.002778 0.000959 0.001218 0.001935 0.004262 0.003594 
0.002072 0.000819 0.000971 -0.003585 -0.000593 -0.000880 -0.000800 0.001329 
-0.008581 0.007289 -0.001259 -0.002068 -0.004067 0.000757 0.001248 0.000285 
-0.002961 -0.000252 0.002237 -0.002723 -0.000766 0.000363 -0.003232 0.003096 
-0.009174 0.007002 0.000169 -0.001918 0.001495 0.001074 -0.002522 0.001234 
0.002974 -0.001710 -0.000511 0.004661 0.000704 0.000202 0.002656 -0.000864 
-0.000763 0.002656 0.000927 -0.001613 0.001481 0.001754 -0.000234 -0.002516 
-0.001311 -0.001501 0.004411 -0.005514 -0.001840 0.002764 -0.001231 -0.001692 
-0.007238 0.003245 -0.000816 0.000256 0.000829 0.002023 -0.002625 -0.001100 
-0.001882 -0.000967 -0.002846 0.002353 0.001483 0.003765 0.000089 0.000330 
0.006246 0.010210 -0.004783 0.001056 0.000237 0.002357 -0.003383 0.000156 
0.013992 -0.003705 -0.000461 -0.003034 0.001155 0.003258 0.000868 -0.001137 
-0.021348 0.009830 0.000623 -0.004858 -0.000843 -0.002449 -0.000634 0.004453 
0.091705 -0.000526 -0.001720 -0.001593 0.004938 -0.000629 -0.005553 -0.004712 
-0.005548 -0.003759 0.002736 0.003725 0.001215 0.001293 0.003365 -0.000658 
-0.005902 -0.000331 0.002535 0.001014 -0.001054 -0.002281 0.001429 -0.001324 
-0.002871 -0.007038 -0.000629 0.000542 -0.002800 0.001847 -0.000329 -0.000473 
-0.010282 -0.001278 0.000337 -0.002814 -0.000370 -0.003339 0.002871 -0.002318 
0.001142 0.000584 -0.003811 0.003655 -0.000730 0.003964 -0.000619 -0.000096 
0.000232 -0.000445 -0.000824 -0.001412 0.002272 0.003241 0.002708 0.003570 
0.004646 -0.000161 0.001630 -0.002644 0.001302 0.000822 0.002689 -0.000432 
0.000315 -0.003680 -0.002476 0.000463 0.001276 -0.000324 -0.000154 0.002221 
-0.006838 -0.002847 -0.000750 -0.000874 -0.000430 -0.002968 -0.001070 -0.001967 
0.003500 -0.001366 0.001110 -0.000636 -0.000502 -0.000500 0.000637 -0.002340 
0.005663 -0.000331 -0.000410 0.002266 0.001938 0.001151 -0.000929 -0.001311 
0.004721 -0.001970 0.002543 -0.002105 -0.001533 0.001041 -0.000332 0.000912 
-0.004469 0.004643 0.005293 0.000248 0.002185 -0.002187 0.002754 0.000531 
-0.000877 0.000384 0.001734 0.003275 -0.001024 0.001732 -0.000653 0.000675 
-0.004137 0.012017 -0.002145 -0.000001 0.002024 -0.003306 0.000637 -0.000069 
0.008420 0.003047 0.005008 -0.001243 -0.002712 0.003590 -0.000546 -0.002612 
-0.015569 0.026213 -0.002124 0.003449 0.005830 -0.000679 -0.001586 0.000208 
-0.010549 0.002166 0.003638 -0.000971 -0.006074 0.002979 -0.001438 -0.004961 
0.088695 0.037942 0.004237 0.000817 0.004165 0.005110 -0.003344 -0.006776 
0.152055 0.011224 0.022580 -0.001566 -0.001255 0.002625 0.013146 0.002396 
0.003937 -0.000192 -0.001938 0.000303 -0.003192 -0.002221 -0.001626 -0.001110 
-0.011795 -0.000485 0.000344 0.001584 -0.000187 0.000461 0.001464 -0.002095 
-0.000223 -0.003947 -0.005725 0.003557 0.000733 0.000594 0.002724 0.002400 
0.001182 0.001867 0.000524 0.001223 -0.004725 -0.001141 0.003622 -0.001748 
0.005670 0.000667 0.000102 -0.001921 -0.000323 0.001252 0.000459 -0.001734 
-0.001236 0.002145 -0.001644 -0.001405 -0.001116 -0.000435 0.002098 0.001135 
-0.001773 0.001826 0.001722 -0.002472 -0.000450 -0.001018 0.004499 0.001241 
-0.002660 -0.002424 0.000013 -0.000637 0.000099 0.000027 0.001307 0.000032 
0.008290 -0.004750 0.001639 0.000559 -0.001146 0.000827 0.000118 -0.000770 
0.006290 0.002234 -0.000349 -0.002018 -0.003555 0.002455 -0.000033 -0.001672 
0.001476 0.004102 -0.000459 0.000408 0.003863 0.002851 0.000304 0.001190 
-0.007401 0.002844 -0.000155 -0.001160 0.004261 0.002832 -0.002158 -0.000683 
0.001553 -0.001963 -0.003514 -0.002001 0.003160 0.001087 0.000733 -0.006850 
0.008446 0.000058 0.003755 0.000975 0.000201 0.002357 -0.003015 -0.000358 
0.005816 0.004622 0.000085 0.002785 0.000932 0.000936 -0.004405 0.001365 
-0.001372 0.000184 -0.001265 -0.000583 -0.002259 0.002518 0.001665 0.002588 
-0.010378 0.027122 0.002326 -0.001965 0.000961 0.001215 -0.006570 0.000543 
0.012363 0.006296 -0.000189 -0.000418 -0.004999 0.002292 -0.002270 -0.007337 
0.074906 0.079520 0.011139 0.006718 -0.001717 -0.005593 -0.003909 -0.002093 
0.020896 0.015992 0.002236 0.000851 0.003845 -0.002853 0.003865 -0.001542 
0.004845 0.001299 0.000008 0.002092 0.005616 0.000821 -0.000085 0.000601 
-0.011668 0.002358 -0.000043 0.001191 -0.001927 0.000659 0.000181 -0.003131 
0.003532 -0.004602 0.002268 -0.000012 -0.002740 -0.002716 -0.000935 0.000539 
-0.006423 -0.001273 0.000857 0.000484 0.002640 0.001041 0.002152 -0.002388 
-0.000908 0.004531 0.003317 0.001284 0.000028 0.002381 -0.002082 -0.000529 
0.001674 -0.003554 0.003514 -0.001210 0.001581 0.000397 0.003265 -0.000160 
0.007604 -0.002858 -0.001184 0.003598 -0.000241 -0.001488 0.000401 -0.001212 
0.001453 0.001054 -0.001901 -0.000233 0.001212 0.001461 0.001216 0.000509 
0.001831 -0.002790 -0.001842 0.002517 -0.002121 0.002057 -0.001791 0.000966 
0.004453 -0.002006 0.003283 0.003284 -0.003984 0.000297 -0.002262 -0.001615 
-0.006158 0.009639 -0.001807 -0.003516 0.001158 0.004077 -0.002768 -0.003688 
0.007847 -0.001952 0.002528 0.005983 -0.001308 -0.000509 0.001033 -0.000713 
-0.007108 -0.002591 0.001838 -0.001721 0.001712 0.001769 -0.003128 -0.000054 
0.004663 -0.002815 0.000943 -0.001488 -0.001002 -0.000224 0.000159 -0.000115 
0.011581 -0.002164 -0.002301 0.000426 0.003974 0.003629 0.001004 0.001712 
0.009810 0.001668 0.002089 0.001735 -0.002957 0.001763 0.004593 -0.001098 
-0.004929 -0.018615 -0.001207 -0.001576 0.002273 0.006838 -0.003513 -0.001910 
0.006767 -0.000163 0.005264 0.000967 0.000059 0.004254 0.004790 0.000557 
-0.156480 0.024832 -0.017019 0.003472 0.001661 0.000657 -0.004676 0.005714 
0.039535 0.004155 0.001546 -0.003712 0.004853 -0.001140 0.004493 -0.003845 
0.000544 -0.001743 0.001185 -0.002006 0.000605 -0.000810 -0.002055 0.002419 
-0.017167 0.000182 0.000988 0.000657 -0.000445 0.002047 -0.001740 -0.001534 
0.001979 -0.002245 -0.001654 0.001706 0.002654 0.000698 0.000087 -0.002606 
-0.013953 0.004400 -0.000208 -0.000341 0.000358 -0.003018 -0.000294 -0.002843 
0.001391 -0.004774 -0.002477 -0.002174 0.002429 -0.001107 0.003625 -0.000700 
-0.006478 0.001141 0.001317 -0.002933 -0.001128 -0.000673 -0.000476 -0.000920 
0.004339 0.003843 -0.001348 -0.002527 -0.003028 0.004564 0.003826 0.001295 
-0.002682 -0.000838 -0.000177 -0.000648 -0.000271 0.002126 -0.004031 0.000742 
0.001233 -0.000750 -0.000100 -0.000658 -0.001562 0.002072 0.000621 0.002889 
0.012766 -0.000618 -0.000213 -0.002416 -0.003072 0.000705 -0.002779 -0.000260 
-0.003179 0.003428 -0.003902 -0.004311 0.000728 -0.002381 0.000841 -0.001155 
0.016804 0.000215 0.001979 -0.004219 -0.000314 0.002334 0.001744 -0.001053 
-0.004497 0.006658 -0.003622 -0.006807 -0.001500 0.002508 0.002775 0.000013 
0.023825 -0.002812 0.000493 -0.006839 -0.000350 0.005366 0.000429 -0.003466 
0.006677 -0.001080 -0.005605 -0.006213 -0.005008 0.003491 0.000372 0.000867 
0.014523 -0.004596 -0.004588 -0.002543 0.001833 0.003883 0.000574 -0.002331 
0.017623 0.008193 -0.000374 -0.006535 -0.001392 0.001965 -0.002316 0.001052 
0.008916 -0.002126 -0.003259 -0.004939 0.002589 0.006319 0.002401 -0.005966 
0.027317 0.062209 -0.009617 -0.004355 -0.001029 0.003058 -0.008163 -0.000180 
0.110722 0.004412 0.008786 -0.013614 -0.001524 0.011833 0.001210 -0.003863 
-0.009953 -0.007075 0.002895 0.000895 -0.003828 0.004628 -0.000095 -0.002925 
-0.038215 0.000711 0.000598 -0.001537 0.001670 0.002955 0.001171 0.000776 
0.004004 -0.002319 0.003062 -0.001520 -0.001197 -0.002837 0.001751 -0.000131 
-0.021755 0.002523 0.003991 0.000720 0.001844 0.003837 -0.001553 0.000855 
-0.001972 -0.004072 0.002253 -0.003257 -0.003350 0.001704 -0.002125 0.000631 
-0.003782 -0.002094 0.001669 -0.003538 0.001782 0.003156 0.000957 0.002590 
0.000927 -0.004952 0.005021 -0.002973 -0.004342 0.001364 -0.000010 0.000020 
0.007685 -0.001594 0.004293 -0.002737 0.002246 0.001665 0.002414 0.000288 
0.009981 0.002739 0.002952 -0.001027 -0.005145 0.005559 0.003650 -0.001354 
0.012651 -0.006322 0.004054 -0.006807 0.000526 0.002786 -0.000166 0.000921 
0.002680 0.008129 0.001140 -0.002623 -0.006095 0.003617 -0.003215 0.000167 
0.032768 -0.000825 0.004455 -0.005837 0.003536 -0.001489 0.002476 -0.004249 
0.001856 0.009587 0.001556 -0.003851 -0.004452 0.001852 -0.004362 0.001120 
0.046255 -0.007748 0.000862 -0.010526 0.002959 0.006223 -0.001506 -0.005859 
0.008008 0.000655 0.002069 -0.005285 -0.008977 0.003487 -0.005361 0.000963 
0.039668 -0.006102 0.008303 -0.017420 0.001132 0.002859 0.000755 -0.006098 
0.019294 -0.002978 0.004223 -0.003926 -0.010355 0.008765 0.003220 0.003422 
0.027840 -0.012862 0.011842 -0.017261 -0.000985 0.005810 0.003363 -0.000955 
0.027768 -0.043467 0.007391 0.001584 -0.013567 0.011043 -0.004201 0.000672 
0.054741 -0.012336 -0.001760 -0.010189 0.006225 0.004495 0.000396 -0.004384 
-0.007384 -0.010631 -0.000120 0.003881 -0.001140 0.003563 0.001450 0.000563 
-0.046021 0.002768 0.005795 -0.001998 0.001794 0.002620 0.001372 -0.002025 
-0.003334 -0.006815 -0.000099 0.001451 -0.002842 0.000821 0.002115 0.004540 
-0.036458 -0.000846 0.004561 -0.001735 -0.000741 0.006065 -0.001027 -0.001653 
-0.002905 -0.004144 0.001111 0.001769 -0.002023 0.006845 0.001133 0.001439 
-0.007433 0.000639 0.008421 0.001162 0.002150 0.005383 0.002935 0.000757 
-0.004930 -0.001353 0.002524 0.000917 -0.008624 0.003880 0.002802 0.001863 
0.011250 0.000642 0.008680 -0.003776 0.005678 0.008879 0.000182 0.001275 
0.011690 -0.007625 -0.003948 0.004791 -0.011120 0.010280 0.004839 0.003618 
0.012598 -0.003015 0.007909 -0.005979 0.005872 0.010907 0.001197 0.002396 
-0.005013 -0.006516 0.003086 -0.000367 -0.012037 0.016641 0.000946 0.004756 
0.041694 0.004177 0.011698 -0.006593 0.014380 0.012171 0.001571 -0.004816 
0.006456 -0.007323 -0.000728 0.005487 -0.013682 0.018607 0.002202 0.004605 
0.053906 -0.000142 0.020455 -0.009491 0.012447 0.016096 0.007902 0.001968 
0.013662 -0.004711 -0.003938 -0.006181 -0.014757 0.012187 -0.002871 0.006897 
0.064380 -0.001657 0.024183 -0.008326 0.017748 0.019351 0.003535 -0.000668 
0.026654 -0.021571 -0.002744 0.000283 -0.014533 0.018806 0.007294 0.001008 
0.078811 -0.001215 0.025217 -0.013366 0.016784 0.022257 0.007085 -0.001477 
-0.022424 -0.004805 -0.000106 -0.008894 -0.022310 0.023011 0.002637 0.007208 
0.076542 -0.003288 0.030030 -0.014075 0.028375 0.014539 0.007067 -0.001762 
0.004095 0.000841 0.017091 -0.005570 0.003079 0.012504 0.017768 0.009358 
-0.031112 -0.041507 0.019909 -0.006780 0.018134 0.009765 -0.004964 -0.008649 
0.014010 0.008831 0.018029 -0.005119 -0.000146 0.001957 0.021171 0.013343 
-0.009506 -0.037223 0.018466 -0.007577 0.020761 0.014656 0.004014 -0.006955 
0.011253 0.002731 0.014608 -0.004287 -0.002164 0.002479 0.016199 0.009703 
0.012915 -0.034192 0.021139 -0.007112 0.025752 0.024328 -0.000259 -0.008342 
0.016563 0.003612 0.011844 -0.007927 0.002397 0.001931 0.016106 0.012698 
0.039475 -0.039479 0.028380 -0.002931 0.034738 0.019452 0.003451 -0.009856 
0.005966 0.003816 0.021917 -0.016922 0.004440 -0.002169 0.016117 0.012875 
0.056146 -0.040194 0.031443 -0.003423 0.030085 0.020174 -0.000548 0.000703 
0.017079 0.000565 0.017066 -0.016583 0.001906 0.002108 0.017284 0.017497 
0.061865 -0.049140 0.037262 -0.006651 0.037697 0.028470 0.000131 0.000291 
0.017517 -0.002060 0.019742 -0.020553 0.003198 -0.004453 0.017906 0.019330 
0.095488 -0.043121 0.037435 0.000239 0.043790 0.029159 0.003553 0.006088 
0.012649 -0.007713 0.020400 -0.021969 0.003785 -0.003069 0.014784 0.016836 
0.104799 -0.042937 0.045979 -0.002948 0.035740 0.028669 0.006129 0.000636 
-0.003866 -0.019180 0.023286 -0.032113 0.008732 -0.008556 0.016723 0.024281 
0.102731 -0.048480 0.052741 -0.000759 0.036225 0.040598 0.007467 -0.006352 
0.054389 -0.180940 -0.008086 0.034167 0.000263 0.014173 0.020885 0.022478 
0.056132 -0.018591 0.044903 0.027815 0.028357 0.017686 0.011708 -0.035548 
0.191390 0.081589 -0.197520 -0.544892 -0.146854 0.011973 0.120040 0.218016 
0.202615 0.812530 0.156248 0.033596 -0.159544 -0.347156 -0.129264 0.023564 
0.195192 0.085733 -0.204255 -0.544380 -0.165962 0.017231 0.127799 0.219449 
0.207687 0.812787 0.174852 0.031744 -0.165064 -0.346525 -0.143683 0.026866 
0.202068 0.101733 -0.163415 -0.508187 -0.152333 0.004968 0.092706 0.186297 
0.188749 0.791866 0.169973 0.043515 -0.124686 -0.311181 -0.128226 0.012029 
0.204962 0.111576 -0.119704 -0.463486 -0.119289 0.001015 0.054587 0.145487 
0.162868 0.759089 0.143897 0.048106 -0.081266 -0.263494 -0.100041 0.008837 
0.207441 0.117494 -0.087069 -0.440073 -0.105268 0.004778 0.032164 0.125412 
0.141842 0.738696 0.132024 0.045008 -0.053189 -0.241695 -0.089148 0.011350 
0.214324 0.122594 -0.070480 -0.426374 -0.105299 0.005943 0.023625 0.117951 
0.129479 0.723734 0.131358 0.044250 -0.039858 -0.229690 -0.086204 0.011416 
0.206583 0.131044 -0.075901 -0.441092 -0.120367 -0.010455 0.031346 0.136449 
0.124214 0.727189 0.136978 0.062503 -0.044504 -0.249772 -0.105921 -0.003595 
0.212492 0.121939 -0.101341 -0.480813 -0.158522 -0.025583 0.048783 0.178132 
0.137233 0.746661 0.162875 0.069643 -0.066989 -0.292653 -0.149668 -0.021308 
0.227883 0.119465 -0.116278 -0.549462 -0.264563 -0.058325 0.067594 0.251478 
0.148627 0.789257 0.240689 0.084904 -0.083070 -0.369688 -0.256161 -0.066395 
0.177293 0.076704 -0.177061 -0.577805 -0.175969 -0.018253 0.130437 0.295837 
0.160688 0.802185 0.152758 0.053269 -0.156416 -0.411230 -0.192705 -0.009731 
-0.011257 -0.000790 -0.000456 0.000755 0.001376 0.005060 0.002305 -0.000713 
-0.012753 0.005507 -0.003222 0.002380 0.000354 0.000091 -0.003557 0.000648 
-0.013054 -0.004526 0.001772 0.001552 0.001114 0.005621 -0.004096 -0.002758 
-0.007538 0.009929 -0.002459 0.000798 0.002198 0.000115 -0.000804 -0.000408 
-0.013836 0.005651 -0.001831 -0.000617 -0.000694 0.002133 0.001198 -0.002342 
-0.003624 0.006006 -0.002149 0.000368 0.001240 -0.001334 -0.002011 0.000920 
-0.002504 -0.000141 0.002214 -0.001863 0.002479 0.001485 0.003739 -0.001410 
-0.009115 0.005766 -0.000472 0.006152 0.004453 0.000103 -0.002161 0.000923 
0.008271 -0.000242 0.002223 -0.000358 0.000715 0.003160 0.000812 0.003509 
-0.003232 0.004365 -0.003105 0.000217 -0.000441 0.000583 -0.000766 -0.002114 
0.010983 0.010245 0.001344 -0.002877 0.001437 0.002761 0.007663 0.002278 
0.003333 0.008021 0.001187 0.002856 0.003451 0.000931 -0.004513 0.002603 
0.013516 0.000681 0.002509 -0.002954 0.002208 0.002850 0.006043 0.000734 
0.000859 0.005891 -0.002801 0.001617 -0.001795 0.000766 -0.002298 0.003982 
0.014921 0.002411 0.001913 -0.005902 0.001955 0.005672 0.008533 0.006528 
0.007158 0.005238 -0.006305 0.001977 0.001852 -0.002061 -0.003752 0.001741 
-0.009395 0.020612 0.003937 -0.002954 0.005059 0.006407 0.010346 0.000430 
-0.006813 0.008272 0.001590 0.002223 0.004245 0.000067 -0.002478 -0.002441 
-0.046124 -0.016232 -0.003151 -0.006696 0.003920 0.008756 -0.008509 -0.004457 
0.113692 -0.000753 -0.007383 0.006783 0.004877 0.010857 0.002691 0.008203 
0.150107 0.055913 -0.100549 -0.330768 0.035699 0.043629 0.006969 0.054841 
0.137485 0.651953 -0.019662 -0.021126 -0.043110 -0.143893 0.014653 0.033171 
0.168904 0.076446 -0.121686 -0.356474 -0.004810 0.050278 0.026723 0.065235 
0.159111 0.684131 0.032730 -0.013225 -0.065293 -0.160320 -0.007359 0.041477 
0.178964 0.093380 -0.102914 -0.353308 -0.018595 0.040881 0.024856 0.067355 
0.149307 0.681038 0.048540 -0.001468 -0.055482 -0.162642 -0.016034 0.032882 
0.186735 0.108929 -0.074582 -0.342906 -0.021551 0.026273 0.010626 0.060624 
0.128814 0.667533 0.051229 0.017149 -0.032796 -0.154059 -0.021457 0.023972 
0.194267 0.116318 -0.060614 -0.352568 -0.036036 0.026392 0.008354 0.069051 
0.120711 0.672940 0.067488 0.020866 -0.024359 -0.163092 -0.029917 0.025901 
0.207623 0.128209 -0.052954 -0.362075 -0.058632 0.017620 0.004624 0.072932 
0.118586 0.680323 0.093186 0.032949 -0.018659 -0.169732 -0.043255 0.018706 
0.205425 0.140984 -0.063584 -0.393063 -0.091941 -0.002148 0.018080 0.096150 
0.120418 0.699457 0.118550 0.056314 -0.030696 -0.201072 -0.073088 0.004965 
0.214937 0.138931 -0.090928 -0.441295 -0.140464 -0.023738 0.034052 0.137813 
0.139649 0.730565 0.156763 0.073276 -0.053037 -0.246670 -0.119113 -0.014103 
0.231128 0.140857 -0.101327 -0.512942 -0.248169 -0.067749 0.043849 0.205563 
0.148924 0.775512 0.239489 0.100409 -0.061746 -0.324229 -0.224491 -0.067966 
0.154423 0.067661 -0.260804 -0.564875 -0.126067 0.032831 0.206679 0.291490 
0.208537 0.807002 0.112585 0.022364 -0.241029 -0.395788 -0.130909 0.050834 
0.018978 -0.002748 -0.003486 0.002037 -0.001047 0.002020 -0.000281 -0.001922 
-0.049151 -0.001197 0.003541 0.002762 -0.000826 -0.002312 -0.002063 -0.001654 
0.014444 0.002227 0.001246 0.001721 -0.001005 -0.000648 -0.001423 0.004782 
-0.042012 -0.004244 0.002001 -0.001007 0.003220 0.000645 0.003380 -0.000339 
-0.000676 -0.000482 -0.001424 -0.001786 -0.001203 -0.001475 0.000932 0.002702 
-0.018788 0.000935 0.001848 -0.001685 -0.000666 -0.001719 0.000631 0.001554 
-0.002269 0.000289 -0.001096 -0.000199 -0.002357 -0.002271 0.002123 -0.000805 
0.000799 0.001072 -0.000339 -0.001254 -0.001357 -0.000746 -0.003155 0.002737 
-0.010073 -0.002996 0.002195 -0.004096 0.001015 0.000270 -0.000043 -0.001829 
0.022577 0.003304 0.000592 0.001834 0.000960 -0.006098 0.000961 0.002596 
-0.004629 -0.006547 0.000080 -0.003372 0.001903 -0.002981 0.004644 -0.000813 
0.031986 -0.002613 0.000237 0.001705 -0.001847 -0.013306 -0.003113 0.001271 
-0.014708 -0.011889 0.002292 0.000032 0.000292 -0.008419 0.012120 -0.001273 
0.038948 -0.004497 0.005137 0.001374 -0.004380 -0.028945 0.000918 0.004347 
-0.028943 0.002907 0.001395 -0.004411 0.005267 -0.012616 0.013058 -0.003761 
0.039806 -0.004917 0.002111 0.001023 -0.011119 -0.036924 0.006348 0.002298 
-0.008958 -0.002884 0.000579 0.001092 0.013623 -0.027700 0.024141 -0.001953 
0.052199 -0.002674 0.003023 -0.000786 -0.004580 -0.045422 -0.008677 0.008752 
-0.039095 -0.033813 0.005099 -0.006679 0.008992 -0.033506 0.024398 -0.004689 
0.035134 -0.011520 0.007878 -0.006043 -0.029460 -0.046786 0.006843 0.014926 
0.009643 0.000898 0.001635 -0.003294 0.002298 0.001656 0.001463 0.000195 
-0.000270 -0.003265 -0.002513 -0.002320 -0.001846 -0.004622 0.000413 -0.000831 
0.004629 0.003238 0.000337 0.001236 0.001073 0.000465 0.003199 -0.000506 
-0.005069 -0.002026 0.000879 0.000434 0.000024 -0.000086 0.003027 -0.003824 
0.000214 0.001031 -0.000585 -0.002773 0.002309 0.001833 -0.000583 0.001765 
-0.001759 0.002100 0.001207 0.001132 0.000373 0.000756 0.001675 0.000385 
-0.000135 -0.000882 -0.000978 -0.002060 -0.000364 -0.000231 -0.000155 0.001815 
0.002968 -0.001240 0.002459 -0.001199 -0.004201 0.000722 0.003317 -0.003218 
-0.003805 -0.002847 0.001673 -0.001678 0.000281 -0.001005 -0.001453 -0.000272 
0.005073 -0.002095 0.000451 -0.003513 0.000534 -0.002980 -0.000975 -0.001944 
-0.000145 0.004348 0.000428 0.003752 0.001493 -0.000195 -0.001937 0.002264 
0.004571 -0.001149 0.000864 0.003187 0.001812 -0.000925 0.001194 -0.000311 
-0.016016 0.003972 0.002685 0.001203 -0.001796 -0.000664 0.001618 -0.004735 
0.006016 -0.000491 -0.000480 0.002319 0.002296 -0.000241 -0.001102 -0.000109 
-0.029083 0.005764 0.001157 0.002103 -0.003110 0.002379 -0.004085 0.002622 
0.000791 -0.000251 -0.001023 -0.002207 -0.001995 -0.002267 0.001735 0.000336 
-0.016036 0.011512 0.004185 -0.001639 -0.000984 0.001862 -0.002192 -0.000646 
-0.039533 -0.002547 0.000743 0.000076 -0.001213 -0.009327 0.000007 0.000243 
0.185032 0.070279 0.016716 0.003561 0.001808 -0.003518 -0.003482 -0.002204 
0.033400 0.014129 0.008944 0.005568 0.008376 -0.002690 0.000063 -0.003369 
-0.030030 0.001532 -0.002185 0.000346 -0.002160 0.000196 -0.000165 -0.001588 
0.031818 -0.002316 0.000224 -0.001788 -0.000359 0.004351 0.000681 -0.000432 
-0.003914 -0.004444 -0.000332 0.000010 -0.000863 0.000744 -0.001211 0.000416 
0.024366 0.000807 0.000635 0.000073 -0.001269 -0.002243 -0.000236 -0.001583 
-0.006883 0.001425 0.000798 -0.001224 0.001825 -0.000449 0.000263 0.000481 
0.012730 0.001124 -0.000764 0.000009 -0.002384 -0.000063 -0.005777 0.001079 
-0.000179 0.006837 -0.001454 -0.000373 0.001074 -0.004407 -0.000439 -0.000186 
-0.004685 0.003407 -0.000397 0.000447 0.004478 0.000261 -0.000595 0.003484 
-0.001704 -0.006908 -0.001198 0.000063 0.000934 0.000658 0.000303 0.002302 
-0.008449 -0.004323 0.002448 0.000672 0.002637 0.001959 -0.000243 0.001828 
0.003045 -0.000589 -0.000958 -0.001260 0.002042 -0.000483 -0.001067 -0.000474 
-0.019753 -0.005198 -0.000401 -0.001649 -0.000895 0.001313 0.001785 -0.000558 
0.010051 0.002162 0.002108 0.003954 -0.001365 0.002303 0.001192 0.000712 
-0.019982 -0.001982 0.004586 -0.002664 0.000391 0.001613 0.000186 0.001094 
0.018128 0.005922 0.001958 0.000726 -0.000624 -0.001663 0.003634 -0.001815 
-0.038410 -0.003705 0.001662 -0.002227 -0.002161 -0.002582 0.001683 0.003110 
0.022769 -0.013323 0.002304 0.004053 -0.002570 0.000654 -0.002504 0.003360 
-0.046025 -0.002198 0.004957 0.001381 0.002453 -0.002773 -0.002964 0.001347 
0.011677 0.022808 0.007161 0.007860 -0.004591 -0.004933 -0.001171 -0.000509 
-0.148083 0.003187 0.000909 -0.010361 -0.004555 0.001623 0.004054 0.002814 
-0.000850 0.002138 0.002199 0.002828 0.000139 -0.001911 -0.001029 -0.005464 
-0.002284 0.002171 -0.001435 0.000244 -0.000912 -0.000712 0.000847 0.000856 
0.000359 0.001241 0.000446 0.000621 -0.004073 0.002395 0.003211 0.001741 
-0.004768 0.000592 -0.000383 0.001808 -0.000926 -0.001928 -0.000585 -0.000391 
-0.000146 0.002297 0.000699 -0.000834 -0.000678 0.000980 0.000782 -0.001732 
0.007231 0.000760 -0.002289 -0.002727 0.000454 0.001420 0.000874 0.001456 
0.004920 0.001203 0.000236 0.003155 -0.000730 0.001158 0.000917 0.000761 
-0.000453 -0.000835 0.000213 -0.000283 -0.000313 0.000318 -0.000796 -0.000545 
-0.002822 -0.005037 -0.000405 -0.000617 -0.001196 -0.005265 -0.002728 0.001666 
-0.002175 -0.000269 0.000146 -0.004079 0.000224 -0.000669 -0.000412 -0.002293 
-0.001330 -0.001761 0.002571 -0.001554 -0.000612 0.003733 0.002499 -0.000760 
-0.008384 -0.000354 0.000901 0.001030 0.000102 0.000153 0.001763 -0.000138 
0.007413 -0.003326 -0.001599 -0.002257 0.001869 -0.004588 -0.000271 -0.002548 
0.001891 -0.001752 -0.000750 0.001174 0.001584 -0.001111 0.001626 0.000230 
0.001982 0.010281 0.001036 -0.001150 0.002432 0.003111 -0.001643 0.002623 
-0.001109 0.000745 -0.000023 0.002282 0.000913 0.001886 0.000669 -0.000709 
0.019647 0.002018 -0.000537 -0.001653 -0.001956 0.001803 -0.000171 -0.000807 
0.004825 -0.002733 -0.003398 -0.002865 -0.003242 -0.002048 -0.003716 0.000767 
0.062044 0.082127 0.007106 0.007885 0.002704 0.001691 0.002092 0.003348 
0.006563 -0.002648 0.002705 0.001989 0.002075 -0.004986 -0.000858 -0.002188 
0.008207 0.002355 -0.001361 0.000061 0.001057 -0.001677 0.003420 0.001192 
-0.001389 -0.000494 0.001859 -0.001503 -0.001693 0.001265 0.001132 0.001915 
0.003141 0.001376 -0.000033 -0.002373 0.000965 0.003546 0.001545 -0.002784 
0.001293 -0.000551 0.001382 -0.002043 0.002007 -0.001737 0.000622 0.001792 
0.004376 -0.001287 0.000255 -0.000565 -0.001504 0.003252 0.000717 0.001582 
-0.002422 -0.001829 -0.000086 0.000144 0.000443 0.000766 -0.002446 -0.000020 
0.000380 0.001947 0.001264 -0.001786 -0.001030 -0.002683 0.000067 0.002564 
-0.001766 -0.002429 0.000407 -0.002181 -0.000558 0.004270 -0.000153 -0.001551 
-0.000653 0.001458 -0.002930 -0.001145 -0.000033 0.003516 0.003876 0.002053 
0.002946 -0.003108 -0.000460 0.000194 0.000567 0.000430 0.000121 0.001849 
-0.000482 -0.002130 -0.001926 0.000491 0.003360 -0.000700 0.004344 0.000974 
-0.010876 -0.003749 -0.000218 0.000063 -0.000481 -0.000287 0.000367 0.000546 
-0.004890 -0.003260 0.004625 -0.003215 -0.003402 0.002574 0.002951 -0.000789 
-0.002222 -0.006753 0.000882 -0.000628 -0.000122 -0.001493 0.001680 0.000366 
-0.015686 -0.001159 0.001981 -0.001882 0.001042 -0.003428 -0.000641 0.001131 
0.007208 -0.006395 0.000521 -0.004102 0.002886 -0.000659 -0.002139 0.002819 
-0.018094 0.028694 -0.000396 0.002726 -0.001176 -0.001457 -0.001967 -0.001377 
-0.005764 -0.006863 0.000039 -0.000754 0.004675 -0.002793 -0.002075 -0.001461 
-0.053253 -0.067015 0.010503 -0.000115 -0.004437 -0.005674 -0.002735 0.004195 
-0.055254 0.003151 0.005946 0.000625 0.001454 -0.002933 0.002304 0.005090 
-0.005760 -0.002900 0.000968 -0.000482 0.000368 -0.003698 0.002367 0.000684 
-0.000999 -0.001422 -0.000974 0.000264 0.002631 -0.000190 0.002823 0.000300 
0.004711 0.000739 -0.000248 -0.001432 -0.000598 -0.001718 -0.000235 0.001078 
-0.005287 0.000233 -0.000675 0.002236 0.000299 -0.001798 0.000807 -0.001893 
-0.001638 0.001985 -0.003359 0.001737 0.001126 0.001476 -0.003377 0.001792 
0.002944 -0.003265 0.000546 0.000500 0.002299 -0.000730 0.002853 -0.000359 
0.003037 0.000648 0.000873 -0.000267 0.000512 0.004095 0.001387 -0.001053 
-0.001888 -0.001493 -0.000305 -0.000868 0.002922 0.000281 0.005954 0.000252 
-0.005733 -0.005758 0.001918 0.002711 0.001979 -0.000572 0.002685 0.000609 
0.004568 -0.006542 -0.000909 0.001061 0.000255 0.002046 0.002360 -0.000863 
0.000532 0.004086 -0.002850 0.000168 -0.001897 -0.001751 0.003547 -0.001790 
-0.007313 0.000542 0.002053 0.001014 -0.000949 -0.000986 -0.001021 -0.003167 
-0.007121 -0.000780 0.000648 0.000899 0.004989 0.000241 -0.001815 0.000191 
0.003536 -0.001193 0.001610 -0.002166 0.000688 -0.000969 0.000629 -0.000720 
-0.017321 0.008176 0.002603 0.000373 -0.000546 0.002528 -0.002402 0.002230 
-0.006847 -0.004254 -0.000766 -0.000310 -0.000535 0.001221 0.001126 0.003718 
0.003825 0.009819 -0.000762 -0.004282 0.000008 -0.000541 0.002166 -0.000209 
-0.026196 -0.000952 -0.001011 0.000851 -0.001408 -0.000338 0.002772 -0.000944 
0.113895 0.125783 0.019918 0.016931 0.000376 0.000985 -0.000892 -0.000473 
-0.069766 -0.013727 -0.014972 -0.003522 -0.003689 0.000841 -0.002686 0.002119 
-0.015839 -0.002321 0.000500 -0.000543 -0.001717 0.000084 0.000104 -0.000839 
0.011680 -0.000901 0.000801 0.000648 -0.003159 -0.000595 -0.002308 0.001687 
0.002891 -0.000583 -0.001651 -0.001716 0.000436 -0.001083 0.000414 -0.001646 
0.011114 -0.002210 0.001050 -0.005538 -0.000599 -0.000900 -0.000626 -0.000495 
-0.002198 0.002326 -0.000492 -0.001185 -0.000411 0.000904 0.001810 0.000998 
0.004174 0.002226 -0.000942 -0.001161 -0.000581 -0.000917 0.000674 -0.000465 
0.005861 0.004399 -0.001106 -0.001400 0.004178 0.000434 -0.000710 -0.000037 
-0.001901 0.001424 0.001714 -0.000315 -0.001892 0.003184 0.001893 0.001451 
0.002220 -0.002682 0.000873 0.001750 0.000387 -0.000576 -0.001271 -0.001418 
-0.003313 0.000126 0.003324 -0.001282 0.001494 0.000545 0.001851 0.002123 
-0.003095 0.004244 0.003666 0.000003 -0.000063 0.001743 -0.000540 -0.002235 
-0.004100 -0.000473 0.001493 -0.001208 -0.002271 -0.000267 -0.000446 -0.001410 
0.004933 0.006142 -0.000010 0.000888 0.002520 -0.000364 0.000430 -0.000498 
-0.013326 0.001966 0.002911 -0.002118 0.001599 0.002663 -0.001041 0.001127 
0.021338 -0.006708 -0.003382 -0.000033 -0.003809 -0.003990 0.000147 -0.000583 
-0.013549 -0.002365 0.003352 -0.003805 0.001460 -0.005307 0.002899 0.001599 
0.002325 -0.012189 0.000807 -0.002684 -0.002109 -0.004067 0.002769 -0.001960 
-0.004776 0.005258 0.005707 -0.000471 0.004576 -0.001516 -0.000443 -0.000165 
-0.035996 -0.077719 0.001061 0.005964 -0.003760 -0.002810 -0.001662 0.001948 
-0.028530 0.005717 0.009634 -0.000655 -0.011779 0.001833 -0.003095 0.000645 
-0.015928 0.003296 -0.000668 0.000863 -0.000718 0.002454 0.000223 -0.002514 
0.015074 0.000785 0.001332 0.001285 0.001953 -0.000326 -0.000423 0.001290 
-0.005918 0.002676 -0.001139 0.000947 0.000516 0.000043 -0.001424 -0.003056 
0.009445 -0.002670 0.001475 0.004312 0.000474 0.001993 -0.002338 0.000752 
-0.002293 0.001200 0.000102 -0.000268 -0.000639 -0.001207 0.002788 -0.001474 
0.007728 -0.000684 -0.000640 0.002130 0.000078 -0.001513 -0.003375 0.002054 
-0.000256 -0.005252 -0.001754 0.001133 0.001852 -0.001969 -0.002024 0.003957 
-0.003759 0.001976 0.002574 -0.001969 0.003211 -0.001887 0.003219 0.001300 
-0.007602 -0.002435 0.001039 0.001408 0.002167 0.001529 0.001763 0.000371 
0.001303 -0.000814 -0.003155 -0.004040 -0.000851 -0.004540 0.002891 -0.002392 
-0.004868 -0.003273 0.000276 0.002840 -0.002067 -0.001359 0.001454 0.000792 
-0.015264 0.000475 0.001323 -0.002907 0.000346 0.003409 -0.002077 -0.002666 
-0.003664 -0.003713 0.001820 0.001386 -0.001821 -0.002281 0.000084 0.000721 
-0.016837 0.003344 0.003902 0.001949 -0.000430 -0.002973 0.000750 -0.000896 
-0.005075 -0.001356 0.002555 0.000296 -0.002372 -0.004655 -0.004818 -0.000501 
-0.020043 0.002606 0.003753 -0.002140 -0.001764 -0.003283 0.001035 -0.001616 
0.056244 -0.011685 0.001235 0.003402 0.000280 -0.007390 -0.006785 0.002362 
-0.025159 -0.006527 -0.001718 -0.003114 0.001506 -0.004040 -0.000888 0.001025 
0.032650 0.066863 0.003605 0.012769 0.002011 -0.008308 -0.003123 -0.000300 
-0.065172 0.005224 0.000695 -0.003665 -0.004149 -0.005221 0.000926 -0.004286 
-0.016862 0.001285 -0.000704 -0.000917 0.001580 0.002206 -0.001224 -0.000621 
0.010538 -0.000000 0.000351 -0.003331 -0.001840 -0.002538 0.000662 -0.001229 
-0.000140 -0.002097 0.000218 -0.000528 0.000129 0.001995 -0.000645 -0.003089 
0.011305 0.000880 0.000102 -0.003271 -0.000568 -0.000780 -0.003407 -0.001628 
-0.002965 -0.000083 0.000383 -0.002164 -0.000606 0.001113 0.000074 -0.000678 
0.007861 0.001396 0.001215 -0.000353 0.000259 -0.000673 -0.000354 -0.003392 
-0.003451 0.002247 -0.000795 -0.000056 -0.000183 0.002159 -0.000356 -0.002356 
-0.004348 0.001782 0.002406 0.000222 0.000862 0.001591 -0.001014 -0.000012 
0.001878 -0.003175 -0.000742 0.001634 0.000873 -0.000176 0.000916 -0.001546 
-0.004537 -0.004064 -0.001098 0.002833 0.000321 0.001384 -0.000364 0.001349 
0.000427 0.004246 -0.000502 -0.000583 0.003535 -0.000419 -0.000334 -0.000925 
-0.008904 -0.001238 0.003123 -0.002781 -0.000553 -0.001767 0.002612 -0.000319 
0.003991 -0.007987 0.002302 0.003750 0.003069 -0.002495 -0.001107 -0.002871 
-0.009345 0.002004 0.001495 -0.001056 -0.000803 -0.003605 0.001333 0.000691 
-0.000249 -0.007057 0.001886 0.001244 0.001297 0.000205 0.001608 0.001762 
-0.023905 -0.002252 0.004858 -0.002090 -0.001597 -0.003562 0.003074 -0.001665 
0.001080 0.016835 0.003361 0.001349 0.004772 -0.006738 -0.002975 0.003486 
-0.005216 0.000610 0.003648 -0.002743 0.003009 -0.006386 0.002162 -0.006310 
0.019065 -0.034441 0.006468 0.009398 -0.003972 -0.004726 -0.007481 -0.000884 
-0.156415 -0.001543 0.013374 -0.007590 -0.003484 0.002477 0.003692 0.009380 
-0.013908 0.001180 0.002150 0.000117 0.002202 -0.001917 0.000451 0.001798 
0.014409 -0.002099 0.000919 0.001610 -0.005431 0.001910 -0.002702 -0.001573 
-0.004411 -0.000014 -0.000611 0.001119 0.002550 -0.001245 0.002323 0.000798 
0.012376 0.002953 0.002738 -0.000151 -0.002242 0.003013 -0.000057 0.000054 
-0.000888 -0.005134 -0.001397 -0.001607 0.002390 -0.003771 0.000073 0.001318 
0.002268 -0.001106 0.003072 0.000037 0.000516 -0.003089 -0.000203 0.001985 
0.002494 0.001077 -0.000688 0.001719 0.002512 -0.000859 0.002591 0.002270 
-0.000601 -0.002768 -0.001138 -0.003766 0.003878 -0.003011 -0.001893 -0.003290 
0.001378 -0.000706 -0.004458 0.004101 0.002177 0.000538 0.002890 -0.000764 
-0.005578 -0.000377 -0.001275 -0.001547 -0.002523 -0.004336 -0.000730 -0.001247 
0.004023 0.002214 -0.003317 0.000601 0.004362 -0.001192 0.000190 -0.000402 
-0.008736 -0.000243 0.000256 -0.002883 0.000338 -0.002304 -0.000908 0.001186 
0.008553 0.002038 0.000061 -0.003357 0.000667 -0.001259 -0.002227 -0.005853 
0.002301 -0.001097 0.002674 0.001066 -0.001316 -0.004561 -0.001323 -0.002165 
0.004280 0.009380 -0.001177 0.003922 0.008334 -0.002671 -0.000930 -0.002751 
0.001180 -0.002483 0.001486 0.003558 0.001970 -0.005565 0.002707 0.000514 
-0.026381 0.010348 0.002861 0.000897 0.001976 -0.004489 -0.003530 0.000957 
-0.022869 0.004821 0.001995 -0.000921 -0.002010 -0.003789 0.004306 -0.003440 
0.074847 -0.066954 -0.008738 0.010594 0.002304 -0.009250 -0.011671 -0.000817 
-0.040787 -0.005237 0.008470 -0.010200 -0.006094 -0.008870 -0.000021 0.004913 
-0.005369 0.008257 0.001142 -0.003178 -0.001360 0.000767 0.000502 -0.001107 
0.008449 0.002371 0.000139 0.003684 -0.000736 0.000623 0.000503 -0.002517 
0.000975 -0.003689 -0.000987 -0.003291 -0.002899 0.000522 -0.000676 0.001729 
0.002998 -0.000806 -0.002488 0.000860 -0.003442 -0.000542 -0.000880 0.000355 
-0.005232 -0.004054 0.001136 0.002757 -0.003807 0.003351 -0.001114 -0.002678 
0.007696 0.002472 0.002767 -0.000201 0.000443 0.001758 0.000626 -0.002081 
-0.003612 0.001579 0.001096 0.002388 -0.000118 -0.000087 0.002276 -0.004239 
-0.001895 0.001013 0.000453 0.002272 0.002184 -0.001700 0.000171 0.005837 
0.000187 -0.002690 0.002743 0.001542 0.001196 -0.000303 -0.001065 -0.000883 
-0.008844 -0.002006 -0.000775 0.003121 0.000320 -0.003068 -0.000348 -0.000502 
0.008209 -0.003345 -0.000388 0.001584 -0.000116 0.001826 0.000046 -0.002184 
-0.013997 0.002585 0.002626 -0.000097 0.000542 -0.005433 -0.000216 -0.000453 
0.007611 -0.010236 0.000161 0.003146 -0.001047 0.001380 -0.001494 -0.001861 
-0.007924 -0.001187 0.000063 -0.000389 0.000885 -0.007322 0.001350 0.001241 
0.019654 -0.003390 -0.000644 -0.000643 -0.001952 0.002674 0.001742 0.001448 
-0.014714 -0.004928 0.003072 0.002794 0.001961 -0.008536 0.001679 -0.004065 
0.020362 -0.019738 0.003637 0.001396 0.004739 -0.002524 -0.000440 0.001112 
-0.015114 -0.002043 -0.001637 0.000620 0.006108 -0.009207 -0.001535 0.002981 
0.017539 -0.007256 -0.004015 0.005166 0.004353 -0.002098 -0.003288 0.003154 
0.045201 0.000005 -0.000809 0.003130 0.000538 -0.014412 0.002346 0.006000 
0.004743 0.001679 -0.002147 0.000980 -0.000372 -0.001418 0.002416 0.002464 
-0.002920 -0.000154 0.001806 0.001725 -0.004925 0.001659 -0.002669 -0.000978 
0.006380 0.001604 0.000486 0.001183 0.000099 -0.001274 -0.000341 -0.000494 
-0.000218 0.002069 0.002743 -0.001405 -0.000123 -0.000958 -0.000086 -0.001388 
-0.008731 0.000344 -0.003245 -0.001355 0.000024 0.000673 0.001481 -0.000680 
0.006056 0.001910 0.001800 0.000140 0.000519 -0.001240 -0.001218 -0.004980 
0.001931 0.003403 0.001219 -0.001257 -0.000565 0.000973 -0.001495 0.001865 
-0.003808 0.000391 -0.000733 0.002660 -0.000124 0.001202 -0.002001 0.004342 
-0.002517 0.002425 -0.001066 -0.000530 -0.000130 0.004923 0.002660 -0.002185 
-0.002777 -0.003095 -0.002603 0.002615 0.001582 -0.003619 0.000891 0.000787 
-0.011316 0.000009 0.001357 -0.002324 -0.001522 -0.000559 -0.001708 -0.003400 
0.006509 0.000921 0.002028 0.001301 0.000013 -0.005664 0.001726 0.001238 
-0.000044 0.003119 0.001064 -0.001533 0.004365 0.000821 0.000184 0.002114 
0.009834 -0.002881 0.000907 0.004211 -0.000082 -0.007468 -0.000313 0.000467 
-0.000904 0.009461 -0.001221 0.002114 0.002010 -0.001251 -0.004162 0.000071 
0.007998 -0.001412 -0.001416 -0.000857 -0.000187 -0.005570 0.000212 0.004397 
-0.013799 0.026637 -0.001747 0.000316 0.004773 0.000815 -0.004653 0.000001 
-0.000272 -0.000113 -0.000529 -0.001832 0.000771 -0.006228 0.003180 0.004286 
0.049844 -0.069954 -0.004982 0.008726 0.008951 0.000309 0.003833 0.001436 
0.115487 0.002282 -0.018391 -0.002149 0.001447 -0.000520 -0.007468 0.006223 
-0.002130 0.002476 0.002926 0.003397 -0.003154 0.000697 -0.001206 0.000610 
-0.003410 -0.002598 -0.002141 -0.003830 0.000896 0.001111 -0.002463 -0.000511 
0.000799 0.004890 0.002497 -0.002647 0.001558 0.001183 0.000740 -0.000364 
-0.005767 -0.000116 -0.001833 0.000354 0.001323 -0.002801 -0.000101 0.003637 
-0.002832 0.004051 0.000591 -0.000627 -0.002334 0.000692 -0.001268 -0.001433 
-0.001694 -0.003234 0.000657 -0.000403 -0.000333 0.001092 -0.000341 0.001774 
0.003261 0.001822 0.000388 -0.000166 -0.000810 -0.001116 0.001161 0.001491 
0.003691 0.000237 0.001421 0.001199 -0.000109 -0.003564 -0.000301 -0.000529 
0.001918 0.002523 0.002645 0.000819 -0.002750 -0.001408 0.000256 0.000524 
0.007465 -0.000532 -0.002441 0.001075 0.000742 -0.003745 -0.002889 0.001223 
0.003203 0.003926 0.000757 0.000656 -0.001030 0.001722 0.001791 0.000893 
-0.006337 -0.003143 0.001806 -0.000035 -0.000503 -0.002191 0.002103 -0.001067 
-0.000769 -0.009152 -0.002819 0.001559 -0.001331 -0.001937 -0.003073 -0.001296 
-0.000885 -0.001587 0.004063 -0.002184 0.003653 -0.000766 -0.002608 0.001065 
0.003811 -0.001048 -0.000494 -0.002211 -0.000846 -0.003015 -0.000542 -0.000617 
0.002416 -0.000542 0.001986 0.001061 0.002829 -0.000839 0.003047 -0.006829 
0.015330 -0.006254 0.001958 0.003513 0.002770 -0.002050 0.006079 -0.003371 
0.008693 0.001680 0.005834 0.002602 -0.003708 -0.003431 0.000111 -0.000549 
-0.106699 0.141815 -0.013371 0.018177 -0.009895 -0.000941 0.004400 0.000164 
0.030668 -0.000225 0.010686 -0.003417 -0.001480 -0.009142 0.003621 -0.002517 
-0.001375 -0.002390 0.001981 0.000124 0.000535 0.002831 -0.000485 -0.002079 
-0.004036 0.000440 -0.000700 0.001527 0.001290 -0.002092 -0.000273 0.001587 
-0.001689 -0.001523 0.001222 0.000054 0.002310 0.000293 0.003849 0.004874 
0.003801 -0.001454 0.000028 -0.002019 0.000899 0.002152 0.000842 -0.000368 
0.002196 0.001255 0.001199 -0.003647 -0.002105 0.000641 -0.005159 0.000200 
0.002073 -0.001160 0.001005 -0.002108 0.000737 -0.003728 -0.000512 -0.001252 
0.006249 0.001460 -0.002963 0.001342 0.002288 0.000321 -0.002678 -0.003981 
0.001909 0.001717 0.000856 0.000522 -0.000019 -0.001206 0.001882 -0.002842 
0.002233 -0.000160 0.002371 0.001935 -0.000575 -0.002470 -0.001089 -0.001780 
0.002361 -0.004653 0.003571 -0.000074 -0.001552 -0.001571 -0.001029 -0.001005 
-0.000524 -0.009340 -0.001158 0.000062 -0.000258 0.001487 0.001891 -0.001399 
-0.014891 0.003211 0.000525 -0.000877 -0.001213 -0.005656 0.000402 0.000434 
0.006728 -0.004636 0.001647 -0.002711 0.000058 0.001421 -0.000387 -0.000079 
0.004059 -0.005232 0.001086 -0.000398 0.001451 -0.002553 0.005349 0.000860 
-0.002769 -0.003078 0.000328 -0.003425 0.000578 -0.001904 -0.002100 -0.001275 
-0.004544 0.001607 -0.000316 0.002040 -0.002442 -0.004212 0.003931 0.001419 
-0.011211 0.000983 -0.001715 -0.000976 0.001674 -0.003917 0.000456 0.000633 
0.010435 -0.004989 0.003685 -0.001101 -0.001909 -0.002796 -0.001361 0.000201 
0.036642 -0.064656 -0.007358 0.009855 -0.001241 0.000342 0.004043 0.001483 
-0.183983 -0.010922 0.023150 0.002654 0.002384 -0.002499 0.003935 0.003465 
-0.002641 -0.003080 0.002008 -0.001884 0.002310 -0.001043 0.001014 -0.000908 
0.004844 -0.001554 -0.002332 -0.000260 -0.000873 0.000646 -0.001145 -0.002289 
-0.007292 0.001628 -0.001008 -0.003149 -0.000342 0.002082 -0.001145 0.003256 
-0.000572 -0.002993 -0.000808 0.001338 -0.000517 -0.002453 0.004226 -0.002215 
0.002276 -0.001303 -0.002879 -0.001220 -0.000619 -0.003186 -0.002064 0.001083 
0.009399 -0.001692 -0.001116 -0.000350 -0.000321 -0.001190 0.000727 -0.001467 
-0.001895 -0.000575 -0.003123 -0.002196 -0.002009 0.002960 -0.000117 0.001820 
-0.002578 0.000013 -0.000107 0.000087 0.000174 0.000361 0.000818 0.001991 
-0.001612 -0.001940 -0.001380 -0.000981 0.000619 -0.003339 -0.000826 0.000089 
-0.010189 0.000567 -0.000566 -0.000727 0.003622 0.001102 0.004049 -0.000367 
-0.005073 0.008177 -0.000496 -0.002023 -0.000688 0.000813 0.000497 0.003111 
-0.006738 -0.003011 -0.001085 0.000503 -0.000493 -0.003574 -0.001415 -0.001710 
0.006353 0.000960 -0.001345 0.001757 -0.000246 -0.003130 0.001715 0.001591 
-0.006036 0.002099 0.003924 -0.001991 -0.001132 -0.002008 0.000095 0.000482 
0.007522 -0.004601 -0.000824 0.000746 -0.003020 -0.000576 -0.004845 -0.000687 
-0.009003 -0.001435 -0.001915 -0.001723 -0.003976 -0.003874 -0.001386 -0.000300 
0.025294 -0.002270 0.000683 0.000592 0.002240 -0.008412 -0.001902 0.000183 
-0.000961 0.001102 0.000869 -0.004798 0.001656 -0.003344 0.001376 0.001048 
0.033702 0.010207 0.003358 -0.001236 0.007756 0.000845 0.003963 0.001384 
0.054103 -0.000873 0.010820 -0.002642 -0.000946 -0.008122 -0.000004 0.003385 
-0.003271 0.003769 0.000290 0.001526 0.003807 -0.002177 -0.001122 -0.000967 
0.006706 -0.002533 0.002739 -0.001581 -0.000908 0.001591 0.001050 -0.000253 
-0.000626 0.001530 -0.001151 -0.001421 -0.001804 -0.001098 -0.002113 0.001913 
-0.008985 -0.000976 0.000923 -0.000591 -0.000464 -0.002242 -0.000421 0.001795 
0.010654 -0.000701 -0.004052 -0.001391 -0.001000 -0.000980 -0.000785 0.000924 
-0.002699 -0.002699 0.001697 -0.002258 -0.003146 -0.002290 0.001444 0.000392 
0.004976 -0.000094 -0.000117 -0.000086 -0.001421 -0.001424 0.000174 0.002476 
0.004104 -0.002147 0.001901 -0.000626 -0.000604 -0.000765 0.000878 -0.004931 
-0.007969 0.006741 -0.001984 0.001889 -0.001543 -0.001945 -0.000463 0.001963 
-0.000958 -0.001107 -0.002963 -0.000207 0.000700 -0.001354 -0.001816 -0.001621 
0.007914 -0.011551 -0.002915 -0.001009 -0.005444 -0.000630 0.002701 -0.000148 
-0.000763 -0.003022 0.001612 0.000585 0.000286 -0.000943 0.002810 -0.000514 
0.005672 -0.001772 0.001986 -0.005404 0.003655 -0.000689 -0.001757 -0.000197 
-0.000122 0.000331 -0.000281 -0.002466 0.002686 -0.004023 -0.000394 0.002607 
0.003003 0.008846 -0.000406 -0.000141 0.000180 -0.002476 0.000743 -0.000597 
-0.003447 -0.001677 0.004972 0.003667 -0.000716 -0.004938 0.000036 0.002838 
0.041940 0.006306 0.001395 -0.000072 0.001912 -0.007326 -0.000473 -0.000023 
0.001157 -0.001689 -0.001255 -0.008441 0.000168 -0.003289 -0.000384 -0.001522 
0.094815 0.171236 0.018798 0.034512 0.007588 0.006533 -0.001232 0.000864 
0.004353 -0.001392 -0.002956 -0.002672 0.003801 -0.003304 -0.003960 -0.002128 
0.005800 -0.000868 -0.003513 0.001890 0.000606 0.003805 0.000946 0.001609 
-0.002472 0.002028 -0.001076 -0.000881 -0.002010 0.001720 -0.000836 -0.002166 
0.002372 -0.005207 0.000369 0.002213 0.000849 0.001626 0.002093 -0.001330 
0.002065 0.000057 0.000741 -0.002552 -0.001106 0.001333 -0.000225 -0.000053 
0.007214 0.004896 0.004791 -0.001505 -0.001577 0.002646 -0.002052 -0.001614 
0.003780 -0.001074 0.001563 -0.000595 0.002501 0.001355 0.001716 0.000120 
0.000301 0.000104 0.001398 -0.002744 0.000056 -0.000140 0.002053 0.000790 
0.003788 -0.000174 0.002009 -0.004709 0.004298 -0.000980 -0.001962 -0.002301 
-0.003896 -0.000490 -0.000534 0.001557 0.003274 0.001061 0.000226 -0.000218 
0.002052 0.002591 0.002283 -0.003296 -0.000212 -0.003404 -0.002178 0.001149 
0.003463 -0.004724 0.001694 -0.004127 0.000788 -0.000920 0.001178 0.001235 
-0.013019 0.001283 0.002085 -0.000632 -0.001969 -0.003647 -0.002651 -0.000816 
0.000806 0.003420 0.002706 -0.000351 0.003957 -0.003938 -0.001857 -0.001666 
-0.003562 -0.002680 0.000286 -0.002410 -0.003286 0.004236 -0.001356 -0.002046 
0.003788 -0.000369 0.001430 0.003832 -0.001528 -0.006428 -0.002018 0.003316 
0.008112 0.001873 0.001979 -0.003520 0.000753 -0.002614 0.000724 -0.000078 
0.007324 -0.004028 0.003719 -0.002330 0.003890 0.000914 -0.000022 -0.001128 
-0.000102 0.001310 0.003276 0.002262 -0.002310 -0.002938 -0.003177 0.001942 
-0.051705 -0.144578 0.015335 0.017074 -0.005050 -0.001537 -0.000714 -0.000326 
0.031574 -0.005196 -0.007044 -0.003343 -0.002957 -0.004641 0.001322 -0.000726 
-0.003482 0.007289 0.000471 -0.001594 0.001631 -0.001986 0.001172 -0.000918 
0.009030 -0.003592 0.002149 -0.003813 -0.000573 0.001365 -0.004988 0.000786 
-0.002008 0.001111 0.000869 -0.005065 0.001364 0.002064 -0.004408 -0.005274 
-0.002506 0.001722 0.001836 0.000983 0.000777 -0.002951 0.004095 -0.000027 
-0.003158 0.003080 -0.003100 0.002889 -0.004533 0.004416 0.000104 0.000301 
-0.004108 0.001898 0.002246 -0.002999 -0.000007 0.000862 0.002638 -0.002231 
0.002321 -0.002052 -0.001056 0.001129 -0.001690 -0.003136 0.000215 0.004157 
0.000280 -0.000353 0.002847 0.000407 0.002631 -0.006393 0.000861 -0.001651 
0.004616 0.002929 -0.002442 0.002184 -0.000060 0.004248 -0.001894 0.000339 
-0.000287 -0.001424 0.004353 -0.001075 -0.000987 -0.003423 0.001660 0.001470 
-0.003943 0.001888 -0.002177 -0.002240 0.001604 -0.002415 -0.001045 -0.002317 
-0.010484 0.001668 0.001054 0.000336 0.000030 -0.002503 -0.005295 -0.001140 
0.001089 -0.010319 0.000739 0.000373 -0.001653 -0.002834 0.000446 0.000084 
-0.005655 -0.004702 0.000805 -0.003125 0.002160 -0.002642 0.001258 0.001905 
-0.000366 -0.001272 0.002120 0.002210 0.000542 -0.003076 -0.002609 0.002085 
-0.003987 -0.002994 0.005122 -0.003402 0.004109 -0.003615 0.002595 0.000993 
-0.020589 -0.004710 0.001689 -0.001273 -0.003654 -0.001295 -0.002419 -0.000523 
-0.015563 -0.000206 0.002952 -0.003429 0.003268 -0.004750 0.003437 0.001471 
0.012229 0.005826 0.003270 0.000317 0.000114 -0.009378 0.000797 -0.001256 
-0.004784 -0.005347 0.013937 -0.004389 0.002073 -0.007637 0.000838 -0.005258 
-0.001430 0.005938 0.002732 -0.000011 -0.002723 -0.000549 -0.000957 -0.000098 
0.000255 -0.005123 0.002358 0.000229 0.001858 0.002827 0.001372 0.000453 
-0.006258 -0.001505 0.001619 0.000808 0.001288 -0.002762 -0.001522 0.003868 
0.007506 -0.010353 0.001089 -0.004775 0.001187 -0.001166 0.001683 -0.004168 
-0.000962 -0.000982 0.000368 0.001027 0.000771 -0.001651 0.001962 0.000149 
-0.002448 -0.010029 0.000716 0.001560 0.000591 -0.004332 -0.001861 -0.001490 
0.001552 0.003438 -0.001810 -0.002007 -0.003420 -0.000631 0.000476 0.000905 
-0.001369 -0.010263 -0.000686 0.001696 0.003954 -0.000947 -0.003058 0.003090 
0.001212 0.000752 0.002107 -0.001754 -0.000508 -0.000159 -0.002114 0.004512 
0.005336 -0.013129 -0.001504 -0.002922 -0.000547 -0.001241 -0.003170 0.002637 
0.004454 0.003189 -0.000417 0.001621 0.001225 -0.001671 0.002043 0.004904 
-0.000835 -0.008822 0.001412 -0.004944 0.000947 -0.002790 0.001837 -0.000681 
0.002059 -0.002485 0.001539 0.001365 0.001424 -0.003581 0.000038 -0.001601 
-0.001889 -0.016015 0.002665 -0.008155 0.002771 -0.004735 0.002120 0.000460 
-0.004555 -0.004057 0.002953 0.000766 -0.000200 -0.001241 -0.000719 0.006853 
-0.009825 -0.018246 0.006030 -0.006267 0.003294 -0.005868 0.001904 -0.001961 
0.029166 0.019497 0.008203 0.003673 0.005737 -0.004858 -0.004129 0.002842 
-0.000927 -0.017995 0.001896 -0.003304 0.003499 -0.003462 -0.001262 0.003365 
-0.003638 -0.044556 0.007300 0.005267 -0.010451 -0.009300 -0.004966 -0.001646 
-0.046501 -0.013099 0.004965 -0.004741 -0.003968 -0.007789 -0.005273 0.000795 
-0.002433 0.005282 0.003055 0.002327 -0.001655 -0.003160 0.000257 0.003095 
0.001108 -0.005551 0.001504 0.001276 0.000807 -0.002024 0.001231 0.000903 
-0.002052 0.003285 -0.000203 0.003158 0.000185 -0.000792 0.000486 0.000218 
0.002617 -0.006238 0.001732 0.001602 0.001581 -0.003549 -0.000160 -0.000814 
0.001145 -0.007759 0.004233 0.001171 -0.000066 -0.001180 0.000276 0.004502 
0.007529 -0.005296 0.003494 -0.000778 -0.000823 -0.003119 -0.002117 -0.004807 
-0.002902 0.001286 0.002379 0.001419 -0.002062 -0.000351 -0.001111 0.002675 
-0.005597 -0.010407 0.001845 0.003652 0.004228 -0.006911 -0.001874 -0.001559 
-0.002089 -0.001245 0.004537 0.003951 0.000245 0.000107 0.002574 0.004738 
-0.007289 -0.012434 0.003991 0.002418 0.002244 -0.004292 -0.004182 0.000336 
-0.003344 -0.009842 0.010672 0.007175 -0.002994 0.002679 0.002567 0.002017 
-0.000276 -0.009219 0.007183 -0.000007 0.005086 -0.007917 -0.002006 0.000622 
-0.002173 0.004566 0.010879 0.004092 -0.000673 0.001818 -0.000146 0.006975 
-0.011918 -0.012496 0.012642 0.002361 0.007947 -0.008724 -0.001205 -0.005184 
-0.009909 -0.016781 0.007508 0.006553 -0.002764 0.003621 -0.000901 0.008175 
0.000401 -0.013016 0.012664 -0.000527 0.003536 -0.004747 -0.003388 -0.002867 
-0.005565 0.002932 0.020399 0.004231 -0.005035 -0.003417 0.000617 0.007262 
-0.010945 -0.013708 0.015700 -0.002030 0.012409 -0.004337 -0.005653 -0.001301 
0.018364 0.002616 0.013145 0.019583 -0.002725 -0.005113 -0.013110 0.006696 
-0.072744 -0.020432 0.011586 -0.001758 0.014077 0.000637 -0.011981 0.008573 
0.017732 -0.001849 0.000667 0.014711 0.000253 -0.012143 -0.001358 0.000547 
-0.021488 0.001715 0.007739 0.002161 -0.000013 0.013196 -0.005326 -0.005269 
0.018159 0.000130 -0.007667 0.012663 -0.001007 -0.019432 -0.007021 0.004104 
-0.009668 -0.000070 0.012754 0.004691 -0.002608 0.020983 -0.005262 -0.002508 
0.002888 -0.000852 -0.009207 0.010155 0.002302 -0.020281 -0.004600 -0.000484 
-0.021480 -0.003455 0.022529 0.000338 0.004897 0.012418 -0.008800 -0.003783 
0.005385 -0.009387 -0.008209 0.012367 0.000372 -0.025303 -0.002503 0.002433 
-0.009627 -0.000895 0.018469 -0.003967 0.003296 0.020432 -0.012287 -0.001610 
0.002818 -0.013663 -0.013293 0.011478 0.004606 -0.028653 -0.003837 0.005188 
-0.017043 0.001715 0.023171 0.004478 0.000391 0.015909 -0.013701 -0.005616 
-0.001252 -0.018506 -0.004758 0.011944 -0.005178 -0.031935 -0.006864 -0.000057 
-0.016062 -0.004739 0.031396 0.003368 0.005010 0.024804 -0.019335 -0.004422 
-0.012598 -0.022431 -0.011354 0.013680 -0.007419 -0.029685 -0.012803 0.003338 
-0.011955 0.001556 0.030487 0.010905 0.007047 0.032812 -0.014417 -0.003416 
-0.017171 -0.013646 -0.008814 0.010154 0.006077 -0.034750 -0.006258 0.007169 
-0.006454 -0.002366 0.030756 0.006983 0.009162 0.045384 -0.015458 -0.006386 
-0.035521 -0.014962 -0.011320 0.015039 -0.003607 -0.026667 -0.003664 0.004688 
-0.008216 0.000232 0.043047 -0.002047 0.002688 0.027893 -0.024111 -0.007642 
-0.197303 -0.021652 -0.001887 -0.006642 -0.017468 -0.007076 0.006600 -0.028288 
0.015612 0.019201 0.020505 -0.024181 0.001902 0.013989 -0.028426 0.013587 
