0.151543 1.084451
0.183174 1.213899
0.154939 1.266481
0.130334 1.281457
0.100558 1.255560
0.067577 1.198650
0.093033 1.088294
0.051761 1.020845
0.038284 0.941819
-0.083103 1.016775
-0.377539 1.101399
-0.293567 1.204240
-0.170077 1.257005
-0.056352 1.280088
-0.019100 1.256271
0.033298 1.193761
0.050866 1.109851
0.093143 1.024326
0.027811 0.993388
-0.165291 1.128108
0.011750 0.898571
0.013662 0.948966
0.020692 0.965369
0.022661 0.963654
0.008626 0.976674
0.007860 0.966633
0.017291 0.958372
0.017288 0.941339
0.050961 0.959644
0.102865 1.053194
-0.002919 0.902353
0.010281 0.952399
0.015617 0.970889
-0.009303 0.977507
0.008503 0.975575
-0.019346 0.975291
-0.017874 0.970972
-0.003414 0.963419
-0.022781 0.974061
0.119008 1.083809
0.149189 1.083687
0.180013 1.212896
0.150809 1.263116
0.125163 1.277650
0.097549 1.254391
0.064868 1.195907
0.088923 1.084816
0.048273 1.020709
0.027108 0.940898
-0.103348 1.009484
-0.376264 1.100381
-0.293473 1.203055
-0.171595 1.255177
-0.054855 1.275414
-0.021170 1.254067
0.035685 1.188777
0.053214 1.111282
0.092603 1.025115
0.032655 0.990501
-0.179434 1.148122
0.005511 0.707153
0.004265 0.706941
0.006489 0.697337
0.013758 0.703599
0.004388 0.696403
0.004517 0.701088
0.026518 0.697473
0.013511 0.692559
-0.010151 0.677948
-0.066619 0.662495
-0.059059 0.704582
-0.108699 0.700407
-0.147972 0.703717
-0.184473 0.699748
-0.231019 0.699509
-0.250489 0.712127
-0.307907 0.706478
-0.307764 0.706604
-0.319754 0.714823
-0.491144 0.717330
0.003904 0.705500
0.021431 0.699165
0.024487 0.693863
0.036879 0.690399
0.045372 0.683343
0.045336 0.688638
0.053139 0.676833
0.053723 0.675738
0.055483 0.676930
0.097823 0.700407
-0.013194 0.701912
-0.029409 0.700193
-0.039071 0.697949
-0.057730 0.697385
-0.062656 0.682249
-0.070253 0.686445
-0.071278 0.686159
-0.086240 0.678190
-0.088455 0.710991
-0.092892 0.738555
0.008834 0.697683
0.014174 0.695585
0.026651 0.701194
0.027325 0.710126
0.043702 0.712840
0.039392 0.710794
0.056183 0.708578
0.064604 0.701108
0.071802 0.726776
0.012842 0.753598
-0.022925 0.695606
-0.025392 0.693526
-0.034434 0.701474
-0.043257 0.703601
-0.044985 0.713011
-0.055659 0.711100
-0.064925 0.714080
-0.069399 0.698879
-0.082983 0.686006
0.100455 0.687761
0.005289 0.697714
0.011869 0.717777
0.005889 0.759772
0.004734 0.792373
0.030140 0.813327
0.029853 0.825911
0.024005 0.806653
0.025740 0.756921
0.035724 0.710085
0.196728 0.733186
-0.011511 0.693630
-0.010654 0.714170
-0.018313 0.750431
-0.030747 0.793915
-0.027539 0.810904
-0.023136 0.824896
-0.030910 0.795720
-0.055793 0.758314
-0.026703 0.773201
-0.093585 0.688586
0.016468 0.705118
0.024653 0.735212
0.020781 0.789360
0.018688 0.834981
0.034873 0.847753
0.026577 0.841313
0.027258 0.796598
0.004826 0.756310
0.049900 0.757246
-0.035547 0.774244
0.054876 0.698764
0.061480 0.733922
0.066177 0.778937
0.044166 0.820951
0.040592 0.845848
0.011753 0.835245
0.005622 0.799841
0.003233 0.758961
-0.017845 0.723608
0.040668 0.747931
0.015770 0.658790
0.035554 0.691629
0.038625 0.740294
0.046899 0.771377
0.075623 0.774643
0.069850 0.754920
0.087660 0.714137
0.083066 0.666848
0.100412 0.655085
0.123824 0.864919
-0.014117 0.663735
-0.040387 0.691052
-0.066238 0.738051
-0.109147 0.771186
-0.128117 0.778836
-0.152721 0.761848
-0.182687 0.724781
-0.206639 0.675866
-0.208770 0.675863
-0.168473 0.760800
0.005843 0.707479
0.002089 0.706632
0.008009 0.703840
0.017526 0.702578
0.017249 0.707365
0.013099 0.696741
0.016228 0.695934
0.020398 0.693981
0.082510 0.716151
0.053027 0.578700
-0.010791 0.706357
-0.018537 0.702342
-0.016506 0.699780
-0.019469 0.703986
-0.028959 0.703848
-0.026899 0.703481
-0.035393 0.709170
-0.031327 0.701993
-0.060655 0.712654
-0.026757 0.739115
0.009519 0.707583
0.007515 0.704124
0.019038 0.703116
0.011172 0.709508
0.023458 0.702578
0.021877 0.705187
0.020017 0.693678
0.029257 0.696403
0.017581 0.708607
-0.016860 0.722174
-0.016019 0.702804
-0.009877 0.703682
-0.021830 0.710057
-0.021444 0.710154
-0.024465 0.707962
-0.017990 0.704263
-0.019644 0.705418
-0.047100 0.694004
-0.032776 0.706445
-0.107868 0.669098
0.010933 0.708867
0.008732 0.707142
0.013382 0.705222
0.011907 0.702462
0.017650 0.706460
0.013176 0.703824
0.038006 0.708744
0.036061 0.713578
0.003894 0.705399
0.113069 0.710161
-0.009448 0.706422
-0.011348 0.705262
-0.016272 0.707076
-0.019915 0.714328
-0.014713 0.710780
-0.023313 0.704802
-0.034550 0.707252
-0.029502 0.711029
-0.026454 0.736885
0.030367 0.573412
0.006797 0.707857
0.007258 0.705415
0.009404 0.706748
0.013327 0.708543
0.024158 0.711923
0.029368 0.713829
0.027494 0.714679
0.032214 0.700058
0.049660 0.719643
-0.105715 0.606396
-0.019631 0.703213
-0.012662 0.706242
-0.009051 0.712048
-0.016676 0.709130
-0.016667 0.702308
-0.034119 0.717052
-0.028891 0.712959
-0.023022 0.707008
-0.014805 0.694942
0.101709 0.589257
-0.001042 0.706538
0.006803 0.708941
0.010235 0.710864
0.008329 0.708508
0.014209 0.708938
0.009539 0.716590
0.020980 0.711120
0.025129 0.718762
0.005467 0.709645
0.000340 0.749593
-0.009691 0.704082
-0.005730 0.703376
-0.012536 0.709327
-0.015240 0.711883
-0.012991 0.718084
-0.017217 0.716023
-0.022926 0.715263
-0.022232 0.712037
-0.055606 0.709721
0.204481 0.676785
0.006796 0.705332
0.006464 0.704231
0.003570 0.717405
0.003948 0.711160
0.019627 0.723479
0.028067 0.724804
0.012394 0.712233
0.022187 0.714330
0.044655 0.712719
0.022966 0.666246
-0.004604 0.706449
-0.006913 0.707505
-0.006949 0.709734
-0.012376 0.713874
-0.018617 0.715266
-0.011067 0.721487
-0.019977 0.727083
-0.026231 0.711796
-0.013232 0.692943
0.050959 0.686082
-0.003375 0.706665
0.002582 0.706484
-0.004327 0.715664
0.010056 0.720670
0.015888 0.719944
0.010627 0.729410
0.006365 0.719311
0.019724 0.720002
0.014524 0.737658
0.097678 0.658610
-0.010195 0.704103
-0.007975 0.707598
-0.016365 0.716742
-0.018389 0.716405
-0.009421 0.725389
-0.013112 0.730575
-0.012013 0.722313
-0.038909 0.718587
-0.010532 0.718480
-0.074038 0.678598
-0.000227 0.708103
0.002820 0.709870
-0.002595 0.720671
-0.000061 0.722154
0.018196 0.730736
0.006760 0.732630
0.009214 0.723135
0.006714 0.717261
-0.026277 0.716299
0.144592 0.674035
-0.011722 0.702975
-0.004182 0.706984
-0.005504 0.716166
-0.008756 0.721007
-0.016182 0.721969
-0.017345 0.726930
-0.011569 0.724530
-0.021136 0.717943
-0.021843 0.698132
-0.008628 0.712549
0.006085 0.708175
0.007626 0.709583
0.010739 0.721711
-0.003432 0.728445
0.011548 0.728479
0.009011 0.735124
0.009677 0.733483
0.006442 0.709334
0.010942 0.711906
0.054638 0.671700
-0.000011 0.701777
0.000879 0.706100
0.000556 0.715670
-0.009386 0.727223
0.002763 0.732354
0.000022 0.727418
-0.005548 0.723559
-0.012841 0.726174
0.037726 0.743007
-0.021296 0.774330
0.007567 0.707683
0.008655 0.709572
0.007170 0.719717
-0.000702 0.731552
0.003936 0.735549
0.015370 0.737369
0.014500 0.729597
0.002304 0.722709
0.034271 0.703907
0.063027 0.753621
-0.006193 0.702042
-0.003668 0.714256
-0.013151 0.719311
-0.022087 0.729330
-0.022626 0.739721
-0.010855 0.733953
-0.017537 0.726781
-0.024720 0.717497
-0.050608 0.724937
-0.115368 0.666078
0.004001 0.706503
0.009602 0.707182
0.002742 0.724146
0.006384 0.731101
0.006804 0.738331
0.006951 0.736915
0.009063 0.727900
0.001205 0.711637
0.046691 0.735202
-0.011128 0.677611
-0.001586 0.707040
-0.006045 0.712305
-0.004620 0.718190
-0.018389 0.731716
-0.017381 0.736829
-0.025932 0.733169
-0.023477 0.725004
-0.017679 0.723556
-0.027484 0.710549
-0.039687 0.704249
0.011365 0.708391
0.005392 0.717412
0.004692 0.725120
0.008725 0.735508
0.018562 0.738681
0.006797 0.734453
0.014810 0.719382
-0.001397 0.725089
-0.009091 0.717502
-0.006837 0.803808
0.021597 0.701019
0.013890 0.710085
0.014643 0.716496
0.009679 0.726144
0.009157 0.731682
-0.015652 0.727008
-0.004830 0.725753
-0.008476 0.714060
-0.028210 0.685301
-0.217475 0.699929
0.027586 0.713421
0.025337 0.716453
0.023956 0.726113
0.019496 0.735471
0.028463 0.740658
0.020697 0.738191
0.022786 0.728622
0.020975 0.724975
0.030438 0.720792
0.020878 0.779426
0.056130 0.701630
0.052973 0.701974
0.043434 0.714520
0.035236 0.722169
0.032928 0.728703
0.022213 0.728560
0.019450 0.720040
0.021963 0.714570
-0.005066 0.733662
0.112989 0.685920
0.004020 0.710947
0.011940 0.711836
0.009366 0.720635
-0.005382 0.729010
0.009812 0.731735
0.005371 0.731050
-0.005301 0.725009
-0.004910 0.708446
0.021667 0.735464
0.025864 0.618841
0.079979 0.701425
0.074982 0.711588
0.071640 0.720817
0.049506 0.721251
0.043886 0.728191
0.030315 0.732965
0.009534 0.721692
0.007418 0.708580
0.016336 0.694684
0.121080 0.732905
0.027093 0.703986
0.027468 0.707563
0.036165 0.711290
0.024600 0.708103
0.027838 0.718174
0.039760 0.714950
0.026264 0.710022
-0.002235 0.708721
0.052774 0.695305
-0.210610 0.649424
0.113424 0.702122
0.089476 0.706866
0.098932 0.700373
0.083716 0.710213
0.071898 0.702999
0.087136 0.698575
0.044502 0.705882
0.036375 0.711715
0.055858 0.718749
0.115759 0.648647
0.050778 0.953525
0.061560 0.941220
0.039344 0.943030
0.030758 0.931901
0.004564 0.934756
0.015731 0.915153
-0.025968 0.909330
-0.015361 0.893765
-0.009779 0.904861
0.089842 0.949464
0.000202 0.956413
0.004434 0.936911
0.022835 0.930465
0.025826 0.934310
0.035895 0.929795
0.023262 0.928332
0.029644 0.906994
0.040927 0.918039
0.046016 0.883951
0.106580 0.848461
-0.007490 0.905770
-0.008482 0.952887
-0.009310 0.974706
-0.021471 0.977593
-0.002039 0.976846
-0.031480 0.965568
-0.029107 0.962481
-0.028749 0.945881
-0.079807 0.960142
0.003851 0.999376
-0.000442 0.891886
0.000391 0.944330
-0.003317 0.962727
-0.009536 0.973649
-0.005696 0.974021
-0.015510 0.965490
-0.005329 0.953086
-0.004281 0.947067
-0.039248 0.945910
0.078082 0.956409
0.050022 0.954961
0.060388 0.943134
0.037589 0.945451
0.027483 0.934879
0.004042 0.937486
0.010411 0.916705
-0.030666 0.908690
-0.020271 0.896237
-0.021856 0.915409
0.091377 0.963650
-0.000007 0.957799
0.004497 0.937915
0.022372 0.931720
0.023807 0.937369
0.034873 0.932219
0.020155 0.931044
0.028106 0.908177
0.040076 0.923024
0.040640 0.883080
0.126411 0.858664
0.001515 0.703753
0.003190 0.708284
0.005764 0.705060
0.011784 0.699000
0.016193 0.702575
0.018442 0.700483
0.016112 0.699912
0.016027 0.686450
0.053242 0.678766
0.032842 0.895937
0.002485 0.710335
0.004231 0.712885
0.005331 0.712376
-0.002905 0.701383
-0.001662 0.706154
-0.008683 0.699994
-0.016080 0.699914
0.005987 0.697997
0.036161 0.678009
0.088139 0.662691
0.015898 0.711453
0.011951 0.710003
0.013200 0.709630
0.024752 0.715126
0.027268 0.704236
0.034967 0.712429
0.032631 0.698902
0.033013 0.701505
-0.001620 0.677337
0.026364 0.609810
-0.002131 0.707695
0.002549 0.706122
0.006126 0.713350
0.005360 0.707096
-0.000477 0.703163
0.010974 0.714704
0.013302 0.704771
-0.002136 0.698605
0.017666 0.706461
0.015091 0.725141
0.010756 0.707126
0.007792 0.706471
-0.008974 0.706592
-0.010034 0.710742
0.001648 0.712159
-0.007711 0.709582
-0.021476 0.704052
-0.017258 0.707336
0.015634 0.721121
0.028641 0.660412
0.005035 0.707605
0.012719 0.708862
0.015629 0.710054
0.034514 0.711952
0.029651 0.709784
0.037844 0.713043
0.051169 0.704137
0.032233 0.693849
0.053875 0.702302
0.081527 0.649225
0.009146 0.707036
0.003519 0.699719
0.011143 0.704177
0.011393 0.710628
0.001367 0.705691
0.010493 0.711484
0.009461 0.700157
0.007370 0.703928
-0.018227 0.715417
-0.005997 0.728046
0.000217 0.706781
0.003825 0.706774
0.004032 0.701766
0.001715 0.699843
-0.000649 0.711050
0.000613 0.709189
0.009341 0.707295
-0.003734 0.710682
-0.014142 0.716869
0.093782 0.696338
0.011751 0.701622
0.017079 0.698512
0.021682 0.697772
0.021895 0.705431
0.018908 0.708395
0.026892 0.708892
0.013870 0.715137
0.008948 0.699339
0.060337 0.725470
0.133530 0.532124
-0.008036 0.709408
-0.012896 0.705674
-0.009388 0.704368
-0.016041 0.704247
-0.007510 0.709206
-0.025383 0.713663
-0.021174 0.714013
-0.021633 0.701987
-0.000601 0.695700
0.139165 0.743472
0.023490 0.707892
0.019554 0.702103
0.016211 0.701477
0.023919 0.714085
0.026645 0.719444
0.034644 0.714388
0.019373 0.702787
0.019285 0.693675
0.033132 0.684416
0.084536 0.686462
-0.001551 0.704408
0.006345 0.703412
0.011009 0.708477
0.016648 0.709992
0.012406 0.716126
0.016395 0.723229
0.029771 0.695147
0.011538 0.693525
0.043640 0.706710
0.177237 0.725305
0.003755 0.705949
0.010648 0.706384
-0.004380 0.703124
-0.003049 0.709659
0.007356 0.706582
0.001365 0.702756
0.000778 0.690660
-0.005068 0.700978
0.032267 0.724711
-0.100290 0.708979
-0.001828 0.707287
0.007072 0.712034
0.004481 0.709995
0.015171 0.707891
0.007130 0.709761
0.019599 0.707381
0.027344 0.706147
0.006838 0.703336
0.031137 0.701507
-0.000960 0.726623
0.006445 0.707937
0.003570 0.708233
-0.014146 0.711335
-0.003467 0.705885
-0.009272 0.703509
-0.000884 0.709328
-0.016965 0.699231
-0.015111 0.702303
0.007940 0.713215
0.066975 0.718616
0.003075 0.706872
0.003356 0.707558
0.007378 0.712615
0.016358 0.707735
0.004849 0.706354
0.013119 0.705700
0.014034 0.707835
0.010448 0.704560
0.021266 0.706844
0.121965 0.569868
0.006790 0.705696
0.001647 0.703897
-0.001127 0.709806
0.000361 0.711555
-0.004055 0.703480
-0.004212 0.703926
-0.010649 0.703975
-0.003797 0.701466
-0.001070 0.681604
0.120023 0.639231
0.008685 0.708072
0.003489 0.707175
-0.000532 0.708371
0.014948 0.708634
0.015063 0.704125
0.011586 0.707113
0.014487 0.706352
0.013497 0.689054
0.040470 0.724427
0.027777 0.665645
0.004589 0.708467
-0.003012 0.704681
-0.001869 0.705534
-0.003507 0.705223
0.010983 0.706131
-0.005638 0.701274
-0.010249 0.700165
-0.009607 0.695402
0.010321 0.718310
0.072719 0.703680
0.006859 0.708290
0.010245 0.706076
0.004773 0.712413
0.013324 0.703434
0.016224 0.706548
0.026662 0.709668
0.020738 0.704118
0.018080 0.709935
-0.003922 0.725265
0.080309 0.684888
0.003607 0.704540
0.004130 0.707738
0.003886 0.703101
-0.009461 0.708759
0.001565 0.707657
-0.008320 0.706817
-0.008340 0.712923
-0.007142 0.699365
-0.010067 0.696735
-0.078882 0.641896
0.001593 0.710776
0.003078 0.708290
0.017418 0.705372
0.015517 0.713159
0.024432 0.705384
0.012904 0.711588
0.038714 0.707883
0.028333 0.698928
0.023509 0.740089
-0.083549 0.735128
0.000552 0.705416
-0.002342 0.709083
0.008446 0.706978
0.003952 0.706339
0.004355 0.710034
0.002354 0.716239
-0.009213 0.704311
0.012272 0.701411
0.009383 0.698705
0.064621 0.703281
-0.002977 0.707393
0.005888 0.708180
0.000390 0.707497
0.000480 0.701052
0.002064 0.710371
-0.005564 0.707089
0.003680 0.702325
0.005472 0.715068
-0.020055 0.719658
0.250109 0.701764
0.004784 0.708087
0.005292 0.708429
0.000476 0.707211
0.002959 0.704873
-0.007703 0.696347
-0.000459 0.704030
0.007526 0.703215
0.001983 0.709145
-0.004263 0.705065
-0.037336 0.723892
0.005051 0.708774
0.000028 0.707645
0.005683 0.705857
0.003327 0.714966
-0.001096 0.708997
-0.007695 0.701964
0.011684 0.711085
-0.004331 0.705805
-0.000729 0.701076
-0.061628 0.679275
0.005943 0.707070
0.001158 0.704660
0.000282 0.703392
0.012403 0.708157
0.004521 0.707538
0.015570 0.712235
0.002512 0.705000
-0.003650 0.717072
0.012707 0.728678
0.027281 0.793324
-0.004841 0.708394
-0.003413 0.710231
-0.001667 0.707106
0.000196 0.707758
-0.005619 0.705545
0.004744 0.709718
0.003024 0.707551
-0.002395 0.706119
-0.023771 0.691150
0.018203 0.579960
0.009537 0.704793
0.001658 0.706223
0.014508 0.705112
0.004538 0.710872
-0.000546 0.703323
0.004437 0.700913
0.008579 0.707647
-0.006100 0.707225
-0.018099 0.708265
-0.142274 0.648691
0.007765 0.708927
0.002853 0.705961
0.000785 0.708024
0.003071 0.704854
0.003522 0.710042
-0.000475 0.705023
0.005412 0.706345
-0.006214 0.706830
0.012969 0.686942
-0.086773 0.674580
0.007642 0.708819
-0.001091 0.706189
-0.001965 0.705472
-0.000225 0.703354
0.001420 0.708199
0.000397 0.712529
0.010977 0.714232
0.016082 0.713149
-0.038430 0.708611
0.030248 0.565508
-0.001055 0.706956
0.003617 0.708525
0.004658 0.705381
-0.004454 0.703997
-0.000884 0.711350
0.016097 0.701150
-0.003817 0.705567
-0.008082 0.698927
0.004025 0.692079
0.058564 0.740655
-0.002103 0.704123
-0.002743 0.703661
0.008095 0.705109
0.000370 0.710473
-0.000901 0.712382
0.002812 0.709143
-0.002602 0.710122
-0.004078 0.700640
0.028326 0.729885
0.148300 0.688264
0.011028 0.709252
-0.000828 0.710902
0.002560 0.706935
0.003960 0.703818
0.002531 0.707266
-0.002287 0.708023
-0.004271 0.699132
-0.009048 0.712306
-0.014097 0.698036
0.154780 0.704771
0.012688 0.700893
0.018351 0.705751
0.011277 0.704605
0.015313 0.699558
0.010612 0.702579
0.014012 0.708838
0.005919 0.710364
0.006199 0.699907
0.017775 0.717135
0.094474 0.672065
-0.007104 0.710938
-0.007936 0.704537
-0.001176 0.708407
-0.001173 0.709555
-0.002025 0.707947
-0.006819 0.717916
-0.002364 0.716864
-0.004259 0.697805
0.001363 0.716627
0.157249 0.768904
0.019175 0.705549
0.022543 0.707172
0.019465 0.705518
0.027306 0.708189
0.018925 0.707839
0.024941 0.704116
0.022196 0.708199
0.013580 0.697266
0.039417 0.708035
0.104017 0.670039
-0.017373 0.709719
-0.014524 0.703224
-0.015727 0.704429
-0.016578 0.706590
-0.002986 0.711008
-0.014068 0.709956
-0.018712 0.709491
0.000547 0.707098
0.017271 0.725023
-0.053684 0.722579
0.008441 0.706231
0.004205 0.707002
0.001981 0.700166
0.005081 0.703354
0.008162 0.704295
0.012873 0.713165
0.004001 0.701662
0.010133 0.705619
0.053218 0.714610
-0.104041 0.701150
-0.001758 0.704165
0.002025 0.708072
0.004067 0.707791
-0.005231 0.707903
0.002133 0.707991
-0.009618 0.707860
-0.007262 0.712268
-0.014460 0.709357
0.007910 0.696437
0.011054 0.691923
-0.009189 0.698044
-0.003029 0.694315
0.009719 0.695333
-0.007365 0.700063
0.016854 0.697756
0.020312 0.699986
0.005478 0.699207
-0.005581 0.698448
0.003745 0.714972
0.092846 0.691603
-0.048407 0.716888
-0.040895 0.719006
-0.036858 0.713059
-0.043496 0.714300
-0.057616 0.713711
-0.058813 0.712752
-0.042715 0.712752
-0.081929 0.714179
-0.033456 0.692200
-0.008888 0.691460
-0.047983 -0.037690 0.004544 0.006773 -0.004621 0.002913 -0.009150 0.003009 
0.249246 -0.010690 -0.002209 0.004201 0.008074 -0.000431 -0.005276 -0.001334 
-0.053415 -0.017422 -0.002525 -0.010482 0.007629 -0.002007 0.008381 -0.007376 
0.152916 -0.007272 0.008205 0.007831 0.011483 -0.005925 0.003367 -0.002434 
-0.018614 0.003077 0.003639 0.001411 -0.007485 0.001330 -0.000758 0.008115 
0.063677 -0.000058 -0.001358 -0.000806 -0.005190 0.005098 -0.000681 -0.010930 
0.009545 0.001581 0.002128 0.005357 -0.008902 -0.006126 -0.003481 -0.005096 
-0.020450 0.010639 -0.003283 -0.002446 0.007115 -0.011056 0.001433 0.000378 
0.028177 0.008810 0.003266 -0.000471 0.002927 -0.008886 0.000527 0.003783 
-0.088204 -0.008317 -0.007700 -0.003538 -0.007424 -0.002489 0.010224 0.000834 
0.047959 -0.010022 0.009888 0.007941 -0.007413 -0.003638 0.005287 -0.002202 
-0.146856 -0.007836 0.004883 -0.007152 -0.006019 0.005515 0.004519 -0.001254 
0.056468 -0.022226 -0.006323 -0.000021 0.000663 -0.000363 0.010799 -0.003199 
-0.208111 -0.023523 -0.003559 -0.001732 0.000679 0.001494 -0.010992 -0.005449 
0.071595 -0.051008 -0.009038 -0.008557 0.004364 0.000889 0.010079 0.002320 
-0.242666 -0.037367 0.006894 0.005759 0.003033 0.005563 -0.000400 -0.004446 
0.055720 -0.019997 -0.001294 -0.001087 -0.000903 0.005110 -0.001767 0.003631 
-0.227173 -0.025279 0.004958 -0.005563 -0.006108 0.002817 -0.003012 0.007620 
0.072411 0.022223 0.004583 -0.000365 0.004917 -0.002285 -0.009239 0.006818 
-0.161533 -0.014856 -0.003055 -0.001440 0.002127 -0.005018 0.002929 -0.004656 
0.003631 -0.011930 0.001340 -0.005765 -0.000923 -0.005221 0.001696 0.006336 
-0.010925 -0.006010 0.001971 0.010249 -0.003668 0.002087 0.002210 -0.002546 
0.003371 -0.004456 0.007458 -0.011353 0.006063 0.007357 0.001617 0.007019 
-0.020699 -0.007723 -0.004500 0.006402 -0.006958 -0.003339 -0.007317 -0.002553 
-0.001437 -0.002612 0.001215 0.002155 -0.005384 0.008766 -0.010637 0.005256 
-0.008635 -0.009631 0.003909 -0.006159 0.001407 -0.001412 0.003436 -0.001581 
0.001173 -0.000308 -0.005800 0.004772 0.008173 0.001587 0.003065 -0.008112 
0.001908 0.004370 -0.000968 0.006530 -0.003617 0.000229 0.007033 -0.001488 
0.004819 -0.005857 -0.006118 -0.007946 -0.006106 0.005014 -0.003320 0.002010 
0.007260 0.000942 -0.009752 0.002994 0.000012 -0.004576 0.000955 0.007010 
0.006509 -0.003070 -0.004022 0.003612 0.000478 -0.003524 -0.008115 0.002393 
0.012816 -0.002382 -0.002804 -0.004688 -0.002932 0.003546 -0.000611 0.001234 
-0.006784 0.005307 -0.002141 0.008940 0.011363 0.007825 -0.001468 -0.009448 
0.014081 0.007374 0.007624 0.010495 -0.001611 -0.003541 0.007280 0.000894 
0.003455 -0.001692 -0.009850 0.012201 0.003763 0.013326 -0.005643 0.009731 
-0.007962 0.000900 0.000897 0.010147 0.005890 0.008340 -0.006953 -0.017892 
-0.016572 0.012311 -0.000610 0.025015 -0.009270 -0.009503 0.004633 -0.014799 
0.003088 -0.003244 -0.006962 0.003034 -0.001789 0.009437 -0.003656 -0.003040 
-0.025115 0.032817 -0.008674 -0.001215 -0.006542 0.005168 -0.003007 -0.001432 
-0.057195 0.000393 -0.002574 0.012832 0.003804 -0.007488 -0.012514 0.000437 
-0.046844 -0.043657 0.007677 0.001678 -0.008428 0.005079 -0.008777 0.004526 
0.250503 -0.011087 -0.000279 0.005508 0.007428 -0.002264 -0.006685 0.005745 
-0.053309 -0.013732 -0.004188 -0.011207 0.005206 0.002894 0.011734 -0.009306 
0.154700 -0.007149 0.005234 0.008866 0.004973 -0.008202 0.005318 -0.011200 
-0.018469 0.004787 0.001229 0.003713 -0.010777 -0.001089 0.000159 0.006478 
0.064172 -0.001075 -0.001178 0.002368 -0.006724 0.002726 -0.004850 -0.007344 
0.011189 0.000821 0.001439 0.001385 -0.008298 -0.006872 0.003874 -0.003960 
-0.021391 0.010355 -0.003388 -0.001779 0.008371 -0.013723 0.003783 -0.000532 
0.028514 0.008812 0.002333 -0.000675 0.002178 -0.008019 -0.003026 0.005522 
-0.088415 -0.008094 -0.005901 -0.006801 -0.014863 -0.001116 0.006764 -0.000983 
0.047036 -0.011248 0.008624 0.006017 -0.009340 -0.002027 -0.000099 -0.003192 
-0.148409 -0.008876 0.004893 -0.007549 -0.001874 0.004272 0.003757 0.002905 
0.057385 -0.022234 -0.007549 0.002743 0.001173 0.001095 0.007466 -0.000573 
-0.210110 -0.023765 -0.003829 -0.004066 -0.000836 -0.002612 -0.012497 -0.000136 
0.071127 -0.050179 -0.011401 -0.008445 0.010801 0.004994 0.008256 -0.001535 
-0.241767 -0.038110 0.006761 0.005602 -0.000536 0.003907 -0.003982 -0.003524 
0.058260 -0.020563 -0.002989 0.004062 0.000625 0.011172 0.001896 0.001325 
-0.228903 -0.028444 0.005727 -0.004866 -0.000289 0.000565 -0.006117 0.004290 
0.083073 0.037101 0.006624 -0.002082 0.007389 0.000721 -0.009321 0.004422 
-0.154953 -0.017614 -0.003258 0.002232 0.002765 -0.007468 0.000907 -0.002494 
0.011852 -0.048257 0.011395 0.003086 -0.004038 -0.002126 0.000731 -0.002066 
-0.218808 0.000388 0.007281 -0.001039 0.001732 -0.013710 0.004605 -0.008761 
-0.001098 -0.019843 0.010008 -0.006969 0.001529 0.004312 0.003632 0.001991 
-0.126890 0.007759 0.009583 -0.007820 -0.002439 -0.000938 -0.007220 0.003680 
-0.001587 0.000005 -0.002681 0.003346 -0.000501 0.002691 0.000780 -0.005062 
-0.056503 -0.002395 0.002386 0.001173 -0.003575 -0.000707 -0.005156 -0.000398 
0.003766 -0.003186 -0.000474 0.003286 -0.002769 -0.002828 -0.009406 -0.002708 
0.014673 -0.008441 -0.006256 -0.009581 0.001793 0.001810 -0.007886 -0.007472 
0.005548 -0.006759 -0.002682 -0.006258 -0.005256 -0.002706 0.005511 0.000384 
0.075173 0.006214 0.001355 0.012673 0.001436 0.000058 -0.004352 0.011741 
-0.004104 -0.003616 -0.000386 0.001322 -0.003959 -0.009788 0.002108 0.007369 
0.107892 -0.001465 -0.012048 0.000315 -0.002470 -0.000993 0.006414 -0.009574 
-0.003742 -0.006288 0.005710 0.008645 0.006134 -0.009473 0.005129 0.000230 
0.160145 0.012351 -0.005391 0.001826 0.005942 0.009909 -0.008294 -0.010492 
0.008082 -0.001755 -0.002253 0.007153 -0.001306 0.000406 0.006789 -0.001040 
0.167368 0.012278 -0.000417 -0.000776 0.006397 0.001042 -0.004827 -0.020786 
0.007690 0.004340 0.005259 0.009519 0.017281 -0.008582 0.009602 -0.003797 
0.153262 -0.002934 -0.008689 0.009756 -0.006280 0.005521 -0.015893 -0.010571 
0.011114 -0.012933 -0.006214 -0.016212 0.000271 -0.013062 0.005039 -0.001303 
0.242816 -0.011068 0.000251 -0.018986 0.004954 0.008907 -0.007557 -0.012104 
0.043278 -0.009272 0.002778 -0.005107 0.003384 -0.009261 -0.007014 -0.000654 
-0.059399 -0.006498 0.005622 -0.002744 0.005039 -0.001423 0.005034 -0.003389 
0.029733 0.000349 -0.003836 -0.003232 0.003752 -0.013153 -0.005690 -0.003152 
-0.037563 0.013311 0.008308 -0.009695 -0.006946 -0.000235 0.001625 -0.004317 
0.013315 0.007569 0.000100 0.002974 -0.003653 0.000352 0.001336 -0.001635 
-0.015859 0.003037 0.011495 -0.004142 -0.004070 0.001399 0.003537 0.001530 
-0.008326 0.001245 0.001969 -0.006278 0.001929 -0.007104 -0.004724 0.002902 
-0.004353 -0.014288 0.005507 0.004835 -0.004921 0.010712 0.004427 -0.003527 
-0.008974 -0.002852 -0.001965 0.006551 -0.002024 0.000246 0.004867 0.001799 
0.030844 -0.001851 -0.001702 -0.006881 -0.004723 0.002063 0.006028 -0.000637 
-0.023549 0.000456 0.006247 -0.007403 -0.009352 0.008448 -0.001326 0.001530 
0.040133 0.008466 0.005443 -0.004382 0.000549 0.000228 -0.001398 0.002252 
-0.027748 -0.002752 -0.000868 0.010488 -0.003884 0.005150 0.003107 -0.000667 
0.043599 0.003971 -0.002197 -0.000479 -0.001585 0.001209 0.005633 -0.003277 
-0.034096 0.007082 -0.003179 0.000828 0.002995 0.005702 0.006557 0.001345 
0.071882 -0.005090 0.001783 0.005391 0.000326 0.009340 0.005263 -0.003846 
-0.031523 0.002655 0.005608 -0.004626 -0.001473 0.002522 -0.000555 0.001398 
0.068130 -0.008861 -0.009691 0.005722 -0.000738 -0.003914 -0.002140 -0.001390 
-0.056619 -0.035906 0.011958 0.010420 -0.009413 -0.011831 -0.012033 -0.009570 
0.085000 -0.017887 0.002129 0.003318 0.001071 0.008707 0.004730 -0.012818 
0.045842 -0.005615 0.006689 -0.003570 0.000789 0.007712 0.003653 -0.001549 
-0.042007 -0.003476 -0.004819 -0.001819 -0.007860 0.000432 0.000327 0.000297 
0.019635 -0.010069 -0.000949 0.008759 0.002237 0.002933 0.007850 0.001569 
-0.023249 -0.010156 0.006130 0.002059 0.007240 0.001783 -0.006006 -0.006481 
0.003951 0.001914 -0.003528 -0.000694 -0.004573 0.002560 -0.000100 0.001792 
-0.010811 -0.001610 -0.004510 0.004341 0.000941 0.012118 -0.005362 0.001213 
-0.003346 0.002668 0.008038 -0.007424 0.012036 0.000177 -0.000938 -0.000559 
0.006678 0.008070 0.000696 0.004707 0.000100 0.004572 -0.003428 -0.007437 
-0.022040 -0.000357 -0.001620 -0.003311 0.004441 0.005744 0.000872 -0.000343 
0.003924 -0.011899 0.007673 0.006561 0.003161 -0.004017 0.002544 0.003015 
-0.018882 0.004464 -0.005005 -0.001307 0.003535 -0.005706 -0.006797 -0.002695 
0.022142 0.002761 0.002767 -0.002592 -0.011234 0.013591 0.000212 0.009892 
-0.043219 -0.007744 0.001208 -0.002409 0.003443 0.002643 0.004722 -0.004039 
0.039581 0.011025 -0.005939 0.005839 -0.002123 0.001691 -0.000964 0.007672 
-0.039897 -0.005046 -0.008455 -0.000376 -0.004412 0.003043 -0.001518 -0.000775 
0.029698 -0.004100 -0.000077 0.005438 0.002463 0.009383 -0.006491 0.003111 
-0.044519 -0.023648 0.003749 0.003552 0.004941 0.004565 -0.001686 -0.006404 
0.056536 0.005156 -0.004231 0.011581 -0.005089 0.004930 0.003770 -0.002324 
-0.024948 0.001443 0.000512 -0.004910 -0.001214 -0.010685 -0.000642 0.003502 
-0.004849 -0.002461 0.000063 -0.000463 -0.008401 0.001171 -0.003851 -0.002641 
0.013335 -0.002255 -0.000320 0.009864 0.000399 0.000003 0.004002 0.004431 
-0.024426 0.003822 0.004626 0.002859 0.006403 0.005688 0.002651 0.002235 
0.016319 0.001183 -0.000770 0.002586 0.008362 0.005722 -0.005842 -0.008934 
-0.011171 0.006301 0.004127 -0.003041 0.012925 -0.004084 0.004886 0.000767 
0.003736 -0.006578 -0.003799 -0.000458 -0.003934 -0.003204 -0.002468 -0.004977 
-0.001806 -0.000911 0.000770 0.005556 0.010414 -0.003859 -0.005004 -0.005979 
0.003550 0.010413 0.015646 0.002151 0.001414 0.000130 0.000471 0.002933 
0.004087 0.004015 -0.000660 -0.002372 0.000909 0.003637 -0.006876 -0.004243 
-0.019053 0.007706 0.001420 0.000452 0.000164 0.002639 -0.000384 0.004521 
0.002069 -0.006207 0.005413 -0.000055 -0.006003 0.004271 -0.011267 0.005181 
-0.012660 -0.005869 0.005334 -0.004357 -0.001789 0.002791 0.005241 0.008299 
0.010239 0.002465 -0.007267 -0.003303 -0.000889 0.003113 0.001025 -0.000533 
-0.013772 -0.006798 0.002504 0.001070 -0.002091 0.003015 -0.001516 0.003923 
0.011092 0.002006 0.004011 0.008809 0.002221 -0.000679 -0.000098 -0.003200 
-0.032172 0.008146 -0.006722 -0.005765 0.001300 -0.004175 -0.001568 0.007018 
0.031254 -0.000120 0.009779 0.002782 -0.013492 0.006868 0.005381 -0.002612 
-0.000244 0.024891 -0.002789 0.003757 0.002044 0.006836 -0.006638 -0.004615 
0.003431 0.002818 0.002684 0.002284 -0.005043 -0.001532 -0.001944 -0.007462 
-0.067630 -0.030121 -0.009905 -0.000016 -0.003113 0.005007 0.009094 -0.007590 
-0.029408 -0.002513 0.009656 0.007081 -0.012711 0.002004 -0.001359 -0.002130 
0.001998 0.001320 -0.002798 -0.000972 0.011758 -0.000613 0.003662 -0.010617 
-0.031866 -0.002193 -0.003650 -0.003256 -0.001579 0.000302 0.004477 -0.007369 
-0.002804 -0.005451 0.000414 0.004694 0.005534 -0.008496 0.004667 0.002436 
-0.037059 0.006685 0.007372 0.000182 -0.010802 -0.009400 -0.008635 0.003373 
-0.001882 -0.000633 0.001105 0.000240 0.001500 -0.010785 -0.000427 -0.000370 
-0.012632 -0.004365 -0.002585 -0.003127 0.002396 -0.003452 0.000043 0.008128 
0.007164 -0.003539 0.000591 -0.003304 -0.005772 0.000016 0.004515 0.001032 
0.009879 0.002787 -0.006274 0.003640 -0.001910 -0.001354 -0.002052 0.001203 
-0.015709 0.006117 -0.000452 -0.000210 0.007389 -0.008083 0.005791 0.009607 
0.016579 0.002057 0.003713 -0.004260 -0.004091 -0.001418 0.002268 -0.004881 
0.007248 0.005381 -0.001818 -0.007313 0.010734 -0.004809 0.000834 -0.001850 
0.028741 -0.005493 -0.008971 -0.002122 -0.002627 -0.007402 -0.003557 0.011493 
-0.004984 0.000182 -0.001038 0.000281 0.001858 0.005752 -0.001215 0.006353 
0.045059 -0.006594 -0.000475 -0.005786 -0.005732 0.005816 0.009402 0.006441 
0.000349 0.012202 0.001878 0.002058 -0.005871 -0.005270 -0.003842 -0.003794 
0.048416 0.001182 0.003808 -0.016919 0.000014 0.000366 -0.008467 -0.003544 
-0.023226 0.000761 -0.004431 -0.010761 0.004427 -0.001161 -0.002005 -0.003657 
0.045471 -0.000833 0.001225 -0.013150 0.003309 0.003796 0.000634 -0.000746 
-0.000375 0.019780 0.011893 -0.003664 -0.009901 0.007263 -0.008856 -0.003846 
0.010369 -0.003446 -0.000192 -0.014893 0.009143 0.006507 0.010559 0.005973 
0.060471 -0.018132 -0.005797 0.000484 0.001510 0.000320 -0.002877 -0.002961 
-0.152149 -0.000871 0.000826 -0.002791 -0.003235 -0.006094 -0.004134 -0.002130 
0.032165 -0.002276 -0.005373 -0.001050 -0.002625 -0.003953 0.004674 0.004783 
-0.086894 0.000869 -0.001711 0.000879 0.009756 -0.003570 0.007769 0.000607 
0.006581 -0.001504 -0.002525 -0.003438 -0.000843 0.002857 0.000613 -0.002332 
-0.035058 -0.000661 0.005585 0.005422 0.002194 0.003247 -0.001035 0.002028 
0.000872 0.000553 0.002406 0.003331 -0.011248 0.000554 -0.000932 0.009729 
0.010380 0.004311 0.002729 0.003077 -0.000769 0.002224 -0.003062 0.003239 
-0.029681 0.004211 0.004483 -0.007050 0.001494 -0.003361 -0.001052 0.001820 
0.056419 -0.003370 0.004515 -0.005494 -0.006779 0.002560 0.005165 0.002824 
-0.024842 0.006628 0.004312 -0.005784 0.010330 -0.002918 0.002540 0.005708 
0.091630 -0.000735 0.000255 -0.001022 0.004529 -0.006443 0.004575 -0.004051 
-0.057673 -0.006944 -0.002814 -0.009200 -0.004150 -0.002113 0.009014 -0.007015 
0.138871 -0.007042 0.011091 -0.003702 0.002863 -0.007195 -0.006542 -0.001766 
-0.063811 -0.010350 0.001733 -0.003991 -0.004323 0.002075 -0.001217 -0.005769 
0.173285 -0.003083 0.000921 0.005316 -0.000889 -0.004632 0.001216 0.001599 
-0.048468 -0.004085 0.005046 -0.002109 0.004737 -0.001739 0.007481 -0.004423 
0.174014 -0.006268 0.002385 0.009639 -0.003658 -0.002296 0.001563 -0.000393 
-0.080235 -0.079844 0.012595 0.020222 -0.004589 -0.000067 0.002235 -0.008643 
0.162208 -0.017742 -0.020245 0.008608 -0.000857 -0.010798 0.009317 -0.004933 
0.011395 -0.012667 -0.000875 0.008790 0.003761 -0.007406 0.009700 0.003242 
-0.020373 0.000439 0.005043 -0.001328 0.004162 0.003547 0.001705 -0.003671 
0.002525 -0.007220 -0.003491 -0.005675 -0.006001 0.002151 0.001846 -0.002575 
-0.015068 -0.002209 0.001066 0.004095 0.006336 -0.000001 0.000446 -0.000963 
0.008377 -0.005128 0.001858 0.004356 -0.005159 -0.000029 0.001613 -0.001772 
-0.004922 0.000777 -0.000416 0.004895 -0.008135 0.005160 0.000143 0.003322 
-0.000727 0.006748 0.006632 -0.001583 0.001033 -0.000434 0.011266 -0.002987 
0.000798 0.008645 0.006101 -0.002336 0.002985 -0.003717 -0.004147 0.003263 
-0.012518 -0.000735 0.008187 0.003731 0.001501 0.003217 0.005572 -0.004056 
0.014616 -0.000427 0.003732 -0.002393 0.001993 -0.008961 0.008736 0.005146 
-0.022679 0.012167 0.010246 -0.002041 0.010414 0.016763 -0.007670 0.008922 
0.009482 -0.002725 -0.000226 -0.001560 -0.005954 0.005730 -0.003011 0.006218 
-0.012666 -0.000363 -0.002928 -0.013201 0.010160 -0.006252 -0.002680 -0.004739 
0.017547 0.004488 0.000311 -0.001859 -0.004453 0.006964 -0.003909 -0.004220 
-0.001749 -0.004901 -0.020994 0.002922 0.004206 0.004656 -0.009085 -0.006218 
0.020089 0.008947 0.001870 0.005898 -0.010597 0.008252 0.015370 0.005244 
-0.042590 -0.004366 0.006733 0.002644 0.014416 0.001418 -0.001216 -0.006973 
0.037730 -0.012276 -0.002657 -0.009258 -0.005717 -0.005631 0.020822 0.012164 
-0.020385 0.140290 0.006651 0.028910 0.012215 0.004133 -0.015516 -0.000194 
0.058851 -0.016621 0.012362 -0.011922 0.014707 0.000435 -0.011149 0.012448 
0.015456 -0.011555 0.003909 -0.003048 0.003552 -0.001377 0.006234 -0.003493 
-0.018009 -0.005224 -0.000596 0.005010 -0.000924 -0.003065 -0.002494 -0.000880 
0.012647 -0.001549 -0.003149 -0.007964 -0.002476 0.010716 0.008393 0.006107 
-0.000364 -0.002151 0.004118 0.003692 -0.009315 -0.006976 -0.004990 0.006468 
0.002333 0.002901 0.004476 0.007281 -0.003751 -0.002485 0.003534 -0.001768 
-0.003177 0.002309 0.005513 0.002780 -0.003286 0.000701 0.003197 0.010897 
0.005987 -0.004582 0.001952 -0.004950 0.006907 0.000351 0.002869 0.002869 
-0.000104 0.007553 0.001840 0.001280 -0.003899 -0.000020 -0.000910 0.005921 
-0.013692 -0.005887 0.000317 -0.009535 -0.004987 0.007328 0.000044 0.002449 
-0.005737 0.003549 -0.009806 0.004820 -0.002584 0.002497 0.000075 0.008453 
-0.012043 -0.000780 -0.005694 0.002692 0.002821 -0.009006 0.001112 0.000865 
0.011366 -0.000140 0.010222 0.005589 -0.003332 0.006775 -0.004548 0.004572 
-0.018266 0.004966 -0.001933 0.000068 -0.009360 0.002588 -0.010248 -0.009659 
0.009303 0.000146 0.002934 -0.005195 0.003776 0.002599 0.004863 0.008951 
-0.009635 0.000860 0.004754 0.011212 0.001238 0.008505 0.004099 0.005854 
0.015079 -0.002658 0.002073 0.000577 -0.000570 0.011637 0.010805 -0.002204 
-0.003628 -0.014468 -0.012252 -0.001979 -0.001132 -0.004415 0.002879 -0.001392 
-0.001758 0.002918 0.003890 -0.006872 -0.005242 0.006589 0.006483 -0.004891 
0.000807 -0.012040 -0.005349 -0.000075 0.010306 -0.014196 -0.007808 -0.005188 
0.014432 -0.014819 0.000544 0.009347 0.000464 0.010603 -0.002060 -0.010439 
0.024496 0.000538 -0.002726 -0.001285 0.000668 0.001491 0.001699 0.004614 
-0.018272 -0.000440 -0.004694 0.000193 0.004990 0.007673 -0.006717 -0.001367 
0.003707 -0.005546 -0.002457 0.002410 -0.003810 0.004240 0.004382 0.007225 
-0.003306 0.000375 -0.006871 0.002539 -0.003254 -0.003803 0.006280 -0.015070 
-0.001629 0.000345 -0.010935 0.003035 0.003226 -0.006252 -0.007398 0.000553 
-0.006120 0.010029 -0.005801 0.001956 -0.006810 -0.006782 -0.007003 -0.002892 
-0.003168 -0.007470 -0.005675 -0.000740 0.008768 0.001428 0.004585 -0.002874 
0.002992 0.006724 -0.001318 -0.007327 0.002932 0.002956 0.005168 -0.003260 
-0.003357 0.002139 0.005379 0.002480 -0.007748 -0.005039 -0.011485 -0.001804 
0.000640 0.007090 -0.007639 -0.002902 -0.002308 -0.008828 -0.008826 -0.003451 
-0.006549 0.004515 -0.007894 -0.000337 0.000694 0.002563 -0.002914 -0.005221 
0.011026 0.007603 0.005734 -0.001698 -0.005654 0.005908 -0.003185 0.001804 
-0.029451 -0.002887 0.005402 -0.002852 -0.008913 0.005111 -0.000198 0.008770 
0.022237 0.008892 -0.003751 0.008709 0.000858 0.000182 0.001943 0.003453 
-0.021328 0.001317 -0.002324 -0.006888 0.008993 -0.000054 0.005258 -0.003907 
0.018828 0.003139 0.002997 -0.000715 0.000809 0.003091 -0.009866 -0.004374 
-0.000988 0.029684 0.004055 0.000860 0.002297 0.008752 -0.004583 0.002429 
0.004495 -0.000470 0.001071 0.006275 0.009643 -0.004491 0.004616 -0.005350 
-0.020909 -0.052944 0.002891 -0.007691 0.007259 -0.003497 -0.002588 0.004501 
-0.030471 0.001995 0.015833 0.006328 0.004813 0.007240 -0.006281 -0.003817 
0.025697 -0.003186 -0.004133 0.003588 0.005274 0.002290 -0.005162 0.001972 
-0.008013 0.001910 0.003883 0.005621 -0.006517 0.008299 -0.005118 0.001816 
0.015597 -0.003816 -0.003284 -0.006450 0.011576 -0.004655 -0.001125 0.007275 
-0.022303 0.003598 0.002096 0.004850 -0.000316 -0.005883 0.008319 -0.012263 
0.000664 0.003892 0.003165 -0.010946 -0.001916 0.006469 -0.000019 0.009243 
-0.008102 0.005861 -0.001546 0.002934 -0.002026 0.005124 -0.004807 -0.002355 
-0.001237 0.005368 0.004213 0.003366 -0.001353 0.002009 -0.000253 -0.003582 
0.003631 0.009200 -0.006473 -0.002809 0.004005 0.003399 0.001452 -0.005167 
-0.010096 -0.007889 -0.004912 0.003812 0.002808 -0.001601 -0.000118 0.000574 
0.012047 0.000448 -0.000803 0.001485 0.002701 -0.004468 0.001715 0.000158 
-0.008394 0.003190 0.002092 -0.004976 0.004690 0.005835 0.010012 0.005523 
0.018555 -0.009426 -0.005931 0.006237 -0.004695 0.000788 0.000153 0.007986 
-0.023310 -0.001608 0.005896 0.004989 0.010005 -0.000290 -0.007600 0.000079 
0.015214 -0.000346 0.001297 -0.002322 -0.003147 -0.004774 0.003153 0.004553 
-0.014083 0.019658 -0.008954 0.010648 0.004521 0.001886 -0.010204 0.005021 
0.000487 -0.006209 0.006494 0.001460 -0.000750 0.007680 -0.005061 -0.003037 
-0.015457 -0.017134 -0.001416 -0.001061 0.004269 0.003722 -0.007169 -0.002161 
0.008687 0.008538 0.008828 -0.003668 -0.010351 0.003060 0.000848 0.004876 
0.047243 0.010849 -0.007617 -0.010264 -0.004110 -0.005345 -0.015643 -0.010376 
-0.055731 0.007295 0.015906 0.000616 0.005946 -0.011083 -0.003878 0.005491 
0.013928 -0.007610 0.001806 0.001242 0.000088 -0.000379 0.002769 0.000039 
-0.009507 0.002362 0.004795 0.000523 0.006923 0.001993 -0.003034 0.001680 
0.010761 -0.005108 -0.006890 0.013796 0.001858 0.000910 0.010833 0.000583 
0.000744 0.003269 -0.007405 -0.004543 -0.006026 0.007148 0.003946 0.007717 
-0.005505 -0.010537 -0.001383 0.001321 0.000730 0.002210 0.006505 0.002639 
0.005488 0.007483 0.002817 0.009509 -0.003845 -0.003669 0.002127 -0.001550 
0.003990 -0.006007 0.000442 -0.000489 0.008658 -0.001700 0.005815 0.004988 
-0.002469 0.007365 0.002703 -0.003227 -0.012076 0.002159 -0.003075 0.008409 
-0.008234 0.003587 -0.000156 -0.003488 0.007660 0.008677 0.004289 0.004691 
0.000729 0.009986 0.003233 -0.002268 0.000825 0.001269 0.001425 -0.002942 
-0.006959 0.004910 0.002202 0.003566 -0.000654 -0.001654 0.014598 -0.002972 
0.004460 0.004840 0.003662 -0.000668 -0.001466 -0.005696 -0.001723 -0.003505 
-0.019435 -0.000632 -0.000672 0.001310 -0.006509 0.006758 -0.011925 -0.004769 
0.018355 -0.013784 0.002953 0.002460 -0.002528 -0.003566 0.000914 0.005374 
-0.015482 -0.004386 0.000482 -0.002014 -0.008251 0.013077 0.005250 0.007634 
-0.000225 0.006885 -0.003270 0.001426 -0.006347 -0.000809 -0.001837 -0.003050 
-0.002462 0.014063 -0.003535 -0.004201 0.002221 -0.004236 -0.003643 -0.000105 
0.028331 -0.007605 -0.007871 -0.004218 0.004454 0.006063 0.002723 0.002889 
-0.052501 -0.019745 -0.006213 -0.005342 -0.004307 -0.000650 -0.010582 -0.012882 
-0.078718 0.015111 0.011843 0.010110 -0.008046 0.001960 -0.004082 -0.001872 
0.013358 -0.008507 -0.000874 -0.001523 0.003389 0.007948 0.003321 -0.000879 
-0.011020 0.001942 -0.001881 0.002971 0.003203 0.003662 0.006743 -0.004488 
0.016128 0.007098 -0.002074 0.000721 -0.001390 -0.004897 0.002851 -0.006710 
-0.003570 0.001485 -0.001513 -0.000671 0.011966 0.000916 -0.002145 0.002270 
0.007718 -0.005575 0.003707 0.005176 0.004023 0.006463 0.000348 0.008186 
-0.002514 -0.006362 -0.000280 -0.008087 0.000360 0.000758 -0.000143 0.004433 
-0.001504 -0.001315 0.007057 0.006845 0.007944 -0.002838 0.009155 0.004977 
0.000567 0.002124 -0.000645 0.005062 -0.002289 0.000112 -0.000795 0.000591 
-0.017539 0.002602 -0.004080 -0.003852 0.001031 -0.002742 0.002323 -0.006825 
0.003405 0.006751 0.001081 0.004011 0.001306 0.000556 0.001887 0.000426 
-0.010368 -0.002784 -0.005388 0.008649 0.006485 0.002292 -0.007485 -0.005796 
0.013665 0.002809 0.014576 0.000719 0.012556 0.011743 -0.001947 0.006865 
-0.007251 -0.001831 0.012129 -0.013977 -0.002169 0.001069 0.012273 -0.001155 
0.000467 -0.000495 0.008252 -0.008274 -0.004088 -0.005192 -0.002522 -0.000754 
-0.015935 -0.005958 -0.006759 -0.004029 0.013614 -0.014217 -0.000713 -0.004191 
0.021770 -0.003702 0.002352 0.002193 -0.003412 -0.003422 -0.004663 0.004871 
-0.015419 -0.021880 0.002590 0.003068 -0.001912 -0.009321 -0.004538 0.005882 
-0.017900 0.002891 0.007476 0.011383 -0.000444 -0.010903 -0.003094 0.001501 
0.010328 0.007709 -0.020696 0.010299 0.026761 0.008312 0.005270 -0.004473 
-0.046135 -0.001565 0.005203 0.008968 -0.003921 -0.006976 -0.009289 0.003140 
0.012731 0.001158 -0.002397 -0.002786 0.003034 0.007424 -0.001842 -0.005286 
-0.010910 0.003368 -0.001363 -0.009331 -0.010146 -0.002262 -0.001087 0.006520 
0.008155 -0.000177 -0.003727 0.004012 -0.002593 -0.002137 0.003566 -0.003353 
-0.004014 0.021597 0.002617 -0.003199 0.002768 0.000693 -0.001095 0.000918 
0.005561 -0.001024 -0.005747 0.002344 0.006119 -0.003092 0.003383 -0.004945 
0.000767 -0.002571 0.006462 -0.003238 0.002285 0.005009 -0.002609 0.004571 
0.001940 -0.000729 0.001624 0.008436 0.004003 0.004180 0.002223 0.003624 
-0.001323 -0.000710 0.003133 -0.002492 0.000794 -0.004477 -0.004469 0.000305 
-0.017354 0.003066 -0.002649 -0.001014 -0.001523 -0.009659 0.004092 0.001550 
0.002281 0.001712 0.006874 -0.002858 0.003764 -0.003247 -0.000696 -0.006409 
-0.005943 -0.008414 0.003241 0.002116 0.000902 -0.003157 0.008995 0.002533 
0.008661 0.000984 0.009568 0.000341 0.008048 -0.003237 -0.002086 0.000627 
-0.012321 -0.005010 -0.002034 -0.003611 0.005263 -0.004989 0.012353 -0.008263 
0.003138 -0.002905 -0.006242 -0.002955 -0.004725 0.004194 -0.002917 0.011577 
-0.019579 -0.000749 0.011924 0.000887 0.009078 -0.005150 -0.000244 0.009258 
0.020610 -0.003045 0.006250 0.000225 0.004295 0.009464 -0.004492 -0.004981 
-0.007301 0.006140 0.002144 0.004002 0.017142 0.002357 0.001214 -0.003889 
-0.003034 0.019395 -0.004860 0.000622 -0.006425 0.008107 -0.011252 0.002177 
-0.035691 0.091761 -0.002823 0.001805 -0.012900 -0.002478 0.011572 0.002452 
0.017475 -0.011392 0.011556 0.011322 -0.007433 0.012667 -0.001750 -0.008763 
0.008569 -0.001298 0.008816 -0.010508 -0.003067 -0.000854 0.003842 0.000911 
-0.002673 0.000878 0.005227 0.005175 0.006969 0.002672 0.003895 0.006228 
0.008060 0.003299 0.001848 0.006951 0.005220 0.004167 0.000094 0.001600 
-0.008258 -0.002399 -0.003447 0.007461 0.008587 -0.001331 -0.003671 0.008419 
0.008821 0.005301 0.009521 -0.006441 -0.003097 -0.004998 -0.005230 0.004617 
-0.001274 -0.001647 0.000379 0.000134 0.003841 -0.002049 -0.000107 0.004004 
0.001034 0.002632 -0.001491 0.006526 0.004375 -0.007019 0.008170 -0.007615 
0.005114 0.001509 -0.007033 -0.002585 0.006359 0.000135 0.003832 -0.006353 
-0.007020 0.000086 -0.007441 -0.002284 -0.003114 -0.002248 0.000815 -0.005249 
0.006957 -0.006340 0.004495 -0.003059 0.001428 -0.005486 0.004937 -0.000375 
-0.002789 -0.003116 -0.007907 -0.006310 -0.000465 -0.005843 -0.003917 -0.009410 
0.004440 -0.004650 -0.006454 -0.001335 0.004701 0.004546 -0.003992 -0.011950 
-0.009960 0.002604 -0.002989 -0.002189 0.000058 0.001502 -0.005143 0.001995 
0.010653 -0.011161 0.006414 -0.002968 0.000970 -0.001455 -0.007085 -0.005019 
-0.012157 0.007493 0.000857 0.003039 0.008895 -0.000699 0.002961 0.003092 
-0.010388 0.003569 -0.004132 0.002917 0.005460 0.003226 0.007904 -0.000210 
0.004069 -0.013275 -0.001705 -0.003992 0.004666 -0.000430 -0.001837 -0.004337 
0.014263 -0.002500 0.005435 -0.003873 -0.011823 0.000765 -0.009757 -0.000560 
-0.043975 0.008121 -0.012171 0.009902 -0.001101 0.011864 0.001068 0.004825 
-0.047677 -0.010616 0.007257 0.008883 -0.010938 0.004085 0.001709 0.004823 
0.000206 -0.005873 0.000041 0.005458 0.003499 0.007597 -0.002981 -0.001223 
-0.005551 0.009033 0.003104 -0.000412 0.006887 -0.004907 0.003352 -0.000905 
0.006881 0.003833 0.002894 0.000297 0.001628 -0.001582 -0.011553 -0.003585 
0.000024 0.008548 0.005096 -0.005130 0.009610 -0.006149 -0.007268 -0.006043 
-0.005964 -0.010609 -0.009414 -0.008006 0.000079 -0.004020 0.002357 0.000928 
-0.002177 -0.005323 0.003824 -0.004569 -0.003794 -0.001740 0.005223 -0.002726 
0.003663 0.007769 0.001173 -0.000722 0.000085 0.003061 -0.015888 -0.000983 
0.001647 -0.000323 -0.013751 -0.003480 0.008534 0.003609 -0.001848 -0.007461 
0.002968 0.009301 0.004199 -0.003306 0.001634 -0.001307 -0.009020 -0.004717 
-0.002628 0.006513 -0.016383 0.001089 -0.001669 -0.002160 -0.003758 -0.006592 
0.001584 -0.002148 -0.003074 0.002031 0.009649 0.008304 0.004236 -0.006154 
0.008379 0.005638 0.002029 -0.006029 -0.003963 -0.000499 0.002389 0.000357 
-0.003292 0.002871 0.005675 -0.002456 -0.003831 -0.000756 -0.003542 -0.000222 
0.007637 -0.008574 -0.002001 -0.004376 0.002078 -0.001391 0.002996 -0.009863 
-0.014077 0.016839 0.000405 0.002895 -0.001887 0.013455 0.003652 -0.009521 
0.019254 -0.009340 -0.001401 -0.003865 0.000043 0.008312 -0.010945 0.007272 
0.019837 0.010653 -0.001981 -0.007429 -0.003114 -0.004795 0.012607 -0.001078 
-0.026704 0.008764 0.000121 0.007031 0.001654 0.005002 0.002763 0.016796 
-0.004622 0.045413 -0.009420 0.000102 0.004532 0.003035 -0.004300 0.001072 
-0.006490 0.010126 0.000501 0.019529 -0.010574 -0.006251 0.003088 -0.018739 
0.005542 0.003395 -0.003409 -0.005913 -0.003898 -0.004755 -0.008780 -0.000633 
-0.011144 0.002511 0.010143 -0.003665 0.004712 0.003521 -0.003609 -0.002083 
0.006581 0.004974 -0.001521 0.003725 0.002561 0.002242 -0.000254 0.003310 
-0.006661 0.001065 -0.007840 0.000192 -0.002913 -0.002516 -0.000401 -0.009661 
-0.009087 -0.006969 0.005909 0.002158 0.003829 0.001052 -0.008717 0.006188 
-0.003169 -0.005145 0.000186 0.003829 -0.001689 -0.002355 -0.001811 0.002996 
0.002000 0.002901 0.004684 0.009220 0.000596 0.001345 -0.004857 0.000272 
0.003736 -0.002432 0.002603 -0.002558 -0.004759 -0.002296 0.003173 0.001828 
-0.007374 -0.000252 -0.003125 -0.010227 -0.001144 -0.005550 -0.007066 -0.001549 
-0.001270 -0.000258 -0.005087 -0.003266 0.003183 0.002298 0.001492 0.005626 
-0.008676 -0.003580 0.007389 -0.000072 -0.001173 -0.003471 -0.005174 0.000377 
0.008494 -0.006693 0.001610 -0.002701 0.004536 -0.004795 -0.004987 -0.000753 
0.002584 -0.011750 -0.006084 0.002405 -0.008446 0.005846 -0.003290 0.005591 
0.009373 -0.003046 0.004134 0.004749 -0.000215 0.001372 0.007547 -0.006404 
-0.006885 -0.001108 0.004563 0.008845 -0.002310 -0.005527 0.015023 0.006030 
0.011857 -0.004152 0.003382 -0.004041 -0.013403 0.003531 0.000044 -0.004525 
0.006866 0.022625 -0.011885 0.000876 0.005082 -0.010759 -0.015209 -0.003901 
0.025530 -0.019659 0.007945 -0.013661 -0.000285 0.001798 0.010581 -0.006907 
0.007662 -0.051114 -0.004808 -0.010944 0.006342 -0.005319 0.002651 0.003502 
0.004515 -0.008998 0.012026 -0.013309 0.001782 0.027113 -0.019031 0.000534 
0.003795 0.003483 0.000304 0.008044 -0.009364 -0.005345 0.008363 -0.003021 
-0.010116 -0.001138 0.000114 0.006060 -0.008910 -0.002863 0.002025 0.005739 
-0.001263 -0.004163 0.007473 0.005826 0.000357 0.008650 -0.003151 0.009173 
-0.017838 0.002344 0.003970 0.006261 -0.002862 -0.006391 -0.002206 0.006398 
-0.001676 0.003083 0.002641 0.002145 -0.005549 -0.000804 0.000825 0.009056 
-0.010748 -0.001980 -0.012987 0.002668 0.002046 -0.004584 0.000695 -0.003523 
0.002138 -0.000284 0.000706 0.004809 0.006192 0.004761 -0.002169 0.008331 
0.007123 -0.000711 0.001874 0.004571 -0.001337 0.000703 -0.002307 0.004759 
-0.010466 -0.001116 -0.008093 0.003826 -0.001102 0.004268 -0.002210 -0.006451 
0.009358 -0.002699 -0.004447 0.001310 -0.003444 0.001351 -0.001558 -0.008146 
0.004144 0.001054 0.006394 -0.012928 0.007882 0.002775 0.004916 -0.000164 
0.016227 -0.005452 0.003427 -0.001512 -0.011320 0.008476 0.001843 -0.010149 
-0.000371 -0.013192 0.004947 0.001067 -0.003934 -0.001837 0.000908 0.001465 
0.004342 0.002696 0.001886 -0.002117 0.009842 0.008752 0.004915 0.006224 
-0.013050 0.011511 0.000588 -0.002561 -0.002334 -0.005664 -0.013002 0.007051 
0.004153 0.009369 -0.001561 0.001093 -0.004950 0.008277 0.009253 -0.000815 
-0.028567 -0.014599 -0.001431 -0.005703 0.000123 0.002607 0.005592 -0.012466 
0.020942 0.007689 -0.009096 0.000979 0.001655 0.005452 -0.006104 0.000877 
0.015075 0.047743 0.017778 -0.006195 0.003196 0.006763 0.006567 -0.002261 
0.000380 0.009807 -0.004234 -0.016187 -0.000418 -0.007023 0.008489 0.012044 
-0.003687 -0.007546 0.002701 -0.006490 0.000459 0.004368 -0.003188 0.001683 
-0.026368 0.007387 -0.001803 -0.002696 -0.002909 -0.000067 0.006779 0.002927 
0.002093 0.007606 -0.007499 -0.001833 -0.007267 0.000919 -0.004291 0.002185 
-0.017653 0.001593 0.004693 0.001164 -0.005917 0.002530 0.000342 -0.005514 
0.003061 -0.000346 0.002255 0.006443 0.002918 0.002674 0.000689 0.001651 
-0.000861 0.000803 0.006953 0.000264 0.000272 0.006345 0.006705 0.002090 
-0.000207 -0.012512 0.001871 -0.011984 -0.002039 0.001302 0.002512 -0.006893 
0.004110 -0.002303 -0.003067 -0.007975 0.000902 0.001098 0.007965 0.005197 
-0.013866 -0.003400 -0.006339 -0.005223 -0.000272 -0.000739 0.012134 0.001416 
0.003683 0.006021 -0.004699 0.001196 0.011896 0.003193 0.003246 -0.014972 
0.000814 -0.000329 -0.000421 0.006209 0.002484 -0.005843 0.004943 0.004083 
0.013483 -0.002462 -0.004912 0.002801 -0.001517 0.005809 -0.003944 -0.005323 
-0.007584 0.008723 -0.000734 -0.001838 -0.001430 0.007161 -0.001992 0.004121 
0.016663 0.004616 -0.000065 -0.001476 -0.003219 0.007014 0.006237 -0.001664 
0.022597 0.010400 -0.000667 -0.002954 -0.002660 -0.000472 0.007412 -0.000286 
0.024039 0.005086 -0.007129 -0.006441 -0.011651 0.000404 -0.002735 -0.001848 
0.003987 -0.000145 -0.020015 -0.023325 0.007686 0.014137 0.002357 -0.002126 
0.027272 0.003844 0.015420 -0.003778 0.003793 0.001427 0.003040 -0.017791 
0.005260 -0.051848 0.005111 -0.012970 -0.022245 -0.001946 0.004150 -0.002970 
0.096048 -0.025753 -0.024704 0.009128 -0.009164 -0.000056 -0.004219 -0.011303 
-0.007395 -0.005454 0.006685 -0.003441 -0.005467 -0.000667 0.000706 0.004300 
-0.029500 0.003427 -0.008762 -0.009778 0.001142 -0.000577 -0.005959 -0.002708 
-0.001891 -0.000193 0.002007 -0.005977 -0.012436 0.002785 0.006785 -0.000140 
-0.023605 -0.001283 0.005882 -0.002834 0.011729 0.003505 -0.001438 -0.000032 
-0.002581 -0.003018 0.001497 0.001498 -0.012087 0.001289 -0.000747 -0.005599 
-0.007548 -0.002438 -0.002589 -0.005512 0.005095 0.007798 0.000106 0.002698 
0.011609 -0.000475 0.006597 -0.004936 -0.001232 -0.006417 -0.001065 0.003838 
0.003332 -0.000496 0.001108 -0.008978 0.000542 0.008179 -0.005140 -0.000201 
-0.000759 -0.001562 -0.010984 0.003586 -0.013494 0.001382 -0.001576 0.005800 
0.008694 -0.004057 0.004543 -0.004081 0.005579 -0.000353 -0.002816 -0.004614 
0.002420 0.004375 0.011148 -0.003657 -0.010575 0.002740 0.001455 -0.000665 
0.026980 -0.010766 0.008505 -0.004103 0.000237 -0.000881 -0.003743 -0.011415 
0.000204 0.005950 -0.003446 0.003327 0.002491 0.016944 0.007920 -0.001355 
0.037336 -0.011736 0.000945 -0.019803 0.001844 0.003245 0.005758 -0.016430 
0.009493 0.014656 -0.005768 0.000250 -0.004545 0.013972 -0.006375 0.000799 
0.042247 -0.008904 -0.003073 -0.023574 0.005830 0.007929 -0.005284 -0.007809 
0.018773 -0.004734 0.000411 -0.015379 -0.021522 0.005093 0.005466 0.003137 
0.053752 -0.025417 0.010857 -0.030944 -0.018677 -0.016509 0.005128 0.000742 
-0.022316 0.005131 0.006157 -0.010902 -0.002884 0.010884 -0.008002 -0.005170 
0.002909 -0.021197 -0.017851 -0.015484 0.008825 0.020089 -0.020649 0.014067 
-0.008405 -0.010893 0.005173 0.003122 -0.000651 0.001729 -0.003091 -0.004343 
-0.058172 -0.002416 -0.002818 0.002364 -0.002291 0.002503 0.000908 0.003876 
-0.004468 -0.007476 -0.005130 0.006077 -0.002877 -0.000902 0.013285 0.002741 
-0.036941 -0.005634 0.004604 -0.005368 -0.007422 0.004813 0.000306 -0.003670 
-0.004171 0.000465 0.000309 0.000222 -0.001921 0.002071 -0.005178 0.000429 
-0.015358 -0.004071 0.003134 -0.008512 0.007406 0.008615 0.004251 0.003331 
0.000388 -0.000404 0.000537 0.002062 -0.006521 0.008131 -0.001512 -0.002808 
0.007642 -0.000635 -0.001006 -0.002406 0.002676 0.001958 0.004482 -0.000572 
-0.000901 -0.009415 0.004937 0.000349 -0.011668 0.003753 0.003047 0.006109 
0.025461 -0.002021 0.001256 -0.007683 0.010452 0.000721 -0.000753 -0.006083 
0.012819 -0.002827 0.002056 0.008850 -0.015233 0.010059 0.010887 -0.004523 
0.030037 -0.004409 0.015595 -0.005876 0.011829 0.012660 0.003834 -0.001953 
0.011657 -0.011310 0.009707 0.000354 -0.019241 0.019544 0.008539 0.000890 
0.064042 0.000762 0.018389 -0.006186 0.007548 0.022679 0.000814 -0.003196 
-0.000398 -0.012679 0.011507 0.005768 -0.011879 0.014396 -0.000988 0.003241 
0.078418 -0.010638 0.023752 0.000322 0.031524 0.013469 0.009100 -0.007993 
0.003079 -0.000901 -0.009499 0.016641 -0.003449 0.016095 0.004242 0.001897 
0.060649 0.005819 0.010588 -0.021086 0.019298 0.007057 -0.007462 0.006928 
-0.009601 0.047044 -0.027987 0.006570 -0.011458 0.016495 -0.012260 0.010853 
0.061819 -0.005199 0.031140 -0.035165 0.045474 0.017209 0.011669 0.006441 
0.003901 -0.005336 0.005955 -0.011130 0.006775 0.009129 0.020598 0.014712 
-0.030381 -0.041450 0.020668 -0.002610 0.014289 0.019099 0.006807 -0.010158 
0.012566 0.017004 0.025457 -0.006231 0.002376 0.000336 0.027601 0.005880 
0.007850 -0.041785 0.014371 -0.009107 0.025704 0.019508 -0.009681 -0.003182 
0.004934 0.005525 0.019750 -0.010427 -0.006859 0.000128 0.019613 0.018346 
0.022939 -0.038163 0.019311 -0.002792 0.025471 0.020846 0.002064 -0.005923 
0.017162 0.001421 0.026558 -0.010288 0.010603 0.004231 0.012530 -0.007598 
0.023976 -0.026667 0.027768 0.008296 0.036820 0.019774 0.006325 -0.005232 
0.018309 0.002423 0.042239 -0.013809 -0.000864 0.002735 0.015990 0.018804 
0.050120 -0.036149 0.026578 -0.002440 0.018012 0.019400 0.008021 0.007023 
0.009121 -0.014665 0.011087 -0.028607 0.017628 0.025960 0.038936 0.012845 
0.040740 -0.040231 0.030061 0.003795 0.035298 0.020200 0.002814 0.004995 
0.000795 -0.000904 0.016077 -0.031759 0.020606 0.002835 0.015325 0.044474 
0.074217 -0.048966 0.042681 0.005902 0.034251 0.042277 0.015144 0.003254 
0.039115 -0.014603 0.020025 -0.017691 0.007178 0.012506 0.016286 -0.001631 
0.062263 -0.039041 0.036000 -0.000957 0.017430 0.047674 -0.002609 0.023435 
-0.021850 -0.026353 0.009861 -0.024097 0.009065 0.001079 0.006977 0.021453 
0.122939 -0.041376 0.019512 -0.007205 0.029089 0.052340 0.006861 0.014862 
0.076653 0.019992 0.020865 0.006388 0.015511 0.032944 0.017412 0.026513 
0.068923 -0.057513 0.033578 0.040481 0.015590 0.036790 -0.000982 0.008977 
-0.044733 -0.000774 -0.001280 -0.000200 -0.002662 0.001908 -0.002275 0.002932 
0.018121 -0.010174 0.013655 -0.000146 -0.006495 -0.000673 -0.002931 0.008234 
-0.031527 -0.003328 -0.001322 0.007759 -0.003279 -0.005617 0.000463 -0.003788 
0.014003 -0.007473 0.001864 0.001584 -0.009342 -0.010853 0.004365 0.007277 
-0.013778 -0.010231 0.005024 0.008557 0.001169 -0.001734 -0.002266 0.000346 
0.005508 -0.003871 -0.001286 -0.003273 -0.005598 -0.001081 0.001003 0.001364 
-0.000646 0.004443 -0.005565 0.000987 0.005671 -0.000159 -0.000690 0.002993 
0.004250 0.002654 -0.002421 0.004849 -0.001926 0.002841 0.000035 -0.000322 
0.030265 0.001202 -0.001169 -0.004528 -0.005695 -0.001061 -0.005395 0.002687 
-0.016622 0.002458 0.000414 0.002883 0.002168 -0.012093 -0.001140 0.002323 
0.042680 0.012902 -0.003216 0.002284 -0.001628 0.000853 0.000275 -0.006413 
-0.008853 -0.009325 0.009711 0.002856 -0.007522 0.000341 -0.001652 -0.002093 
0.051126 0.003972 -0.000011 -0.006175 -0.005237 0.009693 -0.004218 0.002688 
-0.020639 -0.000012 -0.000735 -0.005338 -0.001255 -0.004283 0.000125 0.005293 
0.043915 0.008821 -0.003154 -0.003864 0.005546 -0.002511 -0.002688 -0.007213 
-0.021419 0.005557 -0.002530 -0.001589 0.006509 0.003681 -0.003902 -0.000378 
0.050913 -0.006168 -0.004906 -0.007989 0.003112 0.008064 0.003658 0.003615 
-0.012573 -0.001810 -0.004106 0.000128 0.006087 -0.004681 0.009299 0.001380 
0.077891 -0.103359 -0.008473 0.005802 0.001500 0.004316 0.003207 0.001119 
0.025040 0.007548 0.000609 0.001777 0.002813 0.004483 0.001354 0.004306 
-0.014118 -0.001333 0.004692 -0.006842 0.014388 -0.003543 0.004354 0.004336 
-0.003500 0.005313 0.000722 -0.005095 0.007072 -0.009144 -0.015399 -0.003858 
-0.014529 -0.013372 0.008113 0.000638 0.000663 0.002067 0.007457 -0.002313 
-0.007833 0.006994 0.003609 0.002945 0.001262 -0.015934 0.002514 0.004778 
-0.004304 -0.001090 0.007076 0.003466 -0.003084 0.001373 0.004127 -0.005806 
-0.001372 -0.000866 -0.002798 -0.005744 0.004678 0.000780 -0.001047 -0.000305 
-0.001560 0.003542 -0.004264 -0.002652 -0.003091 0.003788 0.010058 -0.002216 
-0.002820 0.007276 -0.005265 0.002462 0.000074 -0.005669 0.000510 -0.000891 
-0.003852 0.002611 -0.000838 0.000979 0.011068 0.003936 -0.000312 -0.003590 
0.003430 0.009840 -0.002228 0.006439 0.007131 -0.002439 0.000941 -0.006557 
0.007587 0.005280 0.009656 0.000410 0.006334 0.016833 0.011018 0.005201 
0.000823 0.000919 0.005309 -0.001412 0.004923 0.014515 -0.014043 -0.013594 
0.007315 0.008958 0.002660 -0.007788 0.004730 0.011255 0.010156 0.002925 
0.017422 0.012962 -0.001609 -0.000202 0.008416 0.003148 -0.004088 0.004848 
0.002610 0.011323 0.007064 0.010190 0.003884 0.009917 0.005584 -0.000931 
0.003075 0.010359 0.009524 -0.002941 -0.009709 0.000015 -0.009261 0.002219 
0.027585 0.016256 -0.004633 -0.016214 0.007134 0.011205 0.018362 -0.001668 
0.013931 0.001666 0.001668 -0.006032 0.000722 0.009795 0.014235 0.005078 
0.058352 -0.064038 -0.007656 -0.004940 0.007293 0.010169 0.045095 -0.044806 
0.011686 0.003162 0.008558 -0.008101 0.003342 -0.024332 -0.014119 0.005923 
-0.049528 -0.003932 0.006151 0.002788 -0.004477 0.003345 -0.000699 0.000827 
0.015417 -0.010477 0.008700 0.001278 -0.005093 0.000739 -0.000938 -0.003737 
-0.033795 -0.003830 -0.001638 0.008094 0.001561 -0.006169 -0.001610 0.001274 
0.011078 -0.006441 -0.000280 0.001939 -0.004845 -0.007347 0.004698 0.004156 
-0.013319 -0.007769 -0.000003 0.009436 0.004403 -0.001873 -0.001899 0.003008 
0.005195 -0.002090 -0.002292 -0.005705 -0.005417 0.000024 -0.006832 -0.000929 
-0.000107 0.005141 -0.001922 -0.000837 0.008312 -0.002977 -0.006096 -0.006683 
0.003747 0.000901 -0.006997 0.006428 0.005573 0.007239 -0.012162 -0.000350 
0.031211 0.005986 -0.003493 -0.002834 -0.003377 0.005405 -0.003857 0.010178 
-0.013772 0.004606 0.000085 0.007251 0.009622 -0.001173 0.002411 0.005146 
0.046276 0.015838 0.001763 -0.001578 -0.002542 -0.002834 -0.000511 0.001167 
-0.008028 -0.008298 0.007106 0.003359 -0.009107 -0.002552 -0.006943 -0.001468 
0.053301 0.005642 -0.004115 -0.005054 -0.004194 0.011173 -0.003053 0.004820 
-0.019371 -0.000730 -0.001976 -0.007664 -0.005639 0.004508 -0.003693 -0.001549 
0.046478 0.008651 -0.000806 -0.002385 0.008107 -0.001024 -0.003376 -0.008642 
-0.020275 0.003215 -0.004738 -0.000723 0.007129 0.002804 -0.003120 -0.000458 
0.056000 -0.006806 -0.002701 -0.009511 0.001816 0.004011 0.001708 0.002960 
-0.009697 0.000944 -0.001469 -0.001308 0.002083 -0.006845 0.004536 -0.001028 
0.086199 -0.098558 -0.006560 0.003775 0.001952 0.003102 0.003478 0.004123 
0.025636 0.007638 0.002567 0.001362 0.003659 0.000602 -0.002952 -0.003356 
0.012886 -0.001792 0.003674 -0.002957 0.001232 0.003406 0.000655 -0.002996 
-0.004517 -0.000520 0.010118 -0.001411 0.008953 0.005596 -0.003250 0.007335 
0.012847 0.002103 -0.005178 0.000946 0.001298 -0.003332 -0.004534 -0.006307 
-0.010471 -0.010667 0.003089 0.001483 0.004018 -0.000820 0.002685 0.001870 
0.008758 0.004771 -0.002643 -0.000214 -0.002917 -0.003332 0.004154 -0.001959 
-0.004892 -0.000521 -0.002250 0.002838 -0.006832 0.007795 -0.008769 0.002169 
-0.003201 -0.003779 -0.006859 0.003603 -0.004153 0.000078 -0.006212 0.002126 
-0.002532 -0.003195 0.002536 -0.005957 0.006948 -0.000748 -0.000880 0.010690 
-0.008818 -0.006746 -0.002270 0.005440 -0.002302 -0.010615 0.007436 0.002329 
0.010814 -0.002169 -0.002545 0.000433 -0.002048 -0.002101 -0.002792 0.004869 
-0.018356 -0.001438 -0.005779 -0.007219 0.004642 0.002767 -0.002858 0.000165 
0.003306 -0.002724 0.002538 0.002503 0.013309 -0.012283 0.003826 0.004000 
-0.013747 -0.007360 -0.002689 0.005324 0.000663 -0.008956 0.000257 -0.001215 
0.018573 -0.009998 0.003024 0.000960 0.003042 -0.022654 -0.005446 0.000976 
-0.013413 0.003437 -0.003253 0.000590 -0.006550 -0.015403 0.004817 -0.003636 
0.005139 -0.006618 0.004023 -0.002900 0.000955 -0.043182 0.004421 0.004325 
-0.039408 -0.005584 0.001890 0.005850 -0.007771 -0.037839 0.005074 0.003989 
-0.014197 0.003170 -0.011395 0.006922 0.004003 -0.035377 0.014593 0.001326 
-0.027677 -0.062802 0.010531 -0.004277 -0.012921 -0.032506 -0.000587 0.025170 
-0.031367 -0.000485 0.005376 0.000236 0.007896 -0.046091 0.013989 0.000374 
0.012806 -0.012440 -0.003069 -0.002702 -0.006132 0.003612 0.001583 0.006656 
0.012421 0.000920 -0.004227 -0.004671 0.003635 0.004851 0.001183 -0.005340 
0.012725 -0.001660 -0.000480 -0.001033 0.003130 0.005778 0.003417 0.007040 
0.001507 -0.015541 0.000674 -0.006418 -0.000412 0.007604 0.010182 0.002068 
0.005502 0.002550 0.006346 0.002119 0.004092 -0.002292 0.000115 -0.001969 
-0.003452 -0.005485 -0.008358 0.000205 0.000351 0.003961 0.004596 -0.000087 
-0.005520 -0.006326 -0.000072 -0.014286 0.007894 -0.006546 0.005345 0.013848 
0.001500 -0.007926 -0.001696 0.005597 0.000136 0.002037 -0.002363 0.004041 
-0.016718 -0.008223 -0.008947 0.002413 -0.014633 -0.001164 0.013705 0.001965 
0.005652 -0.007359 0.003393 -0.008200 -0.000726 0.000569 0.004681 -0.009935 
-0.007453 0.002419 -0.005600 0.001434 0.000062 -0.010723 -0.007542 -0.007999 
-0.000079 -0.004352 0.001974 -0.002978 -0.000689 0.000480 0.004645 -0.003642 
-0.015211 0.002241 0.002611 -0.004381 -0.009162 -0.009567 -0.005888 0.005642 
-0.005874 0.007184 0.003405 0.002752 0.001996 0.002912 0.005351 0.006122 
-0.012704 -0.000810 0.007532 -0.002368 -0.003965 0.005430 -0.001471 -0.005520 
-0.013330 -0.001884 0.000613 0.002052 0.000918 0.001655 0.002855 0.005576 
-0.005617 0.000322 0.010555 -0.009324 -0.000921 0.006779 0.005908 0.006228 
-0.010186 -0.001324 -0.005486 -0.003489 0.003291 -0.016712 -0.006836 0.001709 
0.001539 0.049114 -0.016307 -0.003078 -0.016774 0.000145 -0.003934 0.005936 
-0.008632 0.000546 0.010273 -0.000475 -0.014420 0.000366 0.005444 -0.003541 
-0.034024 0.002240 0.007957 0.005475 0.007681 -0.002075 -0.003596 0.002982 
0.039406 0.008888 0.006444 0.003060 0.002722 0.010149 0.002221 -0.003740 
-0.013443 -0.004845 -0.003827 0.011030 -0.004672 -0.000580 -0.005558 -0.003214 
0.011184 -0.003347 0.003517 0.003442 0.005604 0.002090 0.001804 0.006034 
0.005041 0.002151 -0.003153 -0.004383 0.001895 -0.005160 0.002579 -0.002660 
0.005546 -0.000662 0.002039 0.011996 -0.000449 -0.000660 0.006108 -0.003627 
-0.003428 -0.002694 0.003977 -0.008853 -0.003231 0.000886 0.012498 -0.002596 
-0.004329 -0.005028 0.002097 0.000709 -0.007911 -0.005024 -0.004394 0.002039 
-0.009757 0.000609 -0.004582 0.000799 0.004917 0.000009 -0.005551 -0.004086 
-0.011273 0.003602 0.002520 0.004035 0.005015 0.002373 -0.007422 -0.001513 
0.015298 0.001335 -0.001891 -0.005531 0.002373 -0.007785 0.000094 -0.003473 
-0.018421 -0.000814 0.006741 0.014392 -0.004455 -0.000807 0.001724 -0.005684 
0.022605 -0.003587 0.005353 0.004088 0.001775 0.002940 0.000807 0.000728 
-0.029882 0.004230 -0.008144 -0.001662 0.001465 -0.010013 -0.003983 0.002679 
0.016001 -0.004703 0.005037 0.006709 -0.002065 0.000708 0.008659 0.003054 
-0.018713 0.006509 -0.003804 -0.000427 -0.004798 -0.002244 0.001323 -0.004450 
0.002689 -0.007246 0.001232 -0.000462 0.006740 0.002653 0.001984 0.000135 
-0.044471 -0.007112 -0.003102 0.007758 -0.002615 0.003660 0.002723 0.005119 
0.011709 0.014275 0.001397 0.002385 0.013316 0.001260 -0.003136 -0.008342 
-0.034268 0.000287 -0.002871 -0.011544 0.004135 -0.004636 -0.001590 0.005390 
0.001585 0.001078 -0.002928 0.003927 0.008076 0.000755 -0.001241 0.006080 
0.001937 -0.002832 0.000689 -0.006970 -0.003009 -0.001205 0.004264 0.006270 
0.006913 0.011293 -0.001606 -0.004435 0.002630 -0.006454 -0.004778 0.000183 
0.002383 0.001516 0.000929 0.002689 -0.011425 0.008833 0.012510 0.010101 
-0.002145 0.002609 0.003180 -0.000642 -0.002388 -0.005480 -0.001147 -0.003864 
-0.002817 -0.005416 -0.001802 0.002593 -0.000346 -0.006022 -0.002655 0.000283 
0.002616 0.000324 -0.003819 -0.000223 -0.003852 -0.010952 0.002244 0.004422 
-0.002413 0.001367 -0.000430 0.001443 0.001622 0.002973 0.004123 0.000480 
0.005505 0.000932 0.011751 0.000986 0.003055 0.002362 -0.001680 0.005691 
0.000894 0.002185 0.007583 0.001541 0.003203 -0.005762 0.002856 -0.002284 
-0.005875 -0.006996 0.002003 0.004792 -0.000342 0.000014 0.001820 0.011978 
0.001403 0.001764 0.003066 0.005582 0.010140 0.001446 0.003534 -0.002033 
-0.004669 -0.003991 -0.006499 -0.005015 -0.001521 -0.005002 -0.006348 0.005892 
-0.005930 -0.003143 0.002503 -0.005459 0.004551 -0.002137 0.004531 0.007002 
-0.001339 0.008118 0.002893 -0.001555 -0.001776 0.000047 0.000316 0.001885 
0.012594 -0.008350 -0.001112 -0.003085 0.001502 0.001532 0.000768 0.002520 
-0.005323 0.009767 -0.000385 -0.016081 -0.006416 -0.008206 0.005275 0.004005 
0.000894 -0.002222 0.001748 -0.004600 -0.002376 0.005637 0.002375 0.002148 
-0.000026 -0.020346 0.007235 0.003836 -0.013513 -0.003069 -0.003830 -0.000462 
-0.072218 0.005934 0.011490 -0.006630 -0.000400 0.001947 -0.005503 -0.000751 
0.007699 0.000990 0.006906 0.004289 -0.005369 0.009881 -0.000574 -0.000248 
-0.007252 -0.013056 0.002499 0.000483 0.004146 -0.003344 -0.010618 0.000489 
0.004725 0.004297 -0.002184 -0.008020 -0.005208 -0.003267 -0.007608 -0.009205 
-0.009205 -0.006806 0.000616 -0.000482 0.003598 0.003899 -0.007038 0.005253 
0.006908 0.011402 -0.000162 -0.002902 -0.007152 0.000464 0.008444 0.002229 
0.000703 -0.011047 -0.011656 -0.005347 -0.000063 -0.001399 -0.000941 0.003478 
-0.007570 -0.005430 -0.003378 0.002637 -0.001897 0.002745 -0.010463 -0.006739 
0.003728 -0.002637 0.008799 0.001512 -0.002801 -0.005231 0.004440 -0.004643 
-0.000046 -0.001884 -0.002786 0.002933 -0.002465 0.000022 -0.001100 0.009201 
0.004683 -0.005274 -0.000971 -0.001915 -0.004218 0.001824 -0.002596 -0.003742 
0.005717 -0.008010 -0.001196 0.002679 0.003246 0.003458 -0.004995 0.001488 
0.004160 0.000983 -0.003006 0.002343 -0.001348 0.005741 0.006834 -0.006923 
-0.001322 -0.007783 0.012321 -0.001089 -0.002326 0.005085 0.010574 0.009835 
0.008616 -0.003125 0.004526 0.007633 0.003759 -0.007732 -0.004280 -0.003081 
0.004701 -0.005126 0.001932 0.005349 -0.011209 -0.000926 -0.006741 -0.002170 
0.016647 -0.012637 -0.005224 -0.007117 0.001923 -0.002418 0.001398 0.001178 
-0.033072 -0.025690 0.013174 -0.003275 0.002117 0.004207 -0.002578 0.007941 
0.012188 -0.016894 0.007551 0.000774 -0.000204 -0.012277 -0.003840 0.000019 
-0.022244 0.049801 0.007994 0.000537 -0.012643 -0.004643 -0.004236 0.000287 
-0.076233 -0.011836 0.000358 -0.000673 0.003883 0.004774 -0.004620 0.004360 
-0.004137 -0.000743 -0.004467 -0.000897 -0.000078 -0.002548 0.005259 -0.007836 
0.021978 0.003844 0.001134 0.001563 0.002466 0.004816 -0.006750 0.005553 
0.006790 -0.004265 -0.009597 -0.005509 0.002145 0.012405 0.000357 -0.000492 
0.004433 -0.006688 0.007560 -0.001057 0.005490 -0.009567 0.004069 -0.004866 
0.010781 0.001957 0.004348 -0.001239 0.006564 0.000475 0.004497 -0.001531 
0.008139 -0.000419 -0.003403 0.002883 0.004501 -0.002063 -0.003731 0.001846 
-0.003962 -0.009475 0.000034 0.002093 -0.002128 -0.002002 -0.001740 -0.004812 
-0.001996 -0.001538 -0.003706 0.002399 -0.014733 0.012945 0.003898 -0.009677 
-0.008729 -0.011065 0.001939 0.004211 0.004341 0.005264 0.001078 0.006881 
0.002169 -0.002476 0.008004 -0.009123 -0.000235 0.009387 -0.006478 0.002869 
-0.002447 0.007290 0.001420 -0.006783 0.004778 -0.012590 0.005554 -0.004135 
-0.011716 -0.003129 0.004621 -0.001501 -0.005363 -0.004601 -0.009527 -0.007160 
-0.003588 -0.012951 0.003447 0.003933 0.003283 -0.004746 -0.005260 0.004916 
-0.017787 0.002798 0.006293 0.000360 0.000313 0.005657 -0.000389 0.000225 
-0.002395 0.003222 0.002291 -0.005907 -0.012771 0.000636 -0.002538 -0.005239 
-0.014404 0.002089 0.001848 0.001619 0.002481 0.000127 0.001029 -0.005988 
-0.023473 0.016523 -0.002966 0.001731 0.004698 0.000524 0.002465 -0.001578 
-0.032541 -0.003270 -0.008340 0.003457 -0.002344 0.000056 -0.005798 0.002162 
-0.023999 -0.006130 0.003850 -0.002010 -0.001872 0.003074 0.003886 0.001356 
-0.105454 -0.001503 -0.003347 -0.003271 -0.002352 -0.000387 0.012466 0.000330 
-0.008758 -0.005274 0.001099 -0.001841 -0.000906 0.001182 0.000153 0.005557 
0.022463 -0.000191 0.002128 -0.005695 -0.002851 -0.004394 0.000054 0.004776 
0.003820 -0.000006 -0.002928 -0.004468 0.000262 0.010324 0.001957 0.007096 
0.004491 0.001818 -0.000322 -0.002875 -0.001969 0.005331 -0.001131 -0.007882 
0.006396 0.002810 -0.001855 0.009629 0.007385 0.004503 0.003913 0.010075 
0.003319 -0.005162 -0.004253 0.002353 -0.003748 -0.002321 -0.004049 0.007692 
-0.002599 -0.002973 0.002899 -0.002373 0.004026 -0.004527 -0.006479 0.007639 
-0.003660 0.005523 -0.000178 -0.003880 -0.002958 -0.001620 -0.004990 -0.009380 
-0.006791 0.003874 0.002947 -0.002351 0.006244 0.004433 0.000322 -0.002578 
-0.006161 0.007894 0.006433 -0.002108 0.005413 -0.008551 0.003056 0.000927 
0.012444 -0.004845 0.004566 0.005999 -0.005561 -0.000212 -0.002555 0.005346 
-0.018482 -0.003766 -0.001055 0.003864 -0.000519 -0.002774 -0.007547 0.002918 
0.007072 -0.004249 0.007636 0.001094 0.001723 -0.000283 -0.004477 -0.007261 
-0.012062 -0.002496 0.001924 -0.001991 0.009321 -0.015415 -0.001681 0.006308 
0.004184 -0.001173 -0.004312 0.001682 0.003383 -0.005580 0.010725 -0.005667 
0.001643 0.007400 0.002061 0.003639 0.001600 -0.007561 0.003068 -0.001843 
-0.019533 -0.011287 -0.002477 0.001500 -0.008861 -0.006539 0.004755 0.000544 
-0.033786 -0.006055 -0.013844 0.014142 0.005581 0.010286 -0.012301 -0.000408 
0.095381 0.023140 0.004151 -0.003967 0.000746 -0.003067 -0.002374 -0.003943 
-0.060181 -0.021131 -0.005054 -0.000839 -0.006050 -0.012905 -0.013979 -0.005967 
-0.023750 -0.005611 -0.001733 0.002369 0.001569 0.000190 -0.009899 0.006584 
0.009764 0.004438 0.007868 -0.000324 0.006784 -0.001924 0.006472 -0.003553 
-0.002023 0.000690 -0.000752 0.001236 -0.004725 -0.009778 -0.012488 -0.003306 
0.000807 -0.000194 -0.005160 -0.008468 0.012922 0.008643 0.005529 0.003130 
0.004140 -0.000231 -0.002606 0.006034 -0.000536 0.001925 -0.006214 0.003137 
0.002580 -0.004690 0.000002 -0.004453 0.001597 0.004099 0.003761 0.000390 
-0.005254 0.004226 -0.008823 0.006221 0.000337 0.018429 -0.002546 0.006558 
0.003977 -0.010366 -0.000412 -0.006047 -0.000631 -0.001622 -0.001057 0.000684 
-0.001835 -0.002234 0.002092 -0.001373 -0.004977 -0.002410 -0.005085 -0.001307 
-0.002647 -0.000572 -0.000209 0.006888 -0.000576 -0.007441 -0.000879 0.004199 
-0.000766 0.000022 0.002966 0.004203 0.000244 0.000004 -0.005367 0.001564 
-0.004825 0.005700 0.004399 -0.003100 0.000555 0.004228 0.004122 -0.003689 
0.021664 0.000789 0.004980 -0.007228 -0.005384 -0.000877 -0.006368 0.001501 
-0.015598 -0.006555 -0.008171 0.002945 -0.001509 -0.012671 -0.010430 -0.005892 
0.012029 0.016010 0.006291 0.009604 0.004561 0.000671 -0.000330 0.003761 
-0.003072 -0.002738 0.011495 0.001853 -0.000592 0.004557 0.006764 0.005930 
-0.004770 0.005306 0.000332 0.003026 0.011118 0.002907 -0.009537 0.006230 
-0.008888 -0.007303 -0.003815 -0.006929 0.005779 -0.009536 -0.004921 -0.002931 
0.032486 -0.025826 -0.013123 -0.008339 0.009898 -0.018073 -0.006577 -0.005678 
-0.011791 0.008238 0.009835 -0.011087 0.002261 -0.014783 0.014093 0.000098 
-0.008397 0.003719 -0.006248 -0.004457 -0.003217 0.008818 -0.004423 0.001102 
0.006292 0.009084 -0.003552 -0.001665 0.007461 0.000799 0.000932 0.004590 
-0.009995 0.000862 -0.004597 -0.000371 -0.000584 -0.002406 -0.004664 0.002678 
0.010341 -0.003331 0.014882 0.001757 0.004484 -0.003354 -0.015891 0.000138 
0.005461 -0.002543 -0.004402 0.002437 -0.001624 -0.002678 -0.001494 -0.004984 
0.007741 0.006469 -0.006205 -0.004219 -0.008192 0.001711 0.002740 -0.006316 
0.000026 0.008453 -0.009850 0.007533 0.006143 -0.004766 -0.006240 -0.003881 
-0.002972 0.005425 -0.003763 0.009213 0.005533 0.000274 -0.006060 0.006542 
0.003283 -0.004419 -0.003369 -0.002501 0.003279 -0.003110 -0.003445 0.000086 
-0.015074 -0.000313 0.011762 0.007174 0.003833 0.005039 0.005531 -0.005427 
0.004151 0.012246 -0.002917 -0.001414 0.003393 0.005011 0.004011 -0.006345 
-0.007042 -0.003000 0.011848 0.002532 -0.004883 -0.000114 -0.004062 0.006274 
0.008520 0.008216 0.000640 -0.000412 -0.000344 0.001681 -0.001279 0.004305 
-0.012371 0.003547 -0.006521 -0.002444 0.002736 -0.007358 0.000860 -0.002115 
0.006816 -0.009789 -0.007251 -0.006531 -0.007993 0.002799 -0.012223 0.003895 
-0.008859 0.001549 -0.002727 -0.005080 -0.000395 -0.006689 0.000908 0.005556 
0.016308 0.022006 0.010197 -0.003790 -0.001632 0.006614 0.010959 -0.004907 
-0.020847 0.004265 -0.007695 -0.004716 -0.003984 -0.002867 0.001863 -0.012907 
-0.038994 0.002029 0.000379 0.007983 0.005945 0.002793 0.005588 -0.007586 
-0.004713 0.006797 0.007592 -0.006501 -0.008688 -0.003233 0.000712 0.008340 
-0.014027 -0.001923 0.006919 -0.002637 -0.000734 0.001686 -0.002797 -0.006283 
0.012323 0.003016 0.004323 0.007820 -0.004865 0.009770 -0.002627 0.003276 
-0.001887 -0.005663 0.002779 -0.005810 -0.003807 0.004071 -0.000919 0.004697 
0.013432 -0.004646 0.000593 0.003650 -0.009663 0.004482 -0.004970 0.006317 
0.007742 -0.000652 -0.005169 -0.002118 -0.006207 -0.006488 -0.001577 -0.005141 
0.005610 0.000303 -0.002718 -0.003577 0.001258 -0.004920 0.000423 -0.000755 
-0.002111 -0.004557 -0.002535 0.007226 0.003841 -0.003542 0.002190 0.005579 
-0.009705 -0.005144 0.001592 0.002907 0.001054 0.000482 -0.003037 -0.001943 
-0.004475 -0.005409 -0.009095 0.007017 0.005257 -0.007798 -0.004848 -0.003400 
-0.004655 0.002798 0.000716 -0.005899 -0.000690 -0.004635 -0.001641 0.002134 
0.003298 0.001510 -0.000819 0.002994 0.007408 0.005164 0.005329 -0.005241 
-0.016185 0.004314 0.008401 -0.001504 0.000878 -0.006738 -0.002584 -0.008440 
0.011013 0.001226 -0.003582 -0.003990 0.002284 -0.006825 -0.007843 0.000175 
-0.006106 -0.005201 -0.000405 -0.001924 -0.002944 -0.005075 0.003989 -0.007699 
0.010692 0.007386 -0.001761 0.002873 0.005645 0.003086 0.010713 -0.004939 
-0.006190 0.009312 0.008649 0.001069 0.005390 0.001614 -0.004745 0.001671 
0.004305 0.001216 0.005009 -0.000910 0.004360 -0.001782 -0.018146 -0.002933 
0.012885 -0.001343 0.005551 0.006081 -0.003892 -0.004437 0.008054 -0.000850 
-0.021823 -0.035207 -0.006398 0.007287 0.007698 -0.017864 -0.004469 0.001822 
0.005995 -0.002140 -0.015724 0.004655 0.012696 -0.003931 -0.004866 0.016772 
-0.011964 -0.000313 -0.002690 -0.003999 0.007122 0.006056 -0.008024 0.004479 
0.026942 -0.003082 -0.000729 -0.004377 -0.006623 0.000413 -0.003750 0.007377 
-0.009389 -0.001293 0.007705 0.010547 0.014043 0.011247 -0.003176 0.000565 
0.000867 -0.002391 0.005778 -0.001114 -0.001098 0.003299 0.002235 -0.007683 
-0.002909 0.000471 -0.005261 -0.004945 0.009355 0.001162 -0.002901 0.001338 
0.007266 -0.004456 0.003211 0.004034 0.005870 0.006994 0.006500 -0.002520 
0.002677 -0.002825 0.009287 0.002204 -0.000443 0.003811 -0.004792 -0.002305 
0.004522 -0.008143 -0.006514 0.008295 0.000323 0.000355 0.004625 -0.004516 
0.002552 -0.007771 0.002404 0.004365 0.006961 0.000383 -0.002672 0.000427 
-0.009340 -0.006125 0.000399 0.002525 0.009868 -0.000174 -0.001632 -0.004483 
0.014577 0.004312 0.007407 -0.004570 0.010471 -0.000981 -0.005198 -0.000150 
-0.004557 -0.000671 -0.010385 0.002533 0.002883 -0.017367 0.008254 -0.001355 
0.008878 0.000707 0.002467 -0.002199 -0.001973 0.004858 -0.002757 -0.012480 
-0.028242 -0.001248 0.004006 0.001637 0.006573 -0.007752 -0.002788 -0.004409 
0.004519 -0.005161 -0.000801 0.008109 0.003367 0.003444 -0.006235 0.006817 
-0.025772 0.007228 -0.001602 0.000523 0.000292 -0.013598 0.003965 -0.005178 
0.011247 -0.004592 -0.006377 0.013308 0.015431 -0.002983 -0.011298 0.006673 
-0.029609 -0.003068 0.013037 -0.006180 0.010577 -0.006254 0.011423 0.001319 
0.022411 0.014718 0.004484 -0.010740 0.010455 0.010280 0.000422 -0.016348 
0.033042 0.011633 -0.005005 -0.002731 -0.012045 -0.010182 -0.003252 0.006837 
-0.001523 0.000786 0.000576 -0.007208 -0.008979 -0.000773 -0.004051 -0.017117 
0.002382 0.003185 -0.003687 -0.002223 -0.004762 0.006483 -0.005066 -0.004633 
0.003218 0.007630 0.004006 -0.007761 -0.012440 -0.000609 0.001268 -0.004517 
0.001566 -0.015121 -0.009775 -0.001583 0.004197 0.007287 -0.001387 0.007032 
0.002864 -0.000010 -0.000073 0.004124 0.000844 0.004613 0.001550 -0.002281 
0.000632 -0.002347 0.001071 0.000018 0.002801 0.001093 -0.008798 -0.007302 
0.002198 0.007594 -0.002698 -0.000581 0.009881 0.006235 0.000668 0.003545 
-0.004052 -0.000758 -0.002555 0.003581 -0.006146 -0.005106 -0.000668 -0.005082 
0.002553 0.002585 -0.008196 -0.009444 -0.003385 0.004686 0.003318 0.003713 
-0.003829 -0.004840 -0.000311 -0.000007 0.000350 0.004046 -0.002852 0.008791 
-0.006133 0.000072 -0.002769 -0.007509 -0.004294 0.002709 -0.010967 0.002802 
0.015477 -0.007166 0.009683 0.000178 0.000686 -0.014617 0.009702 -0.004985 
-0.001654 -0.011224 0.000306 -0.000070 0.000474 0.000798 0.002511 0.001667 
-0.015647 -0.005832 0.004332 -0.003030 0.002235 0.001790 -0.002085 -0.006556 
-0.009379 0.001992 -0.005346 -0.003638 -0.007209 -0.003742 -0.006240 -0.001831 
-0.006758 0.002151 -0.007919 -0.002849 -0.006540 -0.023009 0.002651 0.007204 
-0.017007 0.019950 -0.007312 0.002366 -0.001817 0.000933 -0.002740 -0.007398 
0.003808 0.007193 -0.008420 0.001839 -0.003825 -0.006905 -0.008850 0.004989 
-0.037033 0.003950 0.012314 -0.013804 -0.027667 -0.001150 -0.001142 -0.002572 
-0.061044 0.007817 0.004621 -0.000250 0.002938 -0.001204 0.007604 0.007394 
0.000723 -0.004179 0.000208 -0.002624 0.001336 -0.013327 -0.004121 -0.002116 
-0.004082 -0.001186 0.000593 0.001303 -0.000769 -0.000357 -0.002315 -0.002589 
0.001047 -0.000416 0.000151 -0.001435 -0.004431 0.001479 0.004187 0.003426 
-0.005678 -0.009915 -0.007906 -0.009268 0.004908 -0.000649 0.007863 0.001938 
0.000969 -0.011850 -0.002081 0.001832 -0.004175 0.002197 -0.001809 -0.000264 
-0.001261 0.006071 0.000995 0.006543 -0.005239 0.003718 -0.001304 0.005037 
-0.006827 0.002841 -0.002150 -0.002744 0.002575 0.000183 -0.003053 -0.010330 
0.001448 -0.003153 -0.001951 -0.001744 -0.002207 -0.001154 0.004337 -0.003517 
0.002449 0.008082 -0.001088 0.004632 -0.004419 0.004280 -0.009175 -0.003796 
0.002546 -0.003843 -0.000478 -0.005062 0.005111 0.001205 0.001513 -0.007247 
0.001896 -0.008654 0.008307 0.000771 0.002703 0.006040 0.000126 0.004525 
0.005489 -0.000197 0.001859 0.002799 0.003213 -0.007972 -0.010019 0.002155 
-0.003938 0.001993 -0.001813 -0.001298 0.005314 -0.007068 0.001975 0.007202 
-0.007730 0.002296 0.007054 0.008393 0.001849 -0.004082 0.007271 -0.001352 
0.001363 0.002001 -0.002602 0.006765 -0.002864 0.002460 -0.006683 0.009833 
0.005674 -0.003425 0.012787 -0.004148 -0.011670 0.006081 -0.016580 -0.000903 
0.013077 0.018833 0.005184 -0.003685 -0.000676 -0.019795 -0.000460 0.004727 
0.008239 -0.001829 0.004880 0.000872 -0.002329 -0.011131 0.005698 0.000821 
0.072762 0.021209 -0.000357 0.005510 0.001432 0.014477 -0.007997 -0.022165 
0.006748 0.012777 0.014439 -0.005937 -0.006713 -0.006278 -0.004872 -0.001566 
-0.008273 0.011907 -0.000512 -0.008062 0.010665 0.001831 -0.005487 -0.000931 
0.005960 0.001622 0.001734 0.005499 -0.004194 -0.002327 -0.004791 0.007752 
0.008103 0.005654 -0.004660 0.012788 0.000080 0.001886 0.006358 0.008643 
0.005800 0.003705 0.003968 -0.000291 0.000370 -0.005229 0.000226 0.011524 
0.006677 -0.006510 -0.008731 -0.006973 0.003498 0.004606 0.002657 0.002974 
-0.001654 -0.004761 -0.006258 0.013855 -0.001578 0.003286 -0.002118 -0.003829 
-0.003927 0.000899 0.003637 -0.006058 0.013326 0.007486 0.002524 0.007985 
-0.005547 -0.001917 -0.005312 -0.010688 0.005396 -0.001513 -0.006885 -0.005274 
-0.007281 -0.003875 -0.003978 -0.004356 0.010003 -0.001748 -0.005446 -0.001934 
-0.000446 0.008141 -0.005413 0.008453 0.002552 -0.005558 0.004894 0.000178 
-0.007031 -0.008880 0.004027 -0.003088 -0.005705 0.000390 0.002852 0.006504 
-0.015073 -0.007091 -0.010084 -0.007644 0.000688 -0.007483 0.000481 -0.000807 
-0.002437 0.001120 -0.008602 0.001534 0.004528 -0.006384 -0.007713 -0.002596 
-0.003424 0.003084 -0.002840 -0.003310 -0.008840 -0.003631 -0.001707 -0.001243 
0.007259 0.004508 -0.002803 -0.001099 -0.001302 -0.000903 -0.006358 0.002420 
0.007542 0.002584 0.005390 0.001137 0.003033 -0.007881 -0.001955 0.003168 
0.004357 -0.034329 -0.005769 -0.002369 0.003797 -0.010082 -0.001335 0.002858 
0.004429 -0.001313 -0.000709 0.007515 -0.021042 -0.005498 -0.008279 -0.003452 
-0.003983 -0.110985 0.016036 0.021471 -0.009359 -0.007809 0.008071 -0.003472 
-0.080378 0.006813 0.003096 -0.007276 -0.000401 -0.005898 0.017583 0.004717 
-0.001040 0.001494 0.003338 -0.005500 -0.003155 -0.002268 0.001826 0.003972 
-0.000622 0.001929 0.000177 -0.001877 0.000704 -0.005230 -0.001431 -0.001579 
0.001521 0.001569 -0.000361 0.000246 0.000954 -0.009934 0.006306 0.001050 
0.006773 0.001555 0.003375 -0.008785 0.000867 0.000131 -0.003483 -0.013455 
-0.008519 0.006420 0.001274 -0.008005 -0.002065 -0.001133 0.001474 -0.012385 
0.002682 0.002708 0.000937 -0.001121 -0.002929 0.003704 -0.001752 -0.002934 
-0.000063 -0.002973 0.002490 0.002957 -0.007152 0.004345 0.006798 0.004175 
0.005710 -0.006940 0.002950 0.002452 -0.003142 -0.000406 0.005627 0.004731 
0.001445 0.001081 -0.000359 -0.000209 -0.001989 -0.001251 0.003433 -0.001318 
0.003249 0.002114 -0.005035 -0.005085 0.002783 -0.007536 0.005290 0.004758 
-0.007846 0.002210 0.008369 0.002653 0.002353 -0.004506 -0.001946 -0.010619 
-0.004474 -0.007408 -0.001838 0.000273 -0.006008 -0.005692 -0.004479 -0.001073 
0.006376 -0.004371 0.000610 -0.003439 0.001146 0.003510 -0.008326 0.000759 
-0.001117 -0.001601 -0.002009 -0.006314 0.005552 0.002958 0.003328 -0.004761 
0.020127 0.001933 0.013959 -0.007075 -0.007454 -0.008686 -0.008466 -0.003145 
0.012771 -0.000226 0.014491 0.003666 -0.009055 -0.001789 0.006717 -0.001848 
-0.008151 -0.026095 -0.002050 0.001247 -0.002468 -0.009743 0.009962 -0.001895 
0.003258 0.005784 0.006970 0.014955 -0.003731 -0.008979 0.003715 0.007098 
0.043285 0.017711 0.004833 -0.000135 -0.011956 -0.003438 -0.000714 -0.001665 
0.026377 0.022877 0.003148 -0.013818 -0.000114 -0.012074 0.001296 0.002299 
0.002765 0.005136 -0.004617 0.003838 -0.001128 0.001218 -0.005338 0.004211 
-0.004168 -0.002670 0.005917 -0.000768 0.002081 -0.001319 -0.001428 -0.001562 
-0.001750 0.008752 0.006121 -0.007228 0.004042 -0.004152 0.001156 0.000756 
0.007202 0.000026 0.000824 0.005718 0.007038 -0.006078 0.002429 0.000356 
0.002305 -0.004270 0.004649 0.002015 -0.000721 -0.004253 0.004572 0.002499 
-0.006329 0.009204 -0.002949 0.004334 0.004238 -0.000741 -0.002316 0.005898 
0.011172 0.004446 -0.004902 0.003568 -0.005841 0.006982 0.008745 0.001793 
-0.004425 -0.003531 0.000991 -0.001767 0.003573 -0.005662 -0.002466 0.000679 
-0.007474 -0.004121 0.002037 0.007542 0.003293 0.001005 0.006446 -0.002708 
0.000496 -0.002541 0.002290 0.004971 0.009835 0.000835 0.001613 0.007127 
0.000747 -0.010505 -0.000874 0.004663 -0.007321 -0.004493 -0.002968 -0.000133 
-0.011182 -0.003620 -0.002605 -0.006816 0.000342 -0.000737 0.000809 0.007611 
-0.012529 -0.004823 0.000867 0.003195 -0.008469 -0.002613 -0.002309 -0.003874 
0.007091 -0.002022 0.002073 -0.000740 0.008383 0.001328 -0.009555 -0.004624 
-0.012288 0.002172 -0.004466 0.003998 0.007918 -0.000381 -0.000362 -0.008989 
0.000094 -0.007421 -0.001779 -0.002239 0.002253 0.006762 0.009130 0.008896 
0.014497 -0.018730 -0.007325 -0.005501 -0.006733 -0.010715 -0.004863 0.012334 
-0.002958 -0.009973 -0.001629 -0.004150 -0.000105 -0.001558 -0.002408 -0.009860 
-0.018068 0.004007 -0.009662 0.002868 -0.015816 -0.015244 -0.019800 -0.005383 
-0.007934 -0.016149 0.020767 0.008235 0.016479 -0.002503 -0.011702 0.007740 
0.002222 0.000707 -0.002934 0.001908 -0.005745 -0.004212 0.001241 0.003618 
-0.005047 -0.005371 -0.006062 -0.000036 0.003729 -0.011442 -0.003514 -0.001563 
0.000737 0.008715 0.004332 -0.001935 -0.006674 -0.006623 0.009237 -0.004419 
0.002611 -0.002386 -0.011575 -0.003697 0.002020 0.000957 -0.004186 0.002934 
0.002345 0.003160 -0.003278 0.006235 0.004285 0.001390 -0.003359 -0.000826 
0.003083 0.004059 0.000489 0.005997 0.003304 -0.005762 0.001511 -0.011084 
-0.004963 0.002696 -0.002159 0.009105 0.001099 -0.007085 -0.003445 0.005702 
0.002615 0.008711 0.007561 0.002830 -0.003084 0.000741 -0.008486 -0.005332 
0.000609 -0.010912 -0.003950 -0.008665 -0.002468 0.003848 0.007577 0.001250 
0.002621 0.002996 0.007723 -0.006403 -0.005955 -0.009964 -0.001094 0.002544 
0.005406 -0.014762 0.010363 0.006350 0.001728 -0.001304 -0.005391 0.002288 
-0.003194 -0.004814 -0.006791 -0.002235 0.000943 -0.009248 -0.002225 -0.000368 
-0.002761 0.001021 0.001543 0.000964 0.010006 -0.011171 0.000721 0.003414 
0.004222 -0.001041 0.007402 -0.000101 -0.008217 -0.004628 -0.003322 0.000375 
-0.004346 0.000688 -0.006394 0.007080 -0.002539 0.012880 -0.003649 -0.002604 
0.011609 0.000854 0.005319 -0.002748 -0.003447 -0.006855 0.007349 0.004035 
-0.016019 -0.024022 0.000956 -0.009599 -0.005077 0.013554 -0.001146 -0.014186 
0.029761 -0.002170 0.001481 -0.003167 -0.008988 -0.010767 -0.004593 -0.005757 
-0.008306 -0.038407 0.011521 -0.009718 -0.000728 0.023605 0.008209 0.008610 
-0.045256 -0.020146 -0.000583 0.012554 -0.014940 -0.010468 0.009150 0.020863 
-0.003008 0.006023 0.001846 -0.004398 -0.002398 0.008951 0.003808 -0.003806 
0.007247 -0.000401 0.005116 0.002844 -0.003162 -0.000012 -0.000575 0.000383 
-0.003628 -0.004812 -0.001375 -0.003496 -0.006338 -0.007746 0.006926 -0.000564 
-0.000967 0.007876 0.010800 -0.002622 0.004700 -0.000393 -0.000655 0.001297 
0.004375 0.001113 0.007393 0.003847 0.002198 0.002720 -0.004313 0.002509 
0.000921 -0.008328 0.000259 -0.002482 -0.001627 -0.005629 -0.005479 0.002074 
-0.009070 -0.000742 0.004235 -0.003246 -0.004115 0.004619 0.005772 0.005185 
0.001461 0.001420 0.001209 0.003292 0.007767 0.007263 -0.002480 -0.004616 
-0.003475 0.004682 -0.001465 0.003141 -0.009900 -0.001102 -0.006552 0.003989 
-0.002967 -0.012559 0.003325 -0.012742 0.006901 -0.008111 0.011817 0.003888 
0.001171 0.009347 0.001331 0.007666 0.007292 -0.005164 -0.008433 0.001315 
-0.004834 -0.001502 0.004008 -0.003067 -0.005868 -0.002504 -0.006741 0.001421 
0.005179 0.006703 -0.001544 0.006259 -0.002004 0.009682 -0.002872 -0.004618 
0.002286 -0.001684 0.010192 0.001734 -0.004468 -0.006365 -0.000468 -0.012970 
0.011961 -0.007089 -0.000329 -0.000464 -0.005278 0.005917 -0.010177 -0.006628 
0.005537 -0.007417 0.000879 0.002232 0.007214 -0.006180 0.002900 -0.006750 
0.007773 -0.018199 0.012990 -0.001396 0.002042 0.001910 0.005880 -0.000874 
-0.010696 -0.001575 0.006351 -0.015180 -0.004308 -0.005470 -0.012970 -0.002505 
-0.019190 0.007642 -0.005081 -0.022380 -0.000981 -0.005665 -0.001205 -0.006156 
-0.037973 0.014844 0.008851 -0.011426 0.011361 0.022249 -0.016933 0.000314 
-0.000440 -0.003186 -0.000891 -0.001452 0.002286 -0.003539 -0.004647 0.000152 
0.004073 -0.015156 0.002084 0.004463 -0.006768 -0.007427 0.000104 0.005638 
0.004512 -0.001863 0.002069 0.012739 0.002169 -0.000412 0.003786 -0.000644 
0.006360 -0.015270 0.002193 0.000705 -0.002267 -0.007754 -0.002152 0.005153 
0.000386 -0.001889 0.006412 -0.001328 -0.000523 -0.000629 -0.003915 0.002330 
0.008096 -0.011346 0.013149 0.003432 -0.002008 -0.003661 0.000297 0.009187 
-0.005367 0.003380 -0.003602 0.005318 -0.003401 0.003433 -0.001824 0.004272 
-0.000361 -0.007297 -0.001372 -0.002246 -0.005069 0.009569 0.001724 0.006726 
0.000537 0.003162 -0.003339 0.003775 0.007626 0.003942 -0.006167 0.003250 
-0.008197 -0.013676 0.000973 -0.007327 0.004840 -0.000681 -0.000642 -0.004615 
0.002414 0.005312 -0.002959 -0.008775 0.002422 0.000498 0.004592 -0.002837 
-0.002868 -0.012690 0.002292 -0.017769 -0.006530 0.002120 0.004108 -0.001104 
0.008744 0.000832 0.014739 0.001230 0.013904 -0.004367 0.002479 0.004763 
-0.005835 -0.021247 -0.004462 -0.011114 0.000152 -0.003151 0.007013 -0.001163 
0.015850 0.004178 -0.000281 0.005068 0.003497 -0.000074 -0.008126 -0.010287 
-0.010646 -0.023487 0.013386 -0.011463 -0.001816 -0.005196 0.003533 -0.003462 
-0.017909 -0.001599 0.003683 0.001361 -0.001173 0.007150 0.003956 0.018816 
-0.025534 -0.029826 -0.014541 0.001001 0.001080 0.007795 0.000618 0.013655 
0.002741 0.000797 0.016458 0.005665 0.005246 -0.012854 -0.003205 -0.003980 
-0.032413 -0.019881 0.016151 0.003749 0.003635 0.008650 -0.004818 -0.003933 
0.005708 -0.003420 -0.003175 -0.000367 -0.002719 0.008654 0.000392 0.001270 
-0.004837 -0.009480 0.001182 0.005674 -0.000182 -0.007253 0.004986 -0.004651 
0.007319 0.007228 0.000047 0.003618 -0.004335 -0.008991 -0.004984 -0.003744 
-0.006891 -0.000641 -0.002847 0.000357 0.000648 0.001324 0.000967 0.010277 
-0.000854 0.001192 0.002576 0.002294 -0.007663 -0.005495 -0.004179 0.012829 
-0.007350 -0.001319 0.010343 0.004329 -0.001961 -0.004022 0.000591 0.006025 
-0.000463 -0.000264 0.000377 -0.002251 -0.002765 0.015352 -0.004701 0.003770 
0.006098 -0.002234 0.007895 0.000920 0.007986 -0.005440 -0.000294 0.008914 
-0.000768 -0.004784 0.003242 0.007068 -0.002255 -0.001315 0.000704 0.000209 
0.004187 -0.018170 -0.002225 -0.007252 0.006600 -0.001840 -0.003698 0.001524 
0.003656 0.004010 0.012879 -0.007530 0.002439 0.000396 -0.008457 0.005433 
0.002840 -0.011666 0.015243 0.000099 0.003754 -0.005479 -0.001052 -0.001336 
-0.011120 0.002471 0.015970 -0.001615 0.004412 0.004631 -0.000128 0.001101 
0.008631 -0.008465 0.013641 -0.003736 0.012120 -0.007395 -0.006530 -0.008384 
-0.002258 0.001352 0.014835 0.003069 -0.004958 -0.009584 -0.002993 -0.004430 
0.001848 0.000540 0.010131 -0.003035 0.023538 -0.008977 -0.004780 -0.010736 
-0.007325 0.018004 0.009132 0.000041 -0.011372 -0.006850 0.007554 0.016208 
-0.005368 -0.022716 0.001454 0.008974 -0.003041 0.000174 -0.008632 0.004618 
0.030743 0.051759 0.007448 0.007961 -0.022614 -0.015949 -0.003337 0.024015 
-0.030984 -0.041007 0.012500 0.004570 0.006981 0.000020 0.001209 0.004541 
0.007925 -0.005225 0.003280 0.010596 0.007193 -0.008637 0.017388 -0.009665 
-0.024068 0.000415 0.018699 0.000863 -0.008462 0.009750 -0.012019 -0.013627 
0.018075 -0.002359 -0.009903 0.012044 0.007814 -0.024333 -0.002658 0.002453 
-0.025670 -0.004841 0.028338 0.010425 0.020916 -0.006082 -0.010375 -0.011501 
0.004841 -0.006941 -0.004777 0.016289 -0.003795 -0.031211 -0.003703 -0.011479 
-0.027286 -0.002054 0.012381 -0.000711 0.011178 0.005455 -0.016327 -0.007329 
0.006661 -0.016418 -0.013821 -0.001812 0.002576 -0.038864 -0.011068 0.005658 
-0.002927 0.012702 0.021993 0.003003 0.000777 0.013969 -0.008949 -0.007169 
-0.003896 -0.010647 -0.007219 0.010659 0.000761 -0.032979 0.000994 0.000102 
-0.009651 0.006116 0.020270 0.016202 0.011190 0.028907 -0.023693 -0.015105 
-0.028574 -0.030644 0.009138 0.013062 0.002311 -0.032488 -0.002974 -0.001786 
-0.006110 0.001784 0.027659 0.009236 -0.015567 0.025800 -0.005703 -0.004511 
0.004814 -0.030876 -0.003279 0.032660 -0.007544 -0.043487 0.004499 0.012986 
-0.023605 0.009200 0.047090 0.006142 0.000778 0.032014 -0.015953 -0.000908 
-0.015153 -0.013638 0.012693 -0.007022 -0.004758 -0.036924 -0.027303 0.018214 
-0.003114 -0.001621 0.042471 0.028655 0.004636 0.027345 -0.038955 -0.007075 
-0.040186 -0.041914 0.004616 0.016448 -0.006721 -0.012935 0.007100 0.022956 
-0.015081 -0.009013 0.052313 0.028273 0.001572 0.017728 0.019700 -0.010136 
-0.028055 0.034948 0.023861 0.028256 0.022060 -0.020235 -0.018176 0.019434 
-0.065355 0.050570 0.030412 0.002160 0.012293 0.024315 -0.014496 -0.021854 
