0.156336 1.084449
0.200715 1.207993
0.169025 1.264848
0.145109 1.275439
0.121890 1.250834
0.109234 1.188500
0.091295 1.090809
0.073130 1.002927
0.071050 0.993536
0.061928 1.099526
-0.389063 1.099731
-0.320745 1.208152
-0.183007 1.259457
-0.087872 1.274406
-0.018820 1.251795
0.013377 1.188183
0.047862 1.100081
0.067086 1.012977
0.063706 0.999472
-0.056507 1.164580
0.010608 0.894589
0.011438 0.948145
0.018745 0.966098
0.024358 0.971377
0.018595 0.968999
0.013927 0.968286
0.012312 0.951439
0.014388 0.947571
0.004661 0.947706
0.082232 0.993571
-0.002098 0.896630
0.008473 0.946893
0.008599 0.968983
0.004553 0.976890
-0.006554 0.976721
-0.014050 0.968261
-0.019796 0.965733
-0.026129 0.960082
-0.016890 0.961963
0.004752 0.938512
0.154394 1.084369
0.197731 1.206270
0.164565 1.262373
0.139532 1.272636
0.117351 1.247045
0.105417 1.186082
0.087608 1.090024
0.069558 1.002069
0.067753 0.993727
0.047400 1.089169
-0.387334 1.099333
-0.320320 1.206048
-0.183279 1.256529
-0.088304 1.270099
-0.018387 1.247583
0.015164 1.184610
0.049955 1.099081
0.069707 1.013639
0.065414 0.997433
-0.053972 1.161733
-0.011730 0.705661
-0.016040 0.704025
-0.024200 0.700852
-0.029513 0.701206
-0.038663 0.701106
-0.045308 0.698094
-0.049461 0.701927
-0.054786 0.697879
-0.060719 0.697025
-0.058668 0.685327
-0.054087 0.706890
-0.087383 0.705580
-0.129953 0.704764
-0.166876 0.705019
-0.201618 0.708326
-0.235733 0.708674
-0.256060 0.706877
-0.281502 0.709850
-0.301191 0.695866
-0.311699 0.706123
0.009751 0.704664
0.019808 0.697219
0.028836 0.695839
0.029370 0.687270
0.032329 0.683248
0.036186 0.681772
0.039285 0.677926
0.046944 0.676920
0.054353 0.662867
-0.001202 0.712201
-0.001839 0.701238
-0.016403 0.703712
-0.026460 0.699092
-0.039699 0.696457
-0.045477 0.692218
-0.050911 0.686283
-0.056982 0.685498
-0.072925 0.684958
-0.061765 0.667601
-0.125277 0.690104
0.007421 0.700355
0.021501 0.697968
0.025501 0.701974
0.032015 0.707783
0.041863 0.710656
0.045946 0.709471
0.052550 0.703324
0.061118 0.689754
0.070209 0.674081
0.086119 0.658005
-0.013397 0.693395
-0.027597 0.698750
-0.034438 0.703593
-0.042645 0.708179
-0.049912 0.712303
-0.055729 0.711033
-0.062028 0.705268
-0.068608 0.696300
-0.081978 0.685126
-0.099719 0.726527
0.006959 0.697092
0.010376 0.717568
0.012071 0.756881
0.019652 0.790521
0.025393 0.812696
0.023983 0.818355
0.026278 0.800379
0.031731 0.756663
0.038514 0.731754
0.020018 0.754110
-0.012229 0.694340
-0.019863 0.714096
-0.021026 0.755115
-0.026415 0.791155
-0.029877 0.812166
-0.027536 0.818908
-0.033363 0.795580
-0.036157 0.757315
-0.034746 0.727528
-0.009150 0.755859
0.020483 0.706296
0.022947 0.738281
0.024269 0.790440
0.024400 0.829366
0.024246 0.844583
0.025462 0.836237
0.015109 0.803409
0.017757 0.752578
0.011900 0.732990
-0.041866 0.795031
0.049178 0.699184
0.062866 0.733026
0.058584 0.784226
0.044999 0.821921
0.036738 0.841562
0.020825 0.835900
0.013916 0.798146
-0.000651 0.752024
0.001352 0.737078
0.043841 0.814533
0.016395 0.658527
0.031017 0.693744
0.036083 0.739672
0.041846 0.768056
0.047965 0.772989
0.050158 0.758158
0.052428 0.716994
0.063749 0.663458
0.072437 0.641618
0.027721 0.700084
-0.006408 0.662811
-0.032857 0.698393
-0.059072 0.743607
-0.090527 0.772055
-0.113827 0.777839
-0.136436 0.762614
-0.155703 0.722907
-0.181203 0.673123
-0.186043 0.642300
-0.207646 0.743644
0.007315 0.709207
0.009277 0.707182
0.010849 0.705016
0.013401 0.704224
0.016892 0.703807
0.018768 0.700453
0.021889 0.696544
0.021627 0.698860
0.038720 0.694481
0.055900 0.700399
-0.009563 0.704309
-0.013294 0.704842
-0.016614 0.706112
-0.022051 0.705304
-0.025460 0.704575
-0.029977 0.701958
-0.031201 0.699929
-0.034486 0.697571
-0.040623 0.685784
-0.115730 0.715735
0.003420 0.710173
0.013285 0.705389
0.012548 0.705462
0.016456 0.705000
0.021361 0.704231
0.022317 0.702066
0.026524 0.698549
0.029517 0.698579
0.035727 0.693303
0.075849 0.714349
-0.006751 0.701893
-0.013083 0.707250
-0.015240 0.704795
-0.018363 0.703890
-0.027291 0.707059
-0.028116 0.701798
-0.028868 0.699985
-0.030272 0.698717
-0.027378 0.705319
0.002628 0.708704
0.002684 0.708551
0.007664 0.707440
0.009866 0.706351
0.015475 0.706731
0.019391 0.707919
0.024412 0.702659
0.026995 0.703298
0.032386 0.700147
0.033344 0.691684
0.052147 0.675193
-0.011070 0.704018
-0.015639 0.706095
-0.016223 0.706549
-0.020819 0.707432
-0.024472 0.709000
-0.025740 0.706914
-0.026242 0.705508
-0.033836 0.705224
-0.040554 0.698154
-0.021536 0.721402
0.004481 0.707681
0.010883 0.706331
0.012440 0.706270
0.013030 0.709520
0.020493 0.709170
0.018461 0.707100
0.021431 0.706600
0.025030 0.703974
0.022289 0.701819
0.012352 0.678102
-0.008708 0.703212
-0.012743 0.707309
-0.014564 0.709180
-0.016867 0.712191
-0.015102 0.711739
-0.019721 0.711061
-0.027354 0.710801
-0.028491 0.705507
-0.025944 0.706076
-0.075592 0.728888
0.005808 0.707022
0.007658 0.707006
0.011320 0.708108
0.011261 0.710282
0.014350 0.714986
0.016802 0.713620
0.019600 0.709186
0.027562 0.711562
0.021347 0.699380
-0.004057 0.703926
-0.008917 0.703055
-0.009170 0.705756
-0.012536 0.709947
-0.016388 0.713481
-0.018430 0.715313
-0.020284 0.714579
-0.023868 0.714690
-0.024294 0.711907
-0.046321 0.697902
-0.000180 0.713814
0.001055 0.706707
0.005483 0.708816
0.005688 0.711050
0.010510 0.715197
0.018725 0.717653
0.014283 0.720573
0.015141 0.721495
0.023737 0.711261
0.021385 0.695130
0.007056 0.705747
-0.008666 0.703232
-0.011296 0.705939
-0.009912 0.711039
-0.014738 0.716380
-0.014100 0.717734
-0.010812 0.719358
-0.018253 0.715813
-0.013670 0.711853
0.002465 0.713823
-0.013407 0.741871
0.003808 0.706217
-0.000767 0.710185
0.001460 0.712536
0.008545 0.718974
0.007394 0.724885
0.009288 0.724505
0.010513 0.723421
0.011107 0.716926
0.008853 0.721386
0.029295 0.714031
-0.009792 0.704263
-0.010475 0.706348
-0.009576 0.712675
-0.013521 0.718446
-0.012535 0.722920
-0.012560 0.724788
-0.013904 0.719008
-0.019599 0.712724
-0.031193 0.711365
-0.038932 0.686995
0.001485 0.707396
0.001931 0.709807
0.003985 0.715570
0.003487 0.722182
0.005279 0.727959
0.006939 0.732296
0.009944 0.726716
0.007729 0.719714
0.024115 0.707323
-0.007723 0.672857
-0.007951 0.704632
-0.009884 0.707549
-0.011502 0.714838
-0.010767 0.722884
-0.014656 0.729191
-0.012959 0.731079
-0.016569 0.726144
-0.021460 0.719436
-0.016676 0.708329
0.017138 0.733819
0.003969 0.708006
0.006156 0.712907
0.006377 0.720622
0.008249 0.726650
0.010024 0.731760
0.007048 0.735348
0.007998 0.730144
0.010028 0.716110
0.010567 0.713871
0.034677 0.750384
-0.000677 0.703870
-0.001044 0.707602
-0.002446 0.716978
-0.005087 0.723832
-0.004029 0.732956
-0.005384 0.731568
-0.004972 0.727077
-0.004885 0.720085
-0.010188 0.706143
0.035565 0.745949
0.012342 0.706608
0.011923 0.712060
0.009264 0.718730
0.012965 0.728646
0.014811 0.735621
0.015975 0.736503
0.013884 0.730265
0.018811 0.718886
0.012704 0.719957
-0.027716 0.714404
-0.012311 0.705616
-0.013687 0.710304
-0.013684 0.719307
-0.013226 0.729312
-0.020811 0.736327
-0.018629 0.734354
-0.018395 0.730151
-0.020882 0.719433
-0.023730 0.714402
-0.003326 0.698028
0.007119 0.708106
0.004614 0.712310
0.003937 0.722390
0.005430 0.733194
0.005875 0.737710
0.008948 0.734388
0.003426 0.728908
0.011004 0.716065
0.016215 0.709969
-0.089504 0.714602
-0.007784 0.704980
-0.007629 0.711148
-0.011145 0.721390
-0.017019 0.730164
-0.016663 0.735968
-0.018421 0.739966
-0.015874 0.728314
-0.019230 0.722028
-0.016735 0.716615
-0.053239 0.717126
0.011030 0.711285
0.010148 0.716815
0.008971 0.726891
0.008777 0.735364
0.009873 0.738138
0.011543 0.740175
0.006104 0.733633
0.002867 0.719780
0.002898 0.716727
0.011768 0.756018
0.015911 0.700698
0.013162 0.707543
0.011552 0.719068
0.006788 0.726273
0.007186 0.736075
-0.002936 0.730976
-0.003065 0.727885
-0.009766 0.717617
-0.012198 0.705632
0.021844 0.722771
0.026647 0.713737
0.025682 0.718290
0.025351 0.727449
0.021912 0.734398
0.021952 0.739247
0.021755 0.737660
0.016052 0.730581
0.015086 0.719600
0.007256 0.716249
-0.004252 0.719358
0.054322 0.698298
0.052319 0.706175
0.045570 0.716622
0.034834 0.723751
0.029674 0.731753
0.024141 0.729036
0.013247 0.723019
0.010955 0.714148
0.020485 0.703927
0.060026 0.755509
0.010077 0.707837
0.005295 0.713458
0.004660 0.720851
0.007566 0.730067
0.001879 0.733430
-0.002867 0.728387
-0.005592 0.723934
-0.003103 0.716746
-0.016206 0.716915
0.003097 0.715106
0.078072 0.702935
0.074463 0.709528
0.064417 0.717877
0.055308 0.725926
0.042589 0.729534
0.030739 0.731890
0.024866 0.722204
0.011867 0.711254
0.014069 0.718097
0.061039 0.699422
0.038636 0.703484
0.033698 0.706368
0.038362 0.709925
0.026258 0.715318
0.032894 0.712836
0.036243 0.713584
0.027843 0.714076
0.032720 0.712825
0.026394 0.715995
0.028117 0.705287
0.120536 0.699468
0.112731 0.701454
0.098496 0.704039
0.086157 0.704811
0.074240 0.707759
0.056256 0.708087
0.056605 0.702441
0.044933 0.700151
0.047117 0.694033
0.050228 0.729922
0.052678 0.948863
0.065353 0.930414
0.055291 0.933255
0.040129 0.932532
0.028711 0.924409
0.021043 0.917951
0.004091 0.905379
0.001211 0.900725
0.010066 0.891479
0.085063 0.892102
-0.010799 0.948636
-0.006993 0.933737
-0.003565 0.930508
0.005038 0.930637
0.010380 0.925409
0.007561 0.918442
0.011588 0.906770
0.009854 0.902493
-0.006574 0.899597
0.018574 0.878931
-0.003979 0.898172
-0.003628 0.953356
-0.007943 0.973730
-0.014442 0.978109
-0.016080 0.974294
-0.013195 0.973752
-0.025747 0.960170
-0.029459 0.954908
-0.000414 0.948466
0.025713 0.981186
-0.000548 0.889796
-0.006619 0.940564
-0.005591 0.961510
-0.008508 0.969128
-0.012184 0.965537
-0.009783 0.958619
-0.007591 0.952357
-0.013337 0.947489
0.000047 0.951991
-0.027872 0.932601
0.052016 0.950449
0.064522 0.932459
0.053738 0.935764
0.037574 0.934999
0.025725 0.926469
0.018524 0.921391
-0.000007 0.907813
-0.003798 0.903780
0.010067 0.894904
0.087109 0.901850
-0.010802 0.949734
-0.007591 0.935460
-0.004266 0.932774
0.003726 0.933318
0.008313 0.927594
0.005931 0.920761
0.010094 0.910054
0.007462 0.905194
-0.007100 0.905334
0.011741 0.881219
-0.000058 0.711527
-0.002151 0.707975
0.002489 0.707763
0.000062 0.707026
0.004522 0.703330
0.005937 0.701185
0.012468 0.702987
0.009132 0.700545
-0.002160 0.690719
0.052091 0.720406
0.016448 0.704979
0.028133 0.704777
0.038522 0.704591
0.044349 0.701113
0.048982 0.701805
0.054204 0.699342
0.061895 0.694863
0.064870 0.690169
0.079245 0.695951
0.086533 0.696767
0.016466 0.709570
0.012776 0.712108
0.015493 0.713260
0.017217 0.713946
0.022383 0.709292
0.016762 0.707209
0.020251 0.704198
0.015480 0.700683
0.012447 0.702328
0.066194 0.691031
-0.005219 0.708485
0.000337 0.707756
-0.001630 0.708833
0.002997 0.709471
0.002643 0.708597
0.005355 0.705646
0.006795 0.701556
0.008857 0.697883
0.028388 0.691669
0.026243 0.666608
0.016578 0.707286
0.001346 0.707965
-0.003299 0.708485
-0.007614 0.708880
-0.010942 0.709102
-0.015431 0.705327
-0.020239 0.702877
-0.018685 0.707944
-0.034425 0.704198
-0.013232 0.693093
0.005439 0.708335
0.016647 0.709475
0.021491 0.710620
0.029418 0.710251
0.035374 0.713200
0.035355 0.707043
0.040394 0.706503
0.039240 0.702921
0.061973 0.702464
0.052262 0.691595
0.008425 0.705712
0.009886 0.704544
0.005487 0.704288
0.009142 0.707020
0.008812 0.707417
0.006549 0.710121
0.005428 0.703798
0.005090 0.707661
0.005742 0.716029
-0.022889 0.699481
0.001519 0.707238
0.003713 0.702958
0.003417 0.704099
0.004334 0.707765
0.005397 0.709210
0.002456 0.710848
0.003961 0.706479
-0.001775 0.706948
-0.001106 0.710980
-0.029560 0.696475
0.015189 0.704709
0.021111 0.700725
0.021203 0.701220
0.024661 0.705190
0.018610 0.709859
0.019671 0.715648
0.020325 0.708812
0.018894 0.709970
0.021820 0.705962
0.019747 0.693339
-0.006600 0.707308
-0.013244 0.704869
-0.018395 0.705002
-0.015217 0.705346
-0.015811 0.709788
-0.013700 0.712397
-0.010198 0.709507
-0.013539 0.713348
-0.013996 0.701385
-0.019448 0.678007
0.028190 0.706760
0.019692 0.703564
0.017395 0.709159
0.017191 0.715801
0.017057 0.717845
0.011098 0.713823
0.011667 0.703969
0.008324 0.696394
-0.005836 0.700174
0.038687 0.713435
0.001448 0.705937
0.013791 0.702892
0.017307 0.707980
0.028107 0.715369
0.033019 0.719893
0.036141 0.711426
0.044127 0.703615
0.042624 0.698223
0.070251 0.707763
0.050093 0.693931
0.008388 0.707221
-0.000051 0.705586
-0.001801 0.707591
-0.003404 0.706243
-0.005305 0.705407
-0.004212 0.705706
-0.004820 0.708411
-0.000580 0.704496
-0.013354 0.704931
0.029009 0.744954
0.001495 0.708958
0.005440 0.709211
0.006140 0.710758
0.010177 0.710080
0.016426 0.711408
0.013162 0.706049
0.018901 0.710137
0.014597 0.707330
0.038981 0.690025
0.049919 0.684300
0.013320 0.706584
0.000113 0.706536
-0.001252 0.708726
-0.004269 0.707774
-0.007505 0.708217
-0.010993 0.705323
-0.014171 0.704118
-0.011504 0.701688
-0.004685 0.709366
-0.059141 0.721512
0.004370 0.708704
0.007406 0.708607
0.009783 0.709567
0.010397 0.707908
0.015505 0.708984
0.013788 0.704662
0.013762 0.706548
0.015684 0.705874
0.031955 0.704204
-0.023541 0.647325
0.007211 0.707021
0.002741 0.706309
-0.000381 0.706680
-0.003468 0.704466
-0.003986 0.705623
-0.006701 0.705335
-0.005811 0.701490
-0.011394 0.700875
-0.023992 0.695278
0.009014 0.708590
0.000997 0.708410
0.005383 0.708567
0.006341 0.708144
0.012575 0.709587
0.015003 0.708585
0.015561 0.707931
0.012842 0.706890
0.013810 0.703021
0.019674 0.703622
0.020453 0.681190
0.005965 0.707258
-0.001183 0.706704
-0.004781 0.707477
-0.004717 0.707512
-0.005435 0.703495
-0.007470 0.706370
-0.011905 0.706235
-0.011406 0.703682
-0.020245 0.696624
-0.003733 0.676528
0.006467 0.707935
0.009880 0.708001
0.012825 0.708833
0.015461 0.708052
0.015405 0.710877
0.016080 0.708467
0.024097 0.702236
0.020292 0.706691
0.028977 0.705814
0.031262 0.699350
0.005860 0.708089
0.001895 0.707099
0.000681 0.707811
-0.000554 0.707356
-0.002014 0.707122
-0.004679 0.704295
-0.006894 0.705282
-0.005672 0.706945
-0.012238 0.704918
-0.002617 0.717624
0.005205 0.707295
0.009581 0.706779
0.012745 0.708151
0.016918 0.707644
0.016905 0.706731
0.020095 0.706401
0.020631 0.705056
0.022745 0.700251
0.015749 0.714127
0.039727 0.696712
0.006018 0.706092
0.003862 0.707543
0.003998 0.707846
0.002118 0.708350
0.004692 0.707414
0.003615 0.706833
0.007204 0.706005
0.005992 0.707401
0.003405 0.708640
-0.018662 0.720355
-0.000547 0.708391
0.001336 0.707750
0.000516 0.708151
-0.001184 0.706434
0.003088 0.707005
0.001748 0.704861
0.005239 0.705976
0.004431 0.708859
0.009693 0.714024
-0.030360 0.732716
0.005226 0.706919
0.003567 0.705274
-0.000800 0.708009
0.003245 0.707121
0.002720 0.707715
0.003066 0.705834
0.001850 0.707829
0.002740 0.702272
-0.005359 0.713462
0.010612 0.676582
0.000967 0.708482
-0.000514 0.709054
0.002595 0.709212
0.002594 0.709350
0.001611 0.708949
-0.001290 0.707959
0.001797 0.708330
-0.003655 0.708787
-0.001352 0.707146
-0.049349 0.692253
0.004798 0.705947
0.003475 0.706494
0.003672 0.707004
0.005289 0.706023
0.006027 0.706356
0.002555 0.707589
0.001123 0.706471
0.003148 0.707071
-0.010093 0.703958
-0.045463 0.747607
0.002446 0.707712
0.000237 0.707038
0.002928 0.707760
0.002029 0.706234
-0.000048 0.708225
0.002868 0.709230
-0.002375 0.707550
0.001579 0.708203
-0.003411 0.718296
0.009621 0.703911
0.005968 0.707981
0.008912 0.707323
0.005876 0.707736
0.007389 0.705066
0.004676 0.707982
0.005050 0.706258
0.004271 0.708145
0.002914 0.711445
0.021499 0.713420
0.001208 0.708578
-0.001954 0.706767
0.000309 0.706038
-0.001551 0.705228
0.001932 0.707278
0.001062 0.708079
-0.001778 0.708463
0.000376 0.708439
-0.006540 0.709085
0.000880 0.722877
0.006566 0.669890
0.002932 0.705086
0.003409 0.707228
-0.000942 0.706411
0.001347 0.706450
0.001189 0.708112
0.000621 0.708964
-0.001514 0.707443
-0.003900 0.707466
0.004676 0.707439
-0.001451 0.676901
0.003902 0.708799
0.007695 0.706677
0.003348 0.705378
0.005854 0.708673
0.005423 0.707503
0.003764 0.709768
0.003961 0.707223
0.001024 0.710577
-0.014267 0.705171
-0.006338 0.673567
0.004016 0.706156
0.002743 0.705997
0.003579 0.705814
0.002961 0.707694
0.000193 0.707970
0.000775 0.708676
0.002089 0.709026
0.000116 0.710749
-0.001853 0.702488
0.036527 0.732613
0.002756 0.707670
0.002667 0.706771
0.001141 0.708836
-0.001441 0.707588
0.003599 0.708226
0.002674 0.709516
0.001112 0.705786
0.000409 0.708214
-0.003899 0.707970
0.026178 0.700461
0.017786 0.706211
0.018533 0.704075
0.017609 0.703666
0.017942 0.706402
0.012984 0.705990
0.017612 0.709392
0.011495 0.707517
0.005702 0.704864
0.025304 0.703757
-0.010235 0.711559
-0.005728 0.709153
-0.004521 0.708068
-0.005174 0.707718
-0.003459 0.709006
-0.005110 0.709349
-0.001503 0.708456
0.000515 0.708451
0.003064 0.709002
0.009908 0.710151
-0.012323 0.735763
0.023257 0.706562
0.023147 0.706581
0.020953 0.705344
0.022173 0.707751
0.017098 0.706996
0.017362 0.709822
0.017995 0.708182
0.013723 0.705551
0.019396 0.703462
0.026441 0.700751
-0.010337 0.707834
-0.014559 0.707453
-0.016687 0.707483
-0.008852 0.705943
-0.012091 0.706991
-0.009634 0.707056
-0.009650 0.709612
-0.013191 0.707961
-0.009777 0.718804
-0.019808 0.703769
0.002955 0.704968
0.004817 0.706188
0.002865 0.706369
0.005567 0.705840
0.006672 0.707563
0.000886 0.708742
0.006393 0.709820
0.013837 0.708364
-0.010949 0.708049
0.023462 0.705907
-0.000910 0.708743
-0.004879 0.707487
-0.007561 0.706206
-0.002273 0.708691
-0.005850 0.707920
-0.003740 0.706661
-0.000320 0.705265
-0.004160 0.709584
-0.013108 0.708114
-0.030833 0.698544
-0.007472 0.696714
-0.002769 0.694374
0.001503 0.697759
0.006806 0.698653
0.007491 0.698668
0.008852 0.698441
0.014198 0.701207
0.023090 0.700592
0.033499 0.706818
-0.067628 0.701217
-0.037344 0.716816
-0.049312 0.717577
-0.046910 0.714826
-0.050757 0.713324
-0.047917 0.713580
-0.053234 0.711923
-0.049689 0.712441
-0.053848 0.711638
-0.057612 0.705335
-0.092940 0.682662
-0.041800 -0.034574 0.001662 -0.001158 0.002466 0.000406 0.001853 0.001574 
0.249651 -0.012359 -0.003273 0.000328 -0.001321 0.000015 -0.000835 0.000536 
-0.044327 -0.011774 0.000589 0.001100 0.001123 -0.002614 -0.002307 0.000387 
0.159520 -0.007715 -0.000187 -0.000212 -0.001286 0.000876 -0.005046 -0.000243 
-0.015943 -0.004016 0.000015 -0.000692 0.000434 0.003709 0.000086 0.002969 
0.062830 -0.002053 -0.000991 0.000126 -0.000499 -0.000704 0.000813 -0.001795 
0.003654 0.000932 0.000919 -0.001530 -0.000638 -0.002136 -0.000047 0.000364 
-0.018693 0.001085 -0.001877 0.000884 0.000193 0.000601 -0.003450 0.002732 
0.024496 -0.002552 0.000789 0.001127 -0.002669 0.000201 0.000681 0.000370 
-0.092984 -0.005502 -0.002838 -0.001036 -0.002213 0.000551 -0.001036 -0.002865 
0.042906 -0.014130 -0.003602 -0.001520 -0.003916 -0.000643 0.000910 -0.000545 
-0.156361 -0.012975 -0.001431 0.001070 -0.001613 0.000094 -0.001427 -0.000302 
0.057954 -0.025731 -0.005654 -0.002612 0.000266 0.000902 -0.002660 -0.000970 
-0.213886 -0.025569 0.001536 0.001269 -0.000712 -0.002261 -0.001553 0.001349 
0.057311 -0.036825 -0.009174 -0.000629 0.000620 0.001515 -0.001455 0.001567 
-0.242563 -0.030617 0.004041 0.002918 0.000703 0.000515 0.000217 0.001787 
0.047175 -0.041277 -0.007373 -0.002208 -0.001181 -0.001959 0.001396 -0.000232 
-0.245120 -0.026406 0.004791 0.001688 -0.000540 -0.000412 0.001221 0.000170 
0.002233 -0.036014 -0.001709 -0.001141 0.001611 0.001440 -0.000951 0.001486 
-0.205935 -0.003822 0.005703 0.000950 0.000387 0.000391 0.001482 0.001930 
0.002777 -0.009551 0.001329 0.002212 0.000376 0.000730 0.001197 -0.000428 
-0.014880 -0.001841 0.001685 0.001254 -0.000797 -0.002164 -0.000784 -0.001379 
0.002790 -0.000071 -0.000532 0.002270 -0.001405 0.000405 -0.000939 0.000841 
-0.015422 -0.000918 0.001934 0.003770 0.000667 -0.000736 -0.000707 -0.003125 
0.006494 -0.003549 -0.002961 0.002261 -0.002612 0.000717 0.000642 -0.000292 
-0.005079 -0.006492 0.000441 0.000819 -0.000557 0.000171 -0.002296 0.001326 
-0.000968 -0.000816 -0.003144 -0.000021 -0.004054 -0.000243 0.000611 0.001110 
-0.001249 0.001235 0.000449 0.004211 -0.000051 0.000890 -0.003089 0.004986 
0.000649 -0.000166 -0.001516 0.005088 0.003013 0.003600 -0.001843 -0.001105 
0.004555 -0.001586 0.002023 -0.000064 -0.000296 -0.002034 -0.001820 0.000647 
0.000260 0.001256 -0.001957 0.004537 -0.004566 0.004155 0.001081 -0.000928 
0.012244 -0.002812 0.004126 0.002566 0.006072 0.002669 -0.003218 0.001776 
0.000385 0.002119 -0.001671 0.006587 0.002248 0.003083 0.000337 -0.004405 
0.010871 -0.001905 -0.003494 0.005567 -0.003916 0.000498 -0.002151 -0.002625 
-0.004486 0.005011 -0.008538 0.007810 -0.002434 0.004156 0.002646 -0.002943 
0.008243 -0.003096 -0.004572 0.003616 0.004779 -0.000130 -0.004138 0.000368 
-0.003738 0.001322 -0.003813 0.011683 -0.003644 0.002388 -0.000646 -0.007149 
0.001285 -0.000471 -0.005196 0.001917 0.005111 0.000222 -0.003822 0.002670 
-0.000197 -0.034453 -0.004660 0.005748 -0.001326 -0.001334 0.004005 -0.006974 
-0.026360 0.003433 0.000493 0.000411 0.006254 -0.005102 -0.002488 0.011128 
-0.042776 -0.034938 0.003391 -0.000815 0.002711 0.000932 -0.000092 -0.000185 
0.250428 -0.013644 -0.004571 0.001489 0.000012 0.000957 -0.000525 0.002914 
-0.044935 -0.012422 0.001319 0.001620 -0.001108 -0.001585 -0.002274 0.000500 
0.160854 -0.007698 0.000815 0.000047 -0.000076 -0.001320 -0.002058 0.000444 
-0.017013 -0.004220 -0.000283 -0.001073 -0.000958 0.002717 -0.001509 0.002617 
0.062950 -0.002168 -0.001239 -0.000226 -0.000092 0.002227 0.001504 0.000038 
0.004338 0.000514 0.000049 -0.001200 -0.000429 -0.001821 0.000208 0.000784 
-0.018052 0.001045 -0.002590 0.001085 -0.000171 0.001637 -0.002717 -0.000099 
0.024481 -0.003080 0.000671 0.001810 -0.003511 0.000207 0.001245 -0.000731 
-0.093585 -0.006183 -0.002285 -0.000132 -0.002856 0.000628 -0.000245 -0.002215 
0.043297 -0.015182 -0.003664 -0.000894 -0.003200 -0.000352 0.001204 0.001497 
-0.158310 -0.013343 -0.001060 0.002982 -0.001385 0.002626 -0.001734 -0.001596 
0.058893 -0.025172 -0.004640 -0.002325 -0.000313 -0.000717 -0.003286 0.000419 
-0.214949 -0.024977 0.002555 0.001094 -0.000619 -0.003123 -0.001078 0.001481 
0.058473 -0.037182 -0.009152 -0.001008 0.000497 0.001487 -0.000804 0.002581 
-0.243710 -0.031674 0.004836 0.002623 0.001298 0.000502 0.000377 0.002142 
0.049350 -0.040084 -0.007660 -0.002155 0.000199 -0.002755 0.001008 0.000132 
-0.245198 -0.026591 0.004443 0.001186 -0.000030 -0.001151 0.001035 -0.000623 
0.004799 -0.039035 -0.001810 -0.000176 0.001852 0.001721 0.000101 0.000825 
-0.207518 -0.003737 0.006716 -0.000646 -0.000529 -0.000182 0.002093 0.002090 
-0.035344 -0.025474 0.001691 0.002521 0.001781 -0.001325 -0.001147 0.000418 
-0.187987 0.018215 0.002499 -0.000842 0.000607 -0.000588 0.000245 -0.000397 
-0.024177 -0.017906 0.002685 -0.001319 -0.000854 -0.000775 -0.000826 -0.001561 
-0.124010 0.015351 0.003507 0.000362 0.000283 0.000968 0.003277 0.005286 
-0.011508 -0.006839 0.000993 0.002649 0.000867 -0.000469 0.001585 0.000253 
-0.056455 0.007616 0.000188 0.001252 0.003650 0.002788 0.002668 0.000964 
-0.000583 -0.000176 0.002109 -0.002373 0.003216 -0.001654 -0.001471 0.000610 
0.010910 0.010770 -0.000626 0.002847 -0.000877 -0.000069 0.000509 0.002617 
0.011542 -0.001747 -0.001967 -0.002108 0.000656 -0.002162 -0.000230 0.000709 
0.062195 0.012123 0.001046 0.001863 -0.002185 0.001719 0.000876 -0.004615 
0.015754 -0.004937 -0.004778 0.006131 0.001405 -0.001411 0.000239 0.000036 
0.113583 0.013199 -0.004576 -0.003134 0.002610 0.000032 -0.004750 -0.004582 
0.024888 -0.015147 -0.006226 0.006673 0.003498 -0.002880 -0.001514 0.004672 
0.141157 0.014022 -0.004061 -0.002174 0.004086 0.002519 -0.003448 -0.012627 
0.024205 -0.018813 -0.007257 0.008920 0.002979 -0.000488 -0.004924 0.005513 
0.153318 0.015308 -0.003896 -0.002840 0.008788 0.006875 -0.006333 -0.018638 
0.024659 -0.015402 -0.009596 0.006101 0.008415 -0.003469 -0.001036 0.004507 
0.150330 0.015632 -0.000727 -0.005601 0.004759 0.011274 -0.006104 -0.024232 
0.030592 -0.020214 -0.002136 0.006650 0.012936 0.001027 0.003873 0.006666 
0.165590 0.011320 0.001567 -0.002253 0.015839 0.010070 -0.001640 -0.025532 
0.026994 -0.012642 -0.001502 -0.001730 -0.000343 -0.001013 -0.001765 -0.001016 
-0.055055 0.004535 -0.000304 0.002578 -0.001527 -0.000007 0.001164 0.001973 
0.010730 -0.000232 0.002054 -0.000222 -0.001791 0.002168 0.002212 0.000533 
-0.029877 0.009622 -0.000251 -0.001122 -0.001955 -0.001277 -0.000067 -0.002142 
0.006022 -0.001493 0.000292 -0.004222 0.000095 0.000210 -0.000358 -0.000108 
-0.018044 0.003445 0.000643 -0.001008 -0.001255 0.001335 0.001406 -0.000882 
0.001140 0.002491 -0.000263 -0.000940 0.002840 -0.001117 0.000816 0.000891 
0.002724 0.003689 0.000988 -0.001953 -0.002187 -0.002532 -0.000217 0.000950 
-0.002604 0.003152 0.000437 0.001933 -0.000682 0.000733 0.000957 -0.002341 
0.017537 0.001175 -0.001173 0.001087 0.000497 -0.003263 0.000797 0.002407 
-0.015854 0.003291 0.000395 -0.000599 0.001260 0.000564 0.002043 -0.001986 
0.025719 0.000487 -0.001030 -0.000708 0.001889 0.001445 0.001859 0.001876 
-0.019847 0.000924 0.000105 0.000432 0.000238 0.001826 0.000764 -0.001820 
0.040837 -0.000279 -0.003184 -0.002029 0.000349 -0.002500 0.002546 -0.003813 
-0.027640 -0.000663 0.000592 0.000463 0.001229 0.001297 0.001126 -0.001597 
0.055500 -0.007093 -0.001784 0.001679 0.000118 0.001939 0.003323 -0.003961 
-0.030345 0.000731 0.004287 0.000949 -0.001234 0.002869 -0.001536 0.001411 
0.061641 -0.009390 0.005922 0.001353 -0.004872 0.001951 -0.000358 -0.000764 
-0.013321 -0.001178 0.003481 0.007463 0.003502 0.000119 0.000646 -0.003465 
0.070763 -0.010059 0.006652 -0.002967 0.007347 -0.000341 -0.001978 0.007396 
0.044155 -0.006735 -0.000006 0.000905 -0.002023 0.001170 0.001135 -0.002027 
-0.046120 0.003190 0.000541 0.002091 -0.001049 0.001449 0.000861 -0.000510 
0.024557 0.000016 -0.001455 0.000939 0.000122 0.000255 -0.000219 -0.001765 
-0.024886 0.005519 -0.000381 0.000121 0.002353 -0.001502 -0.001471 0.001027 
0.011072 -0.000108 0.000628 -0.003394 0.001307 -0.002615 0.001132 0.002260 
-0.011474 0.003728 -0.001553 -0.001897 0.000934 -0.001182 0.000082 -0.000176 
-0.006298 -0.003414 0.001327 -0.001506 0.001686 -0.001859 -0.000343 0.002610 
0.004547 0.002489 -0.000280 0.002388 -0.003537 -0.001711 -0.002214 -0.000471 
-0.012572 0.001346 0.000528 0.002549 -0.000368 -0.001867 -0.003522 0.002649 
0.010073 0.002238 -0.000101 -0.002152 0.002215 0.000888 0.000770 -0.002064 
-0.020370 -0.000416 -0.002896 -0.003615 0.003872 -0.001415 -0.000709 0.002953 
0.022915 0.004161 -0.000092 0.000329 -0.002317 -0.002233 0.002450 -0.001412 
-0.030158 0.001280 -0.001063 0.001429 0.001709 -0.002544 -0.001953 -0.002030 
0.035791 0.002075 -0.001564 -0.000460 -0.001048 -0.002410 -0.001154 0.000334 
-0.042998 0.006161 0.001596 -0.001712 -0.000058 -0.000658 0.002412 0.003305 
0.040714 -0.000663 -0.000867 -0.000263 -0.000927 0.000391 -0.001070 -0.001798 
-0.051471 0.001223 0.003618 -0.004336 0.003927 0.003760 -0.001901 0.001069 
0.053404 -0.005187 0.005603 0.003215 -0.003470 0.001780 0.001453 -0.002878 
-0.032505 0.053488 0.002468 0.005226 -0.002656 0.004033 0.001010 0.001311 
0.068175 -0.011739 0.009042 0.007244 0.000174 0.000032 0.000840 -0.002043 
0.017478 -0.000440 0.002081 -0.003797 -0.000563 -0.003288 0.002114 0.001605 
-0.016502 -0.000017 0.001399 -0.001377 0.000310 0.002967 -0.002613 0.001349 
0.009045 -0.003109 0.002259 0.001906 -0.002031 0.001240 0.000039 0.001847 
-0.007256 0.003042 -0.000144 -0.000373 -0.000427 -0.000702 0.001675 0.001838 
0.007227 -0.002345 0.000167 0.000452 0.001235 -0.002519 -0.000163 -0.000585 
-0.003370 -0.002025 -0.001901 -0.000645 -0.000088 0.000387 0.003073 0.001501 
-0.001595 -0.000209 0.002136 -0.001665 0.002647 -0.001395 0.001269 -0.003713 
0.000564 0.000206 -0.001453 0.001544 -0.002696 -0.000928 0.000466 0.000311 
-0.009046 0.006718 -0.004248 0.002756 -0.001098 -0.001546 0.001625 -0.001561 
0.004496 0.000102 0.002287 0.000367 0.001863 0.000072 0.000865 0.000331 
-0.008466 0.006853 -0.004812 0.001288 -0.001828 -0.000607 0.001107 0.002335 
0.008828 0.001169 -0.001855 0.001073 0.003336 -0.000119 -0.000006 -0.002855 
-0.015696 -0.002150 -0.000803 -0.000126 0.001729 -0.000610 -0.000204 -0.000072 
0.013956 0.000113 0.002022 -0.000624 -0.002713 -0.002110 -0.000248 0.001353 
-0.021207 -0.004415 0.000071 -0.000155 0.002601 -0.000405 0.000771 0.001961 
0.021878 0.001170 0.001052 -0.000832 0.000935 -0.002464 0.000542 -0.000229 
-0.019958 0.002922 -0.001015 0.001985 0.000357 0.003644 0.001372 0.000199 
0.023865 -0.002769 -0.000859 0.001576 -0.001944 0.000389 0.000291 -0.001475 
-0.010660 0.004013 0.002630 -0.000113 -0.002467 0.001271 0.001712 0.000685 
0.049977 0.000868 -0.003221 0.002382 0.003796 -0.001353 0.001560 0.001285 
-0.002885 -0.003296 -0.002286 -0.000171 -0.000117 0.004086 -0.000440 -0.000960 
-0.032286 -0.000038 -0.001202 0.000063 -0.001305 0.000651 -0.000905 0.000431 
0.001495 -0.000322 -0.001504 -0.002578 -0.000327 -0.001243 -0.001814 0.000388 
-0.027138 -0.002871 -0.000060 0.004763 0.002497 0.000245 0.000381 -0.001790 
-0.001248 -0.002683 -0.000436 -0.001150 -0.001383 -0.000589 0.002193 0.001127 
-0.012233 -0.002141 0.001458 0.000580 -0.003008 0.000576 0.001966 -0.002265 
0.001623 0.002375 -0.000183 -0.001457 -0.000829 -0.001387 0.000051 -0.001668 
0.003973 -0.002501 0.000549 0.000206 0.001612 0.000421 -0.001041 0.000282 
0.000676 0.001773 -0.003963 0.000985 -0.002414 -0.001672 -0.001426 -0.000497 
0.018126 -0.006003 0.000344 -0.000089 0.002077 0.000430 0.001200 0.000580 
0.001950 -0.000499 0.001586 -0.000838 0.003002 0.001475 -0.003339 -0.000916 
0.034929 -0.002954 0.002516 -0.000361 0.000555 0.000775 -0.001487 0.002097 
0.005099 0.001473 -0.000353 0.000551 0.001291 -0.000146 -0.001149 0.000440 
0.038955 -0.001858 0.001353 -0.001210 -0.001102 0.001236 0.000634 0.004618 
0.000529 0.004739 0.000150 -0.002825 0.001762 0.002985 -0.002136 0.003159 
0.050080 0.000166 0.004495 -0.003565 0.000799 -0.000158 0.000389 -0.001313 
-0.000742 0.003858 0.001352 -0.001643 -0.000825 0.002114 0.000626 -0.000692 
0.039779 0.000525 0.000120 -0.004882 0.000477 0.004683 -0.000352 -0.000827 
0.022766 0.006142 -0.000793 -0.000914 -0.007226 0.004064 -0.001371 -0.000913 
0.016123 -0.002264 0.006534 -0.004366 0.002250 0.003516 0.004375 -0.002266 
0.035302 -0.014991 -0.000340 -0.000964 -0.001117 -0.000378 -0.000500 -0.000238 
-0.138653 -0.004132 0.002020 0.000736 -0.002603 -0.000235 -0.000634 0.000934 
0.014823 -0.003826 0.001686 0.004569 -0.000239 -0.001270 0.000533 0.000443 
-0.078659 0.003559 -0.001779 -0.000830 0.000168 0.001086 -0.001101 0.002336 
0.007178 0.001006 0.001123 0.001902 0.000115 0.003160 0.000706 0.000999 
-0.035739 0.000232 0.000256 0.000986 0.002181 -0.002366 0.001150 0.000357 
-0.001626 0.002237 0.001691 0.000275 0.000183 0.000323 -0.002342 -0.001079 
0.012344 0.002137 0.001801 0.001204 0.000898 -0.000503 0.000504 -0.000818 
-0.006493 -0.002959 -0.001057 0.004933 0.000582 -0.000364 -0.002017 0.000203 
0.049155 0.000319 0.002163 -0.002613 0.001805 -0.000134 0.004122 -0.000768 
-0.016353 -0.005846 -0.003186 -0.000047 -0.000105 -0.000946 -0.005019 0.000038 
0.088059 0.003201 -0.001228 -0.001908 0.001788 0.004305 -0.002419 -0.001745 
-0.024981 -0.007779 0.000818 0.000417 -0.000571 -0.001406 0.000454 0.002424 
0.124501 0.001246 -0.000890 0.000081 -0.000140 -0.000120 0.005270 0.002162 
-0.040113 -0.014595 0.000840 0.001933 -0.001771 0.000487 0.001140 0.002184 
0.152095 -0.000852 -0.000637 -0.001624 -0.000486 -0.000931 -0.000876 0.001336 
-0.046553 -0.017837 0.000880 0.001341 -0.003097 -0.001235 0.000979 0.000968 
0.166755 -0.004440 -0.002854 -0.000465 -0.001189 0.000295 -0.000408 0.000318 
-0.016167 -0.029442 -0.001523 0.003023 -0.001880 -0.003254 -0.002892 0.001318 
0.202840 -0.003184 -0.002749 0.002505 0.004460 -0.001467 -0.004594 -0.000075 
0.012950 -0.005207 -0.001360 -0.000487 -0.001313 -0.000024 -0.001598 0.001820 
-0.022554 0.004146 -0.000921 0.003669 -0.000350 -0.001959 -0.000817 0.000704 
0.009862 -0.000649 -0.000391 0.000705 -0.000958 0.001025 0.000713 0.001457 
-0.012834 -0.000282 0.004769 0.001864 -0.001161 -0.000719 0.002042 -0.001260 
0.005319 0.002210 0.004602 -0.000457 0.000268 0.000558 0.002439 0.000851 
-0.006143 0.002423 -0.001244 0.000189 0.000481 0.000590 0.001095 0.002186 
-0.002540 -0.000307 -0.000133 0.000387 0.002106 -0.000835 0.000036 -0.001307 
0.002115 0.001868 -0.000279 -0.003288 -0.000145 0.000609 0.001752 -0.000767 
-0.006525 0.000743 -0.003627 0.001409 0.000256 0.002060 -0.000592 -0.001108 
0.008895 0.000074 -0.004701 0.000998 -0.002549 -0.001553 0.000981 -0.000334 
-0.008718 0.001947 0.001355 -0.003346 0.000808 -0.000279 0.002054 0.001231 
0.017143 0.002142 -0.001883 0.000125 -0.001416 -0.001225 -0.000851 -0.001332 
-0.009210 0.003995 0.002537 -0.004204 -0.000616 0.002592 0.002003 0.002190 
0.017605 -0.001860 0.001590 0.002788 -0.002977 0.002646 0.001474 -0.003053 
-0.010168 0.000149 -0.001062 0.000076 0.001810 0.005051 -0.002106 -0.000620 
0.015387 -0.000974 -0.000809 0.000567 -0.003524 0.007678 0.001646 -0.003286 
-0.015652 -0.002636 -0.004170 -0.003524 0.003429 0.002506 -0.001714 -0.001847 
0.015938 0.000842 0.003361 0.001278 0.001356 0.005331 0.003925 -0.002153 
-0.006175 0.046590 -0.008344 0.005193 0.002581 -0.000155 -0.000195 0.003677 
0.056695 -0.009677 0.013052 -0.000773 0.005013 0.014643 0.004621 -0.000524 
0.022068 -0.006027 -0.001046 0.000031 0.001974 0.001654 0.002208 0.000305 
-0.020142 0.005565 -0.001722 0.000092 0.002287 -0.002193 -0.001684 -0.000762 
0.011358 -0.000597 0.000463 -0.000789 -0.000729 -0.003044 -0.000875 -0.000048 
-0.015460 0.000238 -0.000354 -0.001064 0.002300 -0.000414 -0.000491 0.002019 
0.006187 -0.001311 -0.002479 -0.002117 -0.002137 -0.000837 0.001135 0.000416 
-0.006713 0.003132 -0.001799 0.001312 0.000738 -0.000916 -0.001474 0.001563 
-0.002573 0.001634 0.003052 0.001032 -0.000649 -0.001833 0.000664 0.000073 
0.001623 0.001628 -0.000996 -0.002727 0.001343 0.000374 0.003299 -0.001823 
-0.002700 0.001597 -0.000652 0.000316 0.003748 0.001012 -0.002712 -0.001709 
0.008010 0.003126 0.000559 -0.002677 -0.001584 0.003040 0.002079 -0.001060 
-0.006481 -0.003737 0.002620 -0.002929 -0.001616 0.005366 -0.000934 0.000752 
0.011830 0.001277 0.001747 0.001119 -0.000249 0.001378 0.000578 -0.002704 
-0.018546 -0.001896 0.002071 -0.002182 -0.000588 0.002761 -0.002458 0.000847 
0.016974 -0.001546 0.002918 0.002941 -0.004068 0.003231 0.000735 -0.003155 
-0.021077 0.005256 0.000283 -0.005862 0.001157 0.002048 -0.001387 -0.003030 
0.015116 -0.004436 0.005570 -0.001304 -0.007711 0.004873 0.003427 -0.002405 
-0.020000 0.011919 -0.001343 -0.002654 0.007812 0.004306 -0.000457 0.003535 
0.016866 0.001795 0.004495 -0.001456 -0.002168 0.006322 0.000197 0.001208 
-0.026131 0.060773 -0.006310 0.000005 -0.000576 -0.002488 0.001619 0.006167 
0.006560 -0.001015 0.007396 0.005199 -0.006621 0.002437 -0.005942 -0.000521 
0.022369 -0.006124 -0.000390 -0.003982 0.001135 0.002013 -0.002512 0.000563 
-0.016848 0.003075 0.000846 -0.001133 -0.000220 -0.000117 -0.002711 0.000349 
0.017273 -0.000837 -0.002822 0.000399 -0.001543 0.002175 -0.001097 -0.001471 
-0.010106 0.004185 0.007355 0.000798 -0.003976 -0.001175 -0.000688 0.001694 
0.008022 -0.000862 -0.001403 -0.000796 0.002195 -0.002113 -0.003894 -0.001632 
-0.006054 0.004061 0.000938 -0.001077 -0.000477 -0.000419 0.004106 0.001855 
-0.005876 -0.000733 -0.000599 -0.000570 0.000062 0.004000 -0.001406 -0.001867 
0.002110 0.001427 0.003031 -0.000019 -0.000236 0.000089 0.002037 0.000683 
-0.007017 -0.001341 0.000313 0.002398 -0.001331 0.000179 0.000679 -0.000424 
0.004204 0.001459 0.003650 -0.000793 -0.004354 0.002811 -0.002721 -0.001732 
-0.018622 0.002708 0.004356 -0.001345 -0.001044 0.002363 0.000107 -0.000171 
0.006770 0.001024 0.000205 -0.000716 -0.001284 0.004101 -0.003105 0.002359 
-0.018440 0.001127 0.001444 -0.003206 0.002532 0.002854 -0.002151 -0.000008 
0.011987 -0.004171 -0.001824 -0.000138 -0.004158 0.002745 0.000753 0.000124 
-0.021628 0.003678 0.001353 -0.002443 0.002938 0.002773 0.002693 0.002295 
0.011492 -0.001924 0.001999 0.002194 -0.003146 0.003070 0.001779 0.001150 
-0.021491 0.008490 -0.000771 0.002073 -0.000034 0.005650 0.001851 -0.002927 
0.011050 -0.001970 0.004515 0.000640 -0.004416 0.003255 0.006865 -0.003996 
-0.008607 0.055654 -0.011577 -0.006220 0.004899 0.011093 0.000277 0.004985 
0.009472 -0.007168 0.008531 0.006536 -0.002393 0.000702 0.004703 -0.000935 
0.016626 -0.006969 0.002206 0.002250 -0.000195 -0.000336 -0.001882 0.002479 
-0.016936 0.005954 0.001063 0.000037 -0.000330 -0.003307 0.001900 0.000041 
0.010918 -0.002494 -0.002802 0.000720 0.000489 -0.001898 0.000520 -0.000332 
-0.006267 0.006485 0.002262 -0.000515 0.003056 0.005033 -0.001775 -0.001628 
0.003732 -0.001503 -0.000643 -0.000405 -0.000675 0.001127 -0.001401 -0.002019 
-0.003081 0.001465 -0.002271 -0.001856 -0.000211 0.000477 0.001472 -0.000584 
-0.003165 -0.003184 0.001171 -0.002069 -0.000847 -0.000731 0.001417 -0.000483 
0.002573 0.001415 0.000005 0.002241 -0.001980 0.004033 -0.001555 0.001744 
-0.008377 0.000248 -0.001247 -0.002815 -0.000681 -0.002146 -0.001055 -0.001619 
0.000879 0.004788 -0.000420 0.001565 -0.000234 -0.000445 -0.000927 -0.001093 
-0.005350 -0.000160 -0.002744 -0.004639 0.002498 0.002348 -0.001693 -0.002051 
0.007369 0.004471 0.003135 -0.000293 -0.003116 0.001983 0.001065 0.003242 
-0.011098 0.004324 -0.001488 0.000501 0.002887 0.000229 -0.002950 0.001443 
0.012644 0.002222 0.002200 0.003213 -0.001931 -0.000417 0.002484 0.004388 
-0.013292 0.002362 0.001364 -0.001252 0.002968 -0.000248 0.000852 0.000209 
0.014040 0.001098 -0.000153 -0.001567 0.000003 0.006190 0.003111 0.001064 
-0.014195 0.009870 -0.006285 -0.005393 0.001754 0.001610 0.000614 0.003793 
0.011085 -0.001037 0.002022 0.000279 -0.007046 -0.000265 -0.001971 -0.000891 
-0.011533 0.028274 -0.005660 -0.001385 -0.002449 0.003821 0.001408 0.002693 
0.017671 0.000711 0.004956 0.010327 0.004130 -0.000158 -0.004261 -0.002593 
0.014787 -0.006238 0.000260 -0.000552 -0.000453 -0.000893 -0.000840 0.000807 
-0.013449 0.003197 0.000910 0.001188 0.000920 0.001388 0.001039 0.000720 
0.007181 0.000332 0.002585 0.001502 -0.000201 0.002657 0.002202 0.001817 
-0.008666 0.005583 -0.000258 0.000243 -0.001091 0.001594 -0.001650 0.001229 
0.001418 0.000971 -0.002865 -0.000691 -0.001553 0.000826 -0.000995 -0.000400 
-0.005129 0.004345 0.000408 -0.000456 -0.001121 -0.002190 -0.001718 0.000031 
-0.000550 -0.000678 0.001058 -0.002276 -0.002722 -0.000472 -0.000350 0.000970 
0.003338 0.001803 0.002522 0.000495 0.001750 0.002050 0.001746 0.000341 
-0.003306 -0.000436 -0.000981 -0.000631 -0.001227 -0.000306 0.002286 -0.000735 
0.005737 0.000941 -0.001189 -0.001784 -0.002537 0.000149 0.004255 0.001820 
-0.011675 0.003360 0.000995 -0.000818 0.002763 -0.002006 -0.001301 0.000015 
0.009559 0.005951 -0.001797 -0.000480 -0.001699 -0.000109 0.000259 0.001433 
-0.009332 0.006391 0.000153 0.000783 -0.000043 -0.000510 -0.003613 0.002102 
0.013361 -0.002896 0.006582 0.000280 -0.000054 -0.002811 0.000707 -0.000011 
-0.017901 0.000045 -0.001372 0.001457 0.003887 0.003528 -0.001740 0.005004 
0.015046 0.004304 0.002402 0.000868 -0.004940 0.004457 0.001590 0.004517 
-0.009803 -0.006957 -0.002194 -0.001083 -0.001044 0.000923 -0.003174 0.003348 
0.020978 -0.003097 0.000296 0.004248 -0.003477 0.003577 0.003351 0.003087 
0.001666 0.025616 -0.002277 0.004697 -0.000848 -0.001365 0.000485 -0.001329 
0.005008 0.003949 0.006569 0.011213 0.004104 0.003355 -0.000728 -0.002646 
0.013453 -0.000389 -0.001477 -0.001875 0.001435 0.002325 -0.001144 0.001223 
-0.005325 -0.001168 0.000301 0.003593 0.000420 -0.002318 0.000944 0.001236 
0.008387 0.000103 0.001822 -0.000252 -0.002885 -0.000034 0.001073 -0.001085 
-0.000110 0.000990 -0.002035 -0.001644 0.000236 0.000385 0.000728 -0.001081 
0.008568 -0.001740 -0.002026 0.000433 -0.000877 0.000381 0.001065 0.001899 
-0.002589 -0.000060 0.001473 -0.001575 0.002496 0.000424 -0.001413 -0.003975 
-0.003180 0.003085 -0.002245 0.001146 0.003333 0.002548 0.000911 0.000815 
0.000277 -0.002524 -0.000605 0.001949 -0.001335 -0.000740 -0.002799 -0.000362 
-0.011832 -0.001113 0.000030 -0.003095 -0.000136 -0.001867 -0.000232 0.003401 
0.002796 -0.000463 0.002216 -0.002015 -0.000080 0.000943 0.004276 0.000479 
-0.009739 0.002210 -0.000133 -0.000058 -0.000463 0.000087 0.002532 -0.000847 
0.003703 -0.000610 -0.001407 -0.000920 0.003999 0.000340 0.001000 -0.000576 
-0.013456 0.002296 -0.002413 -0.000988 -0.000973 -0.003413 -0.002079 -0.000804 
0.004021 -0.000917 0.004917 -0.005084 0.001919 0.002936 -0.001027 0.003338 
-0.018847 0.000143 0.003002 -0.002383 0.004579 -0.000515 0.000390 0.001356 
0.006484 0.000782 0.002959 -0.002431 0.004413 0.003216 -0.001914 -0.002295 
-0.023167 0.015623 -0.001784 -0.005178 0.004388 0.001005 0.007662 0.000592 
-0.001274 -0.005697 0.005978 -0.002774 0.003594 0.001907 0.007051 0.005666 
0.020027 0.028580 -0.003196 0.001170 0.004722 -0.001418 0.008541 0.005278 
0.021506 -0.003429 -0.001697 -0.002896 -0.002520 0.003381 0.003348 0.005527 
0.009559 -0.000064 0.000488 0.001572 0.000415 0.004424 0.000107 -0.000783 
-0.004157 0.000404 0.003316 0.001014 -0.000041 -0.002282 0.000802 0.000375 
0.007537 -0.002425 -0.001357 0.000010 0.002525 0.000516 0.000980 0.004652 
-0.005013 0.001116 0.002210 -0.001303 0.003027 0.001078 -0.002454 -0.002125 
0.001949 0.002084 0.000127 -0.000903 -0.002533 -0.000828 0.001100 -0.001693 
-0.002885 -0.001180 -0.002806 0.003705 -0.001273 0.001051 0.000346 0.000428 
0.001146 -0.001142 0.001499 0.002746 0.000053 -0.000109 0.000578 -0.000772 
0.004081 0.000494 0.001864 0.004662 -0.003083 0.001574 -0.001892 -0.001386 
-0.002498 0.000339 0.000770 0.000239 0.000342 0.002854 0.001530 0.001352 
0.002189 -0.000865 0.002931 -0.000769 -0.000777 -0.000770 -0.002068 -0.000095 
-0.008153 0.001575 -0.000909 -0.000525 0.001386 0.000182 -0.003980 -0.001363 
0.002700 -0.000052 -0.000707 0.002467 -0.000192 0.001736 -0.000786 0.001073 
-0.007360 0.001506 -0.001147 -0.002708 0.001121 0.001941 -0.000678 -0.001052 
0.004375 0.000306 -0.001515 0.002643 0.000791 0.001885 0.003558 -0.001552 
-0.001706 -0.002153 0.003897 -0.000132 -0.000332 0.000147 -0.000882 -0.000797 
0.004896 -0.000732 -0.001518 0.000985 0.001975 0.003693 0.000926 -0.003638 
-0.000703 -0.003272 -0.000861 -0.000189 0.000140 0.003498 -0.000560 -0.000126 
0.011495 0.001485 -0.001432 -0.003608 -0.005219 -0.004331 0.001007 0.003053 
-0.012617 -0.029148 0.001911 -0.003634 -0.000080 0.007666 0.002565 0.002134 
0.016050 -0.001005 0.005853 0.001346 -0.004557 0.008357 0.001173 0.001771 
0.004719 0.000791 -0.000377 0.000074 0.000523 -0.000126 -0.000182 -0.001047 
-0.008615 -0.001994 -0.000379 -0.000526 -0.003204 0.000749 0.000060 0.001284 
0.004009 -0.002474 -0.000452 -0.001701 0.000936 0.002321 0.002418 -0.002112 
-0.004187 0.000304 0.000659 0.000871 -0.000560 -0.000173 -0.002681 0.001472 
0.000866 -0.002320 0.000044 0.002076 -0.001293 -0.000414 -0.000295 -0.000405 
-0.000423 -0.000770 -0.001050 -0.000395 0.000664 0.001632 -0.002171 0.002260 
-0.001367 -0.001634 0.000167 0.004328 -0.000981 -0.000692 0.000373 -0.000869 
0.001079 0.003174 0.000243 -0.002529 -0.000357 0.000757 -0.000806 0.002694 
-0.004480 -0.001871 -0.000309 -0.002159 0.000128 0.000748 0.000461 0.000194 
0.003021 0.001091 0.002321 -0.002439 -0.001632 -0.000880 0.001882 0.001778 
-0.002168 0.001223 -0.000166 0.001479 0.002178 0.000340 0.001812 -0.001372 
0.004109 -0.005138 -0.001281 0.000265 -0.003232 0.001401 0.002739 0.000123 
-0.008050 0.002538 -0.000869 -0.000016 0.003763 -0.000080 0.001466 -0.000069 
0.009003 -0.000479 0.000166 -0.003962 -0.001160 0.003667 0.005154 0.001219 
-0.007754 -0.002847 0.003920 -0.001058 0.000162 0.000339 0.003620 0.002390 
0.007995 -0.001053 0.000449 -0.002556 -0.001040 -0.001465 0.004180 -0.002042 
-0.004254 0.006142 -0.001567 -0.003752 -0.005583 0.001587 -0.000266 -0.003937 
0.003312 0.002947 0.000486 0.002331 -0.003952 0.001795 0.002085 -0.006349 
0.004341 0.044696 -0.000406 0.000846 -0.001759 0.003598 -0.000484 0.005521 
0.006670 0.004321 0.000140 0.005574 0.000275 0.000036 -0.000062 -0.001752 
0.002380 -0.002985 0.000187 0.000337 -0.003933 0.000341 0.000750 0.000412 
-0.004025 -0.000284 0.001091 -0.001319 -0.000856 -0.001235 0.000507 -0.000986 
-0.000003 -0.001958 0.002525 0.002122 -0.002130 0.000721 -0.001641 -0.000429 
-0.006249 -0.000994 -0.001143 0.000961 -0.000104 -0.001049 0.002983 0.002211 
0.003143 -0.001829 -0.001914 0.000946 0.001578 0.000058 -0.001016 -0.002780 
-0.002699 0.001925 0.001228 0.000724 0.000564 -0.002467 -0.002305 -0.001291 
0.000068 0.002668 -0.002214 -0.000585 0.002122 -0.002541 -0.000052 -0.001822 
0.000161 0.000680 -0.002444 0.001495 0.000909 0.000135 0.001372 0.000728 
-0.003628 0.003596 -0.001502 0.001803 0.000619 -0.001920 0.000370 -0.001207 
0.001402 -0.000114 0.003851 -0.000740 0.002052 0.000189 0.000756 0.001046 
0.000850 0.005661 -0.000915 -0.000586 0.003062 0.001657 0.000298 0.000717 
0.004920 0.000927 0.004053 0.001539 -0.002784 -0.000829 0.002039 -0.000360 
-0.004800 0.002312 -0.001532 -0.001391 0.003810 0.003624 -0.002854 -0.000870 
0.005542 -0.001055 0.000840 -0.002386 -0.001836 0.005416 0.000235 0.000960 
-0.010395 0.005937 0.001901 0.002783 0.002370 0.000529 0.001467 0.001778 
0.006492 -0.004392 0.001694 -0.004522 -0.003769 0.002989 0.002126 -0.006444 
0.001246 -0.001251 0.001107 0.000130 0.006658 0.000661 -0.002610 0.000338 
0.008762 -0.004411 0.003147 0.002770 -0.004214 0.002406 -0.000176 -0.002880 
-0.011208 0.021470 -0.008205 -0.003337 -0.000897 0.001331 -0.006562 0.008288 
0.017347 -0.003087 -0.003304 -0.003520 -0.004441 0.004051 -0.004141 -0.009638 
0.000755 -0.001197 -0.003976 -0.000127 -0.003351 0.001538 0.000300 -0.001931 
-0.004948 -0.000253 0.000718 -0.001174 -0.000867 -0.000899 0.002169 -0.000613 
0.003284 -0.000460 -0.001559 -0.002797 -0.000637 -0.001287 -0.002287 -0.002643 
-0.004833 0.001499 -0.002451 0.001227 0.001069 -0.002211 0.000658 0.001769 
0.002200 0.000841 -0.001509 -0.004388 0.001757 0.000966 0.001068 -0.002128 
-0.001344 0.001451 0.003792 0.001386 -0.002066 0.003099 0.000753 0.003611 
-0.000300 -0.000688 0.000790 0.000494 0.000817 0.000008 -0.001224 -0.000539 
0.000238 0.000187 0.006072 -0.000163 -0.000197 -0.001449 0.000117 -0.001143 
-0.004201 -0.003050 0.001644 -0.002031 0.000219 -0.000317 0.003046 -0.001312 
0.003918 0.002570 0.003820 -0.001845 -0.000872 -0.002391 -0.001332 0.000299 
-0.002694 0.001273 -0.001315 -0.000667 -0.000148 0.002374 -0.003310 -0.000678 
0.007729 -0.000537 0.001001 0.001780 0.000984 0.002613 -0.002350 -0.000308 
-0.001640 -0.002032 -0.000326 0.001644 0.001530 0.001439 -0.001747 -0.001145 
0.005253 0.001780 -0.000478 -0.000016 -0.003824 0.005126 -0.000039 -0.001928 
-0.000997 0.000419 0.000852 -0.003368 0.001950 -0.001681 -0.001277 -0.002908 
0.008512 0.004510 -0.002669 -0.002324 -0.001045 0.001210 -0.000448 -0.006597 
0.002434 0.001398 -0.000919 -0.001913 0.000712 0.001036 0.001654 0.000213 
0.006100 -0.002117 -0.002518 0.000094 0.000025 0.006482 0.000635 -0.004893 
-0.003929 0.002141 -0.007125 -0.008945 -0.001651 0.004925 0.004751 -0.006932 
-0.002059 -0.004246 0.004539 -0.002881 0.005788 0.004636 -0.001140 0.000545 
-0.000817 -0.004009 0.000626 0.001168 -0.001994 0.002742 0.002229 0.000607 
-0.007262 0.001286 0.000661 -0.002363 0.000008 -0.001026 -0.000328 -0.004323 
0.001622 -0.003466 0.000951 0.000309 -0.002914 -0.000610 -0.000718 -0.000344 
-0.007999 -0.000620 -0.001368 -0.000004 -0.002978 0.000614 -0.002538 -0.002347 
0.000383 -0.000277 -0.002634 0.000212 -0.000109 0.002372 -0.001665 0.001963 
-0.004738 -0.000675 -0.000407 -0.000996 -0.002172 -0.000707 0.001565 0.001017 
0.000556 -0.001306 -0.003082 -0.001935 0.000578 -0.001755 0.004494 0.001366 
0.002113 0.001789 0.001142 0.003152 0.001971 0.000680 0.004921 0.000182 
-0.001024 -0.001117 -0.002029 0.000497 -0.000050 -0.001088 0.000628 -0.000123 
0.003784 -0.000816 0.000184 0.001908 -0.000408 -0.000355 0.001414 -0.003833 
-0.002247 0.001513 0.000860 0.001703 0.003593 0.005542 0.001685 -0.000079 
0.008283 -0.001020 -0.000192 -0.001833 -0.003096 0.000040 0.000356 -0.000005 
0.000786 0.001109 0.003008 -0.000213 0.000689 -0.000253 0.002128 -0.001134 
0.003675 0.002114 0.004733 0.000661 0.001349 0.000605 -0.000870 0.000972 
-0.002238 -0.000786 -0.002118 0.000291 0.003062 -0.001381 0.002346 -0.000974 
0.005394 -0.001743 -0.001002 0.002431 -0.003350 0.003121 0.000875 -0.003244 
-0.000808 0.004385 -0.001666 -0.000488 -0.000193 0.005734 -0.000424 -0.000373 
0.009560 0.003757 0.004875 -0.000110 -0.004683 0.001414 -0.000078 -0.005698 
0.038056 0.003294 -0.000205 0.002393 -0.003242 0.003624 -0.004055 0.001828 
0.015833 0.006813 0.003830 0.002014 -0.003265 0.000049 -0.000501 -0.000027 
-0.004850 -0.001967 0.001102 -0.000775 0.000407 0.003726 0.003729 -0.001398 
-0.019743 0.001967 0.000501 0.000000 -0.002081 0.000842 -0.001239 -0.001635 
-0.000985 -0.002970 -0.000270 -0.002172 -0.002517 0.000840 0.000358 -0.001491 
-0.012649 -0.000930 0.000589 -0.002812 0.002378 -0.003668 0.003125 0.000525 
0.000147 0.000204 -0.000463 -0.001888 -0.001069 -0.000092 -0.000643 -0.001674 
-0.004324 -0.001286 0.000095 -0.000093 -0.001122 -0.000379 -0.000730 -0.000160 
0.000140 -0.000188 -0.001670 -0.001653 0.000012 -0.000288 -0.002437 0.002131 
-0.000062 -0.000433 -0.000714 -0.000858 0.002548 0.001403 0.000950 0.000142 
-0.000026 0.003610 -0.000850 0.000748 0.001343 0.004557 0.004471 -0.002033 
0.005390 -0.003310 -0.000794 0.003278 0.002062 0.000219 -0.001834 -0.002089 
0.001824 0.002821 -0.003072 -0.000649 -0.004334 0.003676 0.000142 -0.000135 
0.011967 -0.002360 -0.000307 -0.002430 0.000138 0.004941 0.001463 0.000227 
0.001372 0.004608 -0.005213 -0.003615 -0.002864 -0.000268 -0.004031 -0.000776 
0.018104 -0.003686 0.000907 -0.003150 -0.001732 0.002999 0.001693 -0.004166 
0.004801 0.009389 -0.002144 -0.005906 -0.001691 0.005260 -0.000498 0.001391 
0.022972 -0.000607 -0.001962 -0.004530 -0.003150 0.005917 0.002764 0.001040 
0.006833 0.007332 -0.003565 -0.004790 -0.002856 0.000954 0.001533 -0.004244 
0.019263 -0.004738 -0.001535 -0.006314 -0.002447 0.006743 -0.002084 -0.001874 
0.013643 -0.002404 -0.005452 -0.001197 -0.001866 0.002646 0.004191 -0.004040 
0.015201 -0.005987 -0.006507 0.004974 -0.006717 0.002870 0.006670 -0.004858 
-0.011348 -0.005439 0.005755 -0.003450 0.001261 -0.000789 0.000891 0.001998 
-0.033526 -0.000469 0.002273 -0.000792 -0.000019 0.000547 -0.000683 -0.001211 
-0.004232 -0.005084 0.002305 0.000346 -0.002251 -0.000546 0.001243 -0.001698 
-0.024139 0.002228 0.001174 0.002662 -0.001212 -0.002806 0.000522 0.004952 
-0.003993 -0.000408 0.002910 0.000553 -0.000688 0.001714 0.000721 -0.000858 
-0.008810 0.002277 0.001063 -0.005082 0.003994 0.000948 0.000021 0.002836 
0.001913 -0.002559 0.001854 0.000935 -0.000493 0.001741 -0.001530 0.000119 
0.004977 -0.002274 0.000674 -0.007780 0.002719 -0.001395 0.001365 0.000567 
0.002807 0.005458 0.003806 -0.000891 -0.004004 0.001629 -0.005372 0.000769 
0.015573 -0.007018 0.002182 -0.006924 0.002297 0.000924 0.002743 -0.004133 
0.006849 0.001113 0.003044 -0.004023 -0.002609 0.004273 -0.001943 0.003151 
0.030559 -0.004649 0.001014 -0.009232 0.003904 0.000610 0.000196 -0.004549 
0.010368 0.004471 0.005425 0.000548 -0.009257 0.004133 -0.001256 0.004641 
0.035558 -0.007118 0.004201 -0.015811 0.004242 0.002134 0.001773 -0.000363 
0.010417 0.008922 0.002867 -0.000217 -0.008598 0.005459 -0.001981 -0.000913 
0.046270 -0.007419 0.007997 -0.014565 0.002458 -0.001807 -0.000257 -0.004611 
0.014853 0.010503 0.007206 -0.002626 -0.005563 0.002259 -0.004528 0.002386 
0.037647 -0.006900 0.012489 -0.018663 0.003428 0.003505 0.000399 -0.001464 
0.023219 0.026828 0.008796 -0.002178 -0.006931 0.009167 0.004107 -0.002150 
0.034962 -0.007564 0.010796 -0.019881 0.003574 0.002438 0.007368 -0.010239 
-0.011236 -0.008757 0.001566 0.003274 -0.006257 0.004652 0.002556 -0.000678 
-0.051251 0.001903 0.005220 -0.003617 0.002206 0.006166 -0.001599 -0.001695 
-0.007753 -0.008587 -0.003268 -0.000425 -0.006231 0.002236 0.002594 0.000430 
-0.033486 -0.001055 0.008046 -0.003191 0.004577 0.005238 0.001896 -0.000603 
-0.001291 -0.003123 -0.000532 0.002826 -0.006406 0.002980 0.002676 0.002065 
-0.012640 -0.003001 0.009634 -0.003711 0.001557 0.005451 0.001816 -0.002106 
0.000746 -0.003599 0.001082 0.001969 -0.009686 0.003539 0.005695 0.002203 
0.007148 -0.001803 0.009248 -0.004882 0.003333 0.005281 0.000449 -0.000208 
0.000947 -0.002888 0.000609 0.003953 -0.006354 0.007633 0.003389 0.003152 
0.021424 -0.003782 0.009705 -0.004852 0.007269 0.008687 0.001691 -0.000276 
0.005227 -0.000527 0.000507 0.006234 -0.011852 0.006438 0.002232 0.007071 
0.039982 -0.002538 0.014034 -0.008665 0.011237 0.011857 0.005115 -0.002080 
0.008367 -0.002392 -0.003668 0.002134 -0.011599 0.008839 -0.000782 0.004158 
0.051891 -0.001549 0.015838 -0.012912 0.014181 0.012731 0.008425 -0.004384 
0.012918 -0.000804 0.004364 -0.002548 -0.017067 0.013156 0.001231 0.002626 
0.061357 0.000284 0.024157 -0.013198 0.017088 0.016565 0.011520 -0.001221 
0.011573 0.010319 0.007215 -0.002113 -0.018081 0.017516 0.003469 0.009231 
0.067766 0.000710 0.032289 -0.008919 0.023298 0.015142 0.014058 -0.005429 
0.018854 -0.006127 -0.009869 0.002507 -0.012325 0.022515 -0.004962 0.013212 
0.050086 0.003681 0.036307 -0.021557 0.018656 0.032413 -0.000786 0.003453 
0.000261 0.010111 0.009893 -0.003516 0.000102 0.012513 0.016748 0.008307 
-0.031982 -0.037696 0.012271 -0.007335 0.020433 0.008834 -0.004336 -0.010296 
0.010325 0.001921 0.012628 -0.004299 0.004904 0.005215 0.015226 0.005942 
-0.013736 -0.040378 0.022077 -0.006229 0.019574 0.019757 0.002625 -0.008965 
0.004106 0.000697 0.015122 -0.011578 0.004709 0.001269 0.010572 0.011048 
0.012860 -0.036403 0.019357 -0.004382 0.026788 0.021894 -0.000993 -0.007697 
0.015183 0.005975 0.021142 -0.008838 0.002021 0.002362 0.021175 0.016337 
0.030932 -0.038603 0.027850 -0.002751 0.029351 0.023508 0.005656 -0.007342 
0.016159 0.002726 0.020565 -0.014874 0.002628 -0.001579 0.016562 0.020042 
0.053158 -0.045230 0.025230 -0.007574 0.030723 0.025834 0.001676 -0.003765 
0.012280 -0.007418 0.022077 -0.027670 -0.000229 -0.003301 0.019096 0.011273 
0.072871 -0.042966 0.037027 -0.000338 0.025797 0.038094 0.007388 0.000947 
0.017408 -0.003627 0.026301 -0.022500 0.009472 0.004172 0.019790 0.020429 
0.077117 -0.041468 0.037324 -0.004694 0.041743 0.030979 0.011346 -0.007693 
0.020575 -0.004984 0.025543 -0.026242 0.000690 -0.003510 0.027745 0.018239 
0.093445 -0.039413 0.038740 -0.007586 0.043303 0.043392 0.006906 -0.000093 
0.022812 -0.013586 0.018683 -0.015202 0.001629 -0.002766 0.011510 0.025800 
0.095053 -0.038526 0.043695 0.011548 0.035260 0.033509 0.013834 -0.002860 
-0.014772 -0.004509 0.040183 -0.028301 0.004295 -0.016502 0.021560 0.030408 
0.105015 -0.049054 0.058713 0.007667 0.042292 0.042876 0.009289 -0.018883 
-0.033427 -0.001060 0.002375 0.000498 -0.000064 -0.000161 0.001157 -0.000416 
0.013064 -0.004579 -0.003388 -0.001493 0.001337 0.000670 -0.000004 0.000725 
-0.032395 0.001462 0.000290 -0.001842 0.000203 0.000131 0.000502 -0.000617 
0.012189 0.003447 -0.003297 -0.000517 -0.000466 -0.002143 -0.000141 -0.001052 
-0.014648 -0.005040 0.000341 -0.001850 0.001177 0.001752 -0.000503 0.001813 
0.005124 0.000007 0.000357 -0.000519 -0.001257 0.000493 0.003349 -0.001091 
0.002920 0.002851 -0.000306 0.000016 -0.001479 -0.001411 -0.000715 0.000357 
-0.001761 -0.000515 -0.002521 0.003195 0.000707 0.000938 -0.001129 0.000289 
0.018873 0.001207 -0.001753 -0.000338 -0.000162 0.000474 -0.002271 -0.003375 
-0.010302 -0.002271 0.002549 0.000427 -0.001767 -0.000968 -0.000668 0.002426 
0.035259 -0.000081 -0.000565 -0.001854 -0.000076 -0.001143 -0.003305 0.001541 
-0.007734 -0.000361 -0.000809 0.001350 -0.000190 0.000158 0.000575 0.000588 
0.042913 0.003244 0.000390 0.000301 0.002320 0.002146 -0.001248 -0.002200 
-0.015391 -0.002090 -0.004995 -0.002098 -0.000798 -0.001096 -0.005306 -0.000930 
0.052040 0.003806 -0.000989 0.000844 -0.000226 0.000204 -0.000055 0.000038 
-0.016049 -0.002200 -0.002838 -0.001989 0.000925 0.000107 -0.001747 -0.000030 
0.030512 -0.003586 -0.000998 -0.000668 0.000388 0.001427 0.000433 -0.000857 
-0.017768 -0.000614 0.000453 0.003106 -0.001319 0.000922 0.000693 -0.001209 
-0.036672 -0.002606 -0.001450 -0.000941 0.003796 0.003588 -0.004568 -0.000626 
-0.005158 0.000435 0.002455 -0.001601 -0.000859 -0.001782 0.004290 0.002457 
-0.016864 -0.000245 0.003122 -0.001599 -0.001530 0.002457 0.002623 0.000407 
-0.007294 0.000464 -0.000209 0.003272 -0.002710 -0.001429 0.001978 0.003817 
-0.005516 0.003374 0.001558 0.002576 -0.001493 0.002699 0.003027 -0.003068 
-0.004566 0.004349 0.000416 -0.000253 0.001050 -0.000190 -0.001291 0.000872 
-0.003921 -0.000847 0.003158 -0.000378 0.003301 0.001866 0.002759 0.000823 
-0.005804 0.005024 0.000529 -0.000877 0.001990 -0.000169 -0.001384 0.002058 
-0.001861 -0.000822 0.004252 -0.004203 0.001794 0.002378 0.003368 -0.001133 
0.003055 0.005710 -0.003112 0.004394 -0.000860 -0.000475 -0.002660 0.004475 
0.001379 0.007024 0.004131 -0.001055 0.001118 0.001749 0.007179 0.000730 
0.001091 0.005693 -0.002835 0.001888 -0.000139 0.000201 -0.002924 0.001379 
0.007820 -0.000802 0.005921 0.001224 -0.001403 0.003846 0.008021 0.000694 
-0.001372 0.001923 -0.000916 0.003434 0.002985 0.004995 0.000722 0.002295 
0.009302 0.005472 0.002789 -0.005276 0.001896 0.006086 0.005827 0.000130 
0.004541 0.008208 -0.000434 -0.004512 0.001844 -0.002706 -0.001360 0.006098 
0.012055 0.002099 0.003122 -0.002620 0.006484 0.007088 0.014946 0.002765 
0.005826 0.006139 -0.000983 0.001087 0.007156 0.003978 -0.003130 -0.000413 
0.004034 0.017408 0.000838 -0.009128 0.005636 0.007370 0.017543 0.000565 
-0.000603 0.003396 0.001740 -0.001156 0.004138 0.002522 -0.007713 0.007674 
-0.025389 -0.004154 0.001231 -0.006303 0.014523 0.013579 0.014787 -0.006008 
0.002734 0.000386 -0.000725 0.006401 0.012103 -0.004454 -0.004867 0.006557 
-0.035874 -0.000839 0.000652 0.001345 -0.001234 -0.000839 -0.000223 0.001518 
0.011443 -0.004255 -0.001954 -0.000918 -0.000372 0.002005 -0.002318 -0.003142 
-0.033570 0.002235 0.001680 -0.002421 -0.004578 0.003996 -0.001509 -0.000834 
0.010917 0.002829 -0.003746 -0.001249 -0.003927 0.000992 0.001078 0.000760 
-0.015418 -0.006207 0.001808 -0.000913 0.001118 -0.000282 0.000124 0.001590 
0.003560 0.002285 0.001777 0.000718 0.000053 0.000308 0.003535 -0.001548 
0.002473 0.003258 -0.001423 0.000673 -0.000029 0.000502 0.000208 0.002028 
-0.001994 0.000582 -0.002735 0.002388 -0.000099 0.001683 -0.001950 -0.001266 
0.020233 0.000474 -0.000668 -0.001034 0.000580 0.003672 -0.001406 -0.001567 
-0.010156 -0.002390 0.002017 0.002508 0.000481 0.003034 -0.002588 0.002623 
0.036385 -0.000072 0.000651 -0.001917 0.000179 0.000507 -0.004298 0.001343 
-0.007292 -0.000544 -0.001416 0.000373 -0.000703 -0.000461 0.000529 0.001039 
0.044987 0.002906 0.000626 -0.000266 0.002081 0.000327 -0.000075 -0.001653 
-0.014553 -0.001185 -0.005674 -0.003002 -0.001257 -0.001611 -0.004438 -0.000417 
0.054663 0.004170 -0.000605 0.000726 0.000072 0.001635 -0.002210 0.002464 
-0.014974 -0.002296 -0.001663 -0.001176 0.000887 0.001418 -0.001855 0.000066 
0.031874 -0.003034 -0.000160 0.000193 0.000813 0.000610 0.000012 -0.000433 
-0.017209 -0.000215 -0.001048 0.002008 -0.001982 0.000180 0.002317 -0.002627 
-0.039378 -0.007901 -0.001374 0.000034 0.002569 0.002305 -0.005206 -0.001175 
-0.003476 0.000064 0.002664 -0.002643 -0.000986 -0.000870 0.004917 0.002965 
0.009632 0.000339 0.000199 -0.004974 -0.001285 -0.000499 -0.000174 0.002194 
0.041730 -0.000026 0.001889 -0.001035 -0.002345 0.002297 -0.000424 -0.001694 
0.004834 -0.000304 -0.001440 0.000019 -0.001541 -0.000180 0.001334 -0.000145 
0.022996 -0.001229 -0.001851 -0.001615 0.000884 -0.004550 0.003196 0.000745 
0.001039 0.001477 0.002480 -0.000118 0.000013 -0.002750 -0.000078 -0.002206 
0.010386 0.001043 0.001731 -0.000864 0.000599 0.001521 0.001344 0.000493 
-0.000226 -0.000116 -0.000744 -0.000078 -0.000930 -0.000076 -0.000064 -0.001507 
0.004775 0.001966 -0.001077 0.001747 0.000314 -0.001372 0.000477 -0.000711 
-0.001937 -0.000840 0.003228 -0.001640 -0.002190 0.000081 0.000738 -0.001421 
-0.010735 0.000954 0.003708 0.002011 -0.000030 -0.005534 0.000874 -0.000829 
-0.007513 -0.001912 -0.000774 -0.001841 0.000432 -0.005479 -0.001268 0.000074 
-0.020395 0.003021 -0.000054 -0.002275 0.002057 -0.011748 0.000155 0.001227 
-0.013776 -0.002882 -0.001282 0.001913 -0.003902 -0.008051 -0.000769 -0.003645 
-0.027829 0.002378 0.002184 -0.000292 0.002901 -0.027013 0.001371 -0.002330 
-0.005408 -0.005615 -0.003466 -0.002498 -0.010534 -0.017390 -0.008825 -0.003100 
-0.033091 0.000609 0.006849 -0.000983 0.003053 -0.036268 0.002989 0.003671 
0.000675 -0.005150 -0.005507 0.000668 -0.004739 -0.022383 -0.012761 0.002415 
-0.047540 0.000284 0.004477 -0.000296 0.009760 -0.048299 0.010226 0.004466 
-0.017044 -0.010669 0.008603 -0.011487 -0.021396 -0.027229 -0.020191 0.008212 
-0.058599 0.000784 0.000249 -0.004516 0.009599 -0.050719 0.016627 0.008750 
-0.000149 0.001156 -0.000082 -0.003612 -0.000759 0.001085 0.003272 0.002165 
0.012147 -0.002073 -0.003089 0.000302 0.000048 0.001226 -0.000031 0.000866 
0.006166 -0.000105 -0.003509 0.001729 -0.003210 0.001090 0.001255 0.003371 
0.005552 -0.003886 0.002741 -0.000578 0.000003 0.000241 0.001341 0.001499 
0.003006 -0.000356 0.000393 -0.001681 0.000111 -0.000889 -0.002192 -0.001821 
0.003110 -0.004677 0.000326 0.000553 0.001252 -0.001646 0.001173 -0.001553 
-0.003200 0.001912 0.001171 -0.002476 -0.000442 0.001602 -0.002373 0.000124 
-0.002390 -0.003238 0.005271 -0.002673 0.000863 0.000595 0.002388 0.002538 
-0.003970 0.006957 -0.002058 -0.001375 0.002797 0.000059 0.001916 0.000380 
-0.003557 -0.000962 0.000766 -0.002127 -0.001382 0.001458 0.001456 -0.001441 
-0.003145 0.000220 -0.002213 0.000677 -0.001286 0.000706 -0.002104 -0.000349 
-0.001343 -0.000605 0.001048 -0.000475 -0.001708 -0.001260 -0.002287 0.001192 
-0.006381 0.000294 0.001945 -0.000336 0.002585 -0.002451 -0.001567 -0.001379 
-0.005876 -0.002397 -0.001764 0.000544 -0.000832 -0.000353 -0.001961 0.002768 
-0.007354 -0.001523 -0.000364 -0.001256 0.002317 0.000597 0.001801 -0.000350 
-0.013464 -0.001017 -0.003846 -0.004340 -0.001519 -0.001163 0.001128 0.000994 
0.003705 -0.003581 -0.002313 0.000454 -0.000997 -0.001102 0.000935 0.001999 
-0.029587 -0.003024 0.000356 -0.003688 -0.001683 -0.006432 0.002335 0.000268 
0.008997 0.007777 0.005499 -0.006255 -0.001341 -0.005078 -0.005597 -0.003308 
-0.037525 -0.001445 -0.001686 0.002066 0.001349 -0.012989 0.001732 0.005902 
-0.034285 -0.000370 -0.001968 -0.001318 -0.002101 0.004189 0.001683 -0.000820 
0.030756 -0.004181 0.001674 0.003845 -0.003478 0.001493 -0.000768 -0.001908 
-0.015401 -0.000474 0.000470 0.001431 -0.001047 0.002376 -0.002476 -0.001630 
0.014605 -0.000916 0.001739 -0.002018 -0.000185 0.001588 0.001214 0.000281 
-0.006131 0.001700 -0.000570 -0.000592 0.000426 0.000405 -0.001411 0.000427 
0.011576 -0.002050 -0.000411 -0.001296 0.000530 -0.000726 -0.001527 0.001369 
0.000451 -0.002952 0.001283 -0.001028 -0.002413 0.000839 0.001609 0.001146 
-0.001898 -0.002610 0.002190 0.001540 -0.001145 -0.000358 0.000155 0.000303 
0.006944 -0.002743 -0.001914 -0.002562 -0.002345 -0.003166 -0.000351 0.001207 
-0.008573 0.001088 0.000612 -0.001446 -0.001276 0.003081 0.001083 -0.000883 
0.012566 -0.004037 -0.000715 -0.000380 0.003539 0.001809 -0.000585 0.001690 
-0.013167 -0.000272 -0.000923 0.001566 -0.000756 0.002647 0.000109 0.002410 
0.021404 0.000023 0.006677 -0.000147 0.002007 0.000063 -0.001717 0.001488 
-0.025361 -0.000007 0.001803 0.002358 0.001055 0.000351 0.000758 0.000576 
0.024347 -0.002249 -0.006045 -0.000127 0.000048 0.002485 -0.001666 -0.001967 
-0.028105 0.001931 0.003556 0.001205 0.002839 -0.001109 -0.001352 0.002814 
0.033123 -0.008953 -0.001003 -0.001972 0.001405 -0.002190 -0.000560 -0.000069 
-0.049108 -0.003880 0.002015 -0.000144 -0.000428 -0.005584 -0.003966 -0.001597 
0.077988 0.016029 -0.001746 -0.002191 0.003816 -0.000439 -0.001502 0.001638 
-0.047772 -0.004914 -0.002948 -0.000358 -0.000527 -0.007722 -0.002979 0.000133 
-0.003542 -0.001186 -0.000047 -0.001871 0.001302 -0.000625 -0.001696 -0.001965 
0.000541 0.002303 -0.001002 -0.000679 0.000301 -0.001097 -0.000147 0.000775 
-0.001740 -0.000195 -0.001638 0.000452 -0.000971 0.004237 0.000829 -0.004116 
-0.001427 -0.001646 0.001194 -0.002324 0.000020 -0.001624 0.000692 0.000450 
0.004684 -0.000226 -0.001009 -0.001396 -0.001121 -0.000662 0.000742 0.002187 
0.003072 -0.000105 0.000119 -0.002937 -0.002376 -0.000911 0.001204 0.003343 
-0.000308 0.000623 0.000650 0.002792 -0.000926 0.000947 -0.001377 -0.000087 
0.000442 0.000304 0.001123 0.003512 -0.001253 0.000599 -0.002003 -0.001740 
-0.001098 -0.000385 -0.001548 -0.001241 -0.000542 0.000464 0.000155 -0.002273 
0.000977 0.001117 -0.000437 -0.001839 0.001565 0.001933 0.002229 -0.002780 
0.004282 0.001136 -0.000678 -0.001437 -0.000200 0.003300 0.001268 0.000992 
0.000278 -0.000343 -0.000243 -0.002043 -0.003282 -0.000228 0.003133 -0.000055 
0.003154 0.001479 -0.001949 -0.000165 0.002561 0.001382 -0.002171 0.001347 
0.000025 -0.002186 -0.002040 -0.001909 0.001106 0.001753 0.001290 -0.000958 
0.001331 0.001416 -0.000935 0.001592 0.000615 0.001102 -0.000005 -0.000311 
0.001815 -0.000404 0.000322 0.001252 0.002205 0.001332 0.001240 -0.001355 
-0.007392 0.008134 -0.001341 -0.000530 -0.001059 0.001481 0.000385 -0.000696 
0.003297 0.000164 0.001336 -0.001882 0.000737 -0.001063 0.001212 0.000644 
0.035898 0.001467 0.000002 -0.000298 0.001597 -0.002211 0.001704 0.000635 
0.020521 0.001277 0.003840 0.001474 -0.002053 -0.004349 -0.000556 0.001331 
0.003448 0.003584 0.000336 -0.000258 0.000028 0.000408 0.001620 -0.001540 
-0.004788 -0.000829 0.002554 -0.000988 -0.000806 0.001966 0.001106 -0.001298 
0.001005 0.004356 -0.004032 0.001659 -0.000266 0.000953 0.000314 0.002419 
-0.003537 -0.000343 0.001159 -0.000596 -0.000874 0.000883 -0.002210 -0.001222 
0.001220 0.000028 -0.000615 0.001377 -0.000228 -0.002914 0.002239 0.000042 
0.003652 -0.002763 -0.000589 0.000215 0.001853 0.000074 -0.001395 -0.000260 
-0.000377 -0.005231 -0.002651 -0.001576 -0.001022 -0.000220 0.000324 0.001201 
0.001097 -0.005281 0.001584 0.002083 -0.001895 0.000167 -0.000851 0.003547 
0.003978 0.000726 0.000157 -0.000251 -0.000418 -0.000727 -0.000663 0.001529 
-0.003412 -0.000821 -0.001407 0.000065 0.001854 0.000374 0.001663 0.000055 
0.000130 -0.002707 -0.000006 -0.001393 -0.000507 0.001098 0.000052 0.000612 
0.002715 -0.002199 0.001303 -0.001640 -0.001713 0.004746 0.001120 -0.000283 
0.001797 -0.004439 0.000889 0.002575 0.000468 -0.001232 -0.003255 -0.000935 
0.001402 -0.005003 -0.000110 -0.001229 -0.000808 0.000160 0.001005 -0.001966 
-0.001423 0.000147 0.003172 -0.000503 0.000565 -0.004179 -0.000946 -0.003389 
0.003490 -0.006859 0.001719 -0.000737 0.001921 0.002620 -0.003037 -0.000528 
-0.004201 -0.006631 0.000383 -0.000990 -0.001011 -0.004610 -0.003061 0.000277 
0.000471 -0.005389 0.002914 -0.000376 0.000633 -0.000766 0.002488 -0.001162 
-0.021700 -0.004862 0.002060 -0.000705 0.002280 -0.004613 -0.000387 0.004025 
0.006864 -0.007415 0.003049 -0.004058 0.002414 -0.001386 -0.002521 -0.000635 
-0.018525 -0.000241 -0.000451 0.001429 0.002702 -0.003187 0.002752 0.000168 
0.037381 -0.003178 0.001559 -0.001154 0.001010 -0.000009 0.001033 0.001693 
-0.005271 -0.000261 0.001283 0.001907 -0.002040 -0.000581 0.001134 0.001465 
0.017769 -0.003835 0.001203 -0.000741 0.005244 0.002551 -0.000352 0.003454 
-0.000923 -0.001829 0.000545 -0.000141 0.002216 0.001154 0.001864 0.001324 
0.012325 0.000025 0.000577 0.001967 -0.001916 -0.001741 0.000833 0.000294 
-0.000021 0.000896 0.002344 -0.001202 -0.003716 -0.000336 -0.003529 0.000124 
-0.000758 -0.003040 -0.000915 0.000781 -0.002424 -0.001184 0.000878 0.005350 
0.002343 0.001277 -0.001518 -0.000178 0.001227 -0.002254 0.000467 -0.001495 
-0.011655 -0.003742 0.001095 0.000047 0.000762 0.002747 0.002084 0.000784 
0.006874 -0.002592 -0.000621 0.003053 0.000777 0.002115 -0.002203 0.002004 
-0.016276 -0.002801 0.001869 0.000232 -0.000319 0.002819 0.000947 -0.001584 
0.007542 -0.002172 -0.002543 -0.002371 0.000208 -0.002407 -0.000226 -0.000199 
-0.027408 -0.002763 -0.004272 -0.002464 0.002635 0.000885 0.002571 0.000397 
0.011445 -0.001444 0.000236 0.000624 0.000649 0.002122 0.002895 0.001540 
-0.033930 -0.003405 -0.001525 -0.000336 -0.001401 -0.002175 -0.002860 0.001345 
0.019281 0.002996 -0.003471 -0.000859 0.001560 -0.002140 0.000603 0.000589 
-0.059379 -0.002960 -0.000425 -0.001239 0.002413 0.001284 -0.000737 -0.002359 
0.041200 -0.014356 -0.001103 -0.001310 -0.000689 -0.001246 -0.005584 0.001305 
-0.062306 -0.006897 0.002671 0.000992 -0.002701 -0.000772 0.003311 -0.001184 
-0.009197 0.001488 -0.000502 -0.001399 -0.002266 0.001482 -0.001821 -0.001591 
0.012915 -0.001312 0.002418 -0.000747 -0.004299 -0.001096 0.000531 -0.000361 
-0.004198 0.000481 0.001382 -0.003732 0.003420 0.002174 -0.004076 0.003589 
0.006684 0.000085 0.002110 0.000138 -0.000838 -0.003628 -0.001023 -0.000769 
-0.002719 -0.000184 0.001379 0.001366 -0.001930 0.000725 0.000461 -0.002097 
0.006624 0.000995 -0.002369 0.000826 0.001597 -0.001065 -0.003606 -0.000081 
-0.003617 -0.000370 -0.001429 -0.000674 0.001263 0.001581 -0.000390 -0.001480 
-0.001941 -0.003361 0.002552 0.000136 0.000282 -0.003865 0.001270 -0.000212 
0.004888 -0.000305 0.002927 0.001805 -0.003097 0.002053 -0.002027 -0.002421 
-0.005924 0.000912 0.000893 0.000939 0.001916 -0.001892 -0.000005 0.001953 
0.003119 -0.003422 -0.001487 0.003501 -0.001788 0.002050 -0.001829 0.000470 
-0.006786 -0.002233 0.002945 0.000200 0.001704 -0.003494 0.002714 -0.000682 
0.005805 -0.003364 -0.002508 0.001039 0.000772 -0.002453 -0.000615 -0.001574 
-0.014406 -0.003818 0.003227 0.001862 0.001538 -0.007828 -0.001600 0.002988 
0.006103 0.000201 0.001542 -0.001735 0.003113 0.000770 -0.001373 -0.001330 
-0.010275 -0.000479 0.006226 -0.003236 0.000052 -0.003637 0.000758 -0.001438 
0.011312 -0.009573 -0.001376 -0.000029 0.001318 -0.007901 -0.001900 0.000534 
-0.020538 0.000614 0.005556 -0.001701 0.001488 -0.008926 0.000207 -0.003777 
0.036795 -0.025296 -0.000313 0.007091 0.002700 -0.000335 0.002911 0.005327 
-0.044468 -0.002209 0.013255 -0.007619 -0.003796 -0.007209 0.005293 -0.004719 
-0.022193 -0.000378 -0.002662 -0.001469 -0.001699 0.000494 -0.002123 -0.001333 
0.008098 -0.000002 0.001623 0.002841 -0.001614 -0.001919 0.000609 -0.000454 
-0.008316 0.001874 -0.004403 -0.002476 0.002134 0.000272 -0.001324 0.002911 
0.006436 0.003231 0.001435 0.002120 0.001427 0.001967 -0.002275 0.001741 
-0.006264 0.000534 -0.001872 -0.000102 0.000195 -0.000694 -0.001271 -0.000214 
0.006224 0.003188 -0.001247 -0.000366 0.001830 0.001283 -0.001963 -0.000936 
0.002938 0.000513 -0.000378 0.000819 -0.000655 -0.001107 0.000265 -0.002276 
0.000610 0.000028 -0.000100 -0.003177 0.002247 0.000191 0.003194 -0.002370 
0.006076 0.003537 0.001247 0.000614 -0.001075 -0.000246 -0.000781 0.003006 
-0.000740 -0.002091 0.001214 0.000314 -0.001654 -0.002054 -0.000396 0.000864 
0.009050 -0.002221 0.000066 -0.001029 0.003783 -0.002428 0.001302 -0.003087 
-0.005863 -0.002046 -0.000658 -0.001984 0.000043 -0.001188 0.002017 -0.001163 
0.014625 0.001347 0.000765 -0.001057 0.001678 -0.001339 -0.001471 0.002307 
-0.009756 0.001405 0.000438 -0.003544 0.002161 -0.001462 -0.000950 0.001906 
0.018873 -0.000164 -0.000212 -0.003838 -0.000793 0.002065 0.000934 -0.002860 
-0.013795 -0.000748 0.002461 -0.002148 0.002767 -0.003889 -0.002510 -0.001855 
0.014665 -0.007814 0.001074 0.002276 0.003817 -0.006069 -0.000157 0.000953 
-0.012689 -0.002442 0.001817 0.001770 0.002183 -0.008034 -0.001416 -0.003132 
0.082105 -0.020064 -0.004727 0.004503 0.010965 0.001229 -0.005563 0.002433 
-0.003324 0.005712 0.002668 -0.002229 -0.007269 -0.002575 0.001981 -0.000153 
-0.014800 -0.002562 0.003421 0.002171 -0.000650 -0.004978 -0.000837 0.002425 
0.010481 0.000121 0.001782 -0.001667 -0.000557 0.003460 -0.001788 -0.001873 
-0.007487 0.001580 -0.000944 -0.000507 -0.000004 0.000147 0.000790 0.000218 
0.008061 -0.002337 -0.000673 -0.001672 0.000946 0.002521 -0.001006 0.002754 
-0.003481 0.001269 0.001833 0.001148 0.001415 -0.000521 -0.002554 -0.001601 
0.005754 -0.002736 -0.000005 0.000045 0.001447 0.000987 -0.000375 -0.001010 
0.002165 -0.002026 0.001923 -0.002559 0.001213 -0.000364 -0.000213 -0.000543 
-0.001083 -0.000260 0.001673 0.000676 -0.000619 -0.002577 0.001682 -0.000850 
0.003029 0.000456 -0.000631 -0.000134 -0.001500 0.000776 0.002998 0.001834 
-0.006152 0.000435 0.002700 0.004431 -0.001886 -0.001113 -0.002293 0.000358 
0.005398 -0.001658 0.000172 -0.001590 -0.000289 -0.001411 0.001553 0.001336 
-0.010791 -0.004375 0.001970 0.002963 -0.004460 -0.005103 -0.002805 -0.001704 
0.013728 0.002862 0.000412 -0.000053 -0.000616 -0.000695 -0.000279 -0.001121 
-0.009086 -0.001439 -0.000728 -0.000919 0.000434 -0.007513 0.001454 0.000087 
0.009104 0.000178 -0.000727 0.001740 0.000294 -0.001479 -0.000112 -0.002906 
-0.011543 0.000317 0.004586 0.001441 0.000324 -0.008225 -0.002229 -0.002177 
0.019379 0.009122 0.005193 -0.002994 -0.004279 -0.005826 0.001643 -0.004431 
-0.006809 0.001446 0.001552 -0.004375 -0.000561 -0.010057 0.000907 0.001284 
0.034673 -0.035232 0.008735 0.005833 0.000526 -0.006519 -0.005345 0.001438 
-0.022890 0.004774 0.004220 -0.001558 -0.001861 -0.006290 -0.005795 0.011322 
-0.017028 0.002104 -0.000854 0.000380 -0.001895 0.003027 -0.001601 0.000417 
0.013833 0.000230 -0.001745 -0.001878 0.000620 0.002801 0.001458 0.002415 
-0.004559 -0.003918 0.001986 0.001624 0.001791 0.003901 0.001772 0.001230 
0.005415 -0.000823 -0.000409 -0.002296 0.001124 -0.002573 -0.000452 0.002618 
-0.003709 -0.002288 -0.000287 -0.000364 0.000111 0.004092 -0.001093 0.001741 
0.000297 0.001289 -0.001511 -0.001878 -0.002486 -0.001742 0.000004 -0.001456 
0.000981 -0.002308 0.001633 0.001461 -0.001750 -0.000943 -0.002829 -0.001025 
-0.001098 -0.000254 0.000520 0.000074 -0.002035 0.000129 0.000338 -0.003117 
0.002416 0.000290 -0.000384 -0.001699 0.001082 0.001960 -0.001118 0.001387 
-0.004700 -0.000584 0.000286 0.001576 -0.002193 -0.005139 -0.001187 -0.001387 
0.004576 -0.003466 0.002159 -0.000973 0.000473 -0.001051 -0.002055 -0.002887 
-0.004849 0.001017 0.002042 0.002878 0.001597 -0.000586 0.000481 -0.001277 
0.009360 -0.002333 0.000969 0.000562 0.003234 -0.001637 -0.004483 -0.000589 
-0.015654 0.002544 -0.002012 0.004589 0.001323 -0.006731 -0.002561 0.001218 
0.012604 -0.000035 -0.003332 0.001263 0.003813 -0.002734 -0.002687 0.000157 
-0.008783 -0.003205 0.001333 0.001521 -0.000221 -0.009154 -0.000447 0.002191 
0.016533 -0.007186 0.001010 0.001538 0.005848 -0.004197 -0.004800 -0.001843 
-0.023118 -0.000234 0.001048 -0.000930 -0.000381 -0.010220 -0.003029 -0.001447 
0.036520 0.001104 0.002191 0.001997 0.006669 -0.003122 -0.006646 -0.001319 
0.018817 0.013691 0.001339 -0.004413 -0.004368 -0.013146 -0.004276 0.000138 
-0.010844 0.002189 -0.003763 -0.000234 -0.002500 -0.000799 0.000637 -0.002738 
0.010487 0.003262 0.002437 -0.003757 -0.000188 0.001107 0.000573 -0.001690 
-0.004882 0.000932 0.001633 0.001464 0.000005 0.002166 -0.000396 0.000069 
0.008306 -0.003063 0.002124 -0.001926 -0.000243 -0.001386 -0.002408 0.000473 
-0.001113 -0.001353 0.000542 -0.001375 -0.000425 0.000520 -0.000758 -0.000330 
0.004103 -0.002549 0.002149 -0.000237 -0.001402 0.001941 -0.002544 -0.003192 
-0.000889 0.000937 0.001993 -0.000168 0.000498 -0.000259 0.000384 -0.002505 
-0.001107 0.000423 0.003534 0.002797 0.000848 0.000210 -0.000277 0.000309 
-0.000472 -0.001744 -0.004067 0.000705 0.000466 -0.000396 -0.001447 -0.000565 
-0.002156 -0.000785 0.002172 0.001435 -0.001484 -0.001645 -0.000041 -0.003535 
0.005925 0.001194 -0.002820 -0.000660 0.006033 0.000213 -0.004441 -0.000024 
-0.006785 0.000505 0.001089 0.000650 0.001513 -0.005392 -0.001686 0.006039 
0.011339 -0.001568 -0.001210 0.002182 0.003672 0.001616 -0.001172 -0.005097 
-0.012897 -0.003472 0.002176 0.002304 0.000887 -0.003901 0.000922 0.001435 
0.005323 -0.003484 -0.000486 0.002722 0.002386 -0.001446 -0.005641 -0.002752 
-0.008189 0.001976 0.003655 0.006738 -0.000011 -0.007843 -0.001805 0.000952 
0.003141 -0.001907 0.002182 0.004976 0.006757 -0.000513 -0.005717 0.002057 
-0.017409 0.003639 0.004844 0.002460 -0.004587 -0.006632 -0.004823 -0.002598 
0.037157 0.003389 -0.000501 -0.000117 -0.005038 0.001116 -0.010932 0.000587 
-0.026399 0.008241 0.005856 0.001523 -0.005688 -0.009671 -0.001166 0.006352 
-0.000735 0.002825 0.000401 -0.000670 -0.001199 0.000471 -0.000758 0.001502 
0.002818 0.003207 0.001928 -0.000814 -0.000494 -0.000734 -0.000343 -0.000875 
0.001687 -0.001948 -0.000525 0.003127 0.000762 0.004721 0.002173 -0.000448 
0.000783 -0.004422 0.000781 -0.001764 0.001602 0.000502 0.000020 0.002419 
-0.001528 0.002614 0.001561 0.001391 0.000835 -0.002067 0.003647 -0.000081 
0.001092 -0.000118 -0.002124 -0.000454 -0.001277 0.001101 -0.001674 0.002837 
0.000684 0.001762 -0.000534 0.000694 -0.001525 -0.000574 -0.000170 0.002405 
-0.001480 -0.001506 -0.000698 0.001437 0.000360 -0.000554 -0.003065 0.000948 
-0.001428 -0.002629 0.001396 0.000545 -0.000104 -0.001717 -0.002589 -0.000827 
-0.001985 0.001103 0.001061 -0.000717 -0.000489 -0.003680 0.002729 -0.001893 
-0.002164 0.001872 0.001675 0.001736 -0.002042 -0.000632 0.001162 -0.000641 
0.000819 -0.000559 0.000224 0.000837 -0.002150 -0.008427 0.002649 -0.000957 
0.000875 -0.003908 -0.005121 -0.000454 -0.000614 0.000177 -0.003476 0.002427 
-0.004808 -0.001033 0.002571 0.003602 -0.002222 -0.006552 -0.001809 0.001808 
-0.000438 -0.000320 -0.002488 -0.000518 0.004313 -0.000903 -0.000285 0.003748 
-0.001266 -0.002101 0.003067 -0.003747 -0.001475 -0.003195 -0.000661 -0.001955 
0.001498 -0.001358 -0.000277 0.001379 0.002435 -0.005347 -0.002498 0.004179 
-0.002551 -0.001021 0.002880 0.005811 -0.005506 -0.004998 0.003420 -0.000600 
0.026247 -0.001344 -0.003466 0.003906 0.005864 -0.006236 -0.003078 0.003054 
0.003691 -0.001288 0.007240 0.002687 -0.001016 -0.005949 0.005577 -0.003088 
-0.003255 0.000661 0.000191 0.001856 -0.001087 0.000245 -0.001565 0.001079 
-0.000674 -0.002395 0.000435 0.002807 -0.000525 0.002409 -0.002858 -0.000579 
0.001229 0.004017 -0.003654 0.000108 -0.000364 0.001623 -0.001210 -0.001999 
0.000636 -0.001320 -0.001927 -0.000258 0.000501 -0.001812 0.000275 0.002855 
0.002277 -0.002080 0.001783 -0.002455 0.002117 0.001418 0.002018 -0.000788 
0.001625 -0.001528 0.001007 -0.000422 -0.002365 0.000200 -0.000885 0.000991 
-0.001393 -0.000988 0.000312 -0.000579 -0.002939 0.001757 0.002104 -0.002526 
0.000879 0.001037 0.000858 -0.002871 -0.001170 0.003039 0.000072 0.003210 
-0.004520 -0.000438 0.001377 0.001405 -0.001656 -0.001366 0.000107 -0.001437 
0.000114 -0.000774 0.000902 0.000401 0.001879 0.000084 0.001563 0.000965 
-0.001680 -0.000171 0.000863 0.000504 -0.000195 0.000082 0.003421 -0.002950 
-0.000667 0.001046 0.000838 -0.000140 -0.002057 0.000400 0.000062 -0.001330 
0.000996 -0.002236 -0.001356 -0.002111 -0.000721 -0.001643 0.001698 -0.002191 
0.000217 0.003686 0.000565 -0.000836 0.003280 -0.000963 0.000387 0.001469 
-0.000232 0.004264 0.000832 0.000067 -0.006219 0.000640 -0.002706 -0.005093 
0.000191 0.000414 0.001642 -0.004420 0.000972 -0.004426 -0.001892 0.001507 
-0.000814 -0.005505 -0.000752 0.000367 -0.004701 -0.007350 -0.001174 -0.001230 
0.006343 -0.004110 0.001199 0.003112 0.001237 -0.001881 0.001398 0.002819 
0.003761 0.010939 0.005410 0.002254 -0.002364 -0.007719 0.003426 -0.005556 
0.012088 0.000662 0.007048 0.001749 0.001074 -0.007124 0.002863 0.003773 
-0.001878 0.001152 0.002272 0.000199 0.003752 0.001354 -0.000424 -0.000069 
-0.000922 0.002477 0.001194 0.001825 -0.002798 0.000940 -0.000036 0.003233 
0.001356 0.000158 -0.000264 -0.000602 0.001091 -0.002009 -0.000414 0.001402 
0.000531 0.001647 -0.001589 0.003436 -0.000232 0.001063 -0.002385 0.001021 
0.000617 -0.000836 0.001025 -0.001941 -0.000026 0.002253 -0.000037 0.000678 
-0.000321 0.001326 0.000297 -0.000605 0.001793 0.003579 0.000556 -0.000324 
-0.000757 0.001194 0.000436 0.000721 0.002566 0.000705 0.002240 0.002598 
0.002940 -0.002030 -0.000123 -0.000495 -0.001349 0.001339 0.000618 0.000761 
0.000011 0.003380 0.003015 -0.002457 0.002107 -0.000576 -0.000843 -0.000822 
0.002845 -0.001771 -0.000604 0.002385 0.000448 0.001708 0.001353 -0.001901 
0.003643 0.000646 -0.000599 0.000380 -0.000799 0.000936 -0.000869 -0.001976 
-0.005380 -0.000994 0.001570 0.001876 -0.001593 -0.003442 0.002820 -0.001889 
-0.002294 0.000899 0.000215 0.000977 0.000881 0.002503 0.001805 0.003914 
0.004365 -0.001837 0.006057 0.000058 -0.002122 -0.005618 -0.000140 -0.001103 
0.000167 0.000049 0.000554 0.002480 0.004099 0.002891 0.001682 -0.001656 
-0.002049 -0.000642 -0.001327 -0.003883 0.000497 -0.005757 -0.003637 -0.003058 
0.008648 0.006869 0.000976 -0.003412 -0.006272 -0.000530 -0.000189 0.002375 
0.005615 0.000317 -0.001380 -0.004655 -0.001963 -0.006778 0.002479 0.000822 
0.026498 -0.000407 0.003810 0.005313 0.005974 0.000439 -0.000602 0.000586 
0.029933 0.006537 0.000675 -0.001640 0.001552 -0.008345 0.002751 0.002563 
-0.002308 0.001577 0.002665 -0.000773 0.000438 -0.003530 -0.003341 -0.000587 
-0.000431 0.000610 0.002387 0.000066 -0.000348 -0.001553 -0.002108 0.000266 
-0.000281 -0.002334 -0.000562 -0.001747 0.000893 0.003676 0.000189 0.004592 
0.000700 -0.000350 -0.002372 -0.004228 -0.002236 -0.001294 -0.002050 -0.001294 
0.000022 -0.000264 0.000697 -0.000004 0.000457 -0.002636 0.001066 0.000114 
0.005825 -0.002780 -0.003339 0.000017 0.000163 -0.000898 -0.002360 -0.003056 
0.000336 -0.000894 0.000649 0.003941 0.000623 -0.001615 0.002730 0.000858 
-0.001411 0.000576 -0.000871 -0.000996 0.001261 0.004901 0.001709 0.001145 
0.000520 0.006022 0.001716 -0.001825 0.000182 -0.001892 -0.000620 0.000494 
-0.000584 0.000816 0.002843 -0.002424 -0.000368 -0.000726 -0.000495 0.001510 
0.001666 0.001978 -0.002882 0.002020 -0.001776 -0.001922 0.000932 -0.000252 
0.000240 0.002311 0.000260 0.001948 -0.002599 0.000416 -0.006875 -0.002283 
0.002582 0.003694 0.002657 0.000326 -0.000499 -0.002649 -0.000515 -0.001947 
-0.001568 -0.000674 0.002678 0.001816 -0.001767 -0.002763 -0.000792 0.000743 
-0.000304 0.002668 0.003235 0.001862 -0.003213 -0.000120 0.000893 -0.003205 
0.001570 -0.003639 0.001370 -0.005698 0.000958 -0.001233 -0.000909 0.001094 
-0.015527 0.010034 0.000388 0.000653 0.002263 -0.000784 -0.000256 -0.004678 
-0.004307 0.003028 0.001839 -0.004174 0.004406 -0.003345 -0.001288 0.003919 
0.018529 -0.026561 0.000627 0.005970 -0.000135 -0.003323 0.004622 -0.000405 
-0.016963 -0.003447 0.005231 -0.009201 -0.002619 -0.001135 0.003647 0.000750 
-0.006856 0.000571 0.000427 -0.000851 0.000527 0.000308 -0.000744 -0.001137 
-0.000737 0.003173 0.002018 0.001372 0.000174 0.000763 0.003903 0.003129 
-0.004093 0.000086 0.000071 -0.000765 0.001457 0.002128 0.000010 0.002955 
-0.003890 0.002227 -0.000854 0.002907 0.000013 -0.003358 -0.002375 -0.003222 
0.002968 0.000900 0.001827 -0.002008 0.000462 0.001966 -0.000471 -0.003238 
0.001311 -0.000283 -0.001233 0.000969 0.000741 -0.000905 0.001946 0.002902 
-0.002608 0.000607 -0.001807 0.001990 -0.001332 0.000074 0.001444 -0.001411 
-0.000228 0.001669 0.001746 0.000848 0.000256 -0.004352 -0.003623 0.001304 
-0.000956 0.000523 0.000610 0.001011 -0.001282 0.000998 0.003985 0.001217 
0.000381 -0.001582 -0.000810 0.002404 0.000514 -0.000149 0.002643 0.002330 
0.004365 0.000740 -0.000636 0.000456 -0.003476 -0.001374 -0.001011 -0.002248 
-0.000689 0.000259 0.002431 0.001238 0.001791 -0.001039 0.001376 0.001526 
0.003856 -0.001214 -0.000211 -0.000881 0.001051 -0.002853 0.000486 0.002939 
0.001148 -0.002043 0.001335 -0.002609 0.001368 -0.002244 -0.001229 0.000577 
0.006512 -0.001532 0.000625 -0.002805 -0.000163 -0.001614 -0.000887 -0.000880 
0.009402 -0.003302 0.001598 -0.006726 0.002763 -0.005333 -0.000163 -0.001294 
0.004674 -0.004044 0.000793 -0.000361 0.001907 -0.004450 -0.000894 0.000517 
0.005586 -0.001162 0.004345 -0.006327 0.000489 -0.006010 -0.004381 0.002103 
0.016853 0.006072 0.003519 -0.006067 0.004789 -0.009168 0.001364 -0.004355 
0.009690 -0.001426 0.003706 0.000644 -0.003560 -0.008573 -0.002089 0.004186 
-0.001077 0.004003 -0.000539 -0.000711 0.000996 0.000875 -0.000095 -0.000839 
-0.001646 0.002362 -0.001204 0.000213 0.001301 -0.002829 -0.000135 -0.002522 
-0.002326 0.000211 -0.001847 -0.000403 0.002336 -0.002027 0.000701 0.001142 
0.000894 0.001383 0.003390 -0.004083 0.001425 0.002038 -0.000704 0.001471 
-0.003673 0.001084 -0.000063 0.000529 -0.001158 0.002145 0.001174 0.002536 
-0.000196 0.000962 -0.001469 0.000349 -0.000744 -0.001233 -0.000840 0.001821 
0.000701 -0.000025 -0.002898 0.001251 0.001871 0.003411 -0.000905 0.001345 
-0.000102 0.000357 0.001288 0.000483 -0.001193 0.001284 -0.000367 0.002791 
0.001635 -0.000950 0.002269 -0.000595 -0.000857 -0.003751 0.004053 0.004185 
0.001798 0.001577 0.003936 -0.003191 0.001742 0.002565 -0.000239 -0.002080 
0.003940 -0.000204 0.001230 -0.001307 0.002531 0.002316 -0.002841 0.000561 
0.000898 -0.003402 -0.001523 -0.000781 -0.001374 -0.006492 0.000818 0.003121 
0.003135 -0.002916 -0.000463 -0.001920 0.003922 -0.001940 -0.000680 0.001941 
0.000997 0.000284 0.000571 0.000146 0.005190 -0.001963 0.001928 -0.001682 
0.000640 -0.001225 -0.000100 0.000366 0.003248 -0.006727 0.001508 0.002709 
-0.001451 0.001343 -0.000561 -0.001304 0.000027 -0.006357 -0.003468 -0.001459 
0.005011 -0.005572 0.005916 0.000232 0.002358 -0.006019 -0.002349 -0.000942 
0.004341 0.000130 0.001599 -0.005042 -0.000771 0.000438 0.004031 0.000332 
-0.005232 -0.013011 0.003321 0.001532 0.002177 -0.006432 -0.001889 0.003396 
-0.001646 0.002534 0.001260 0.001007 -0.001710 -0.003457 -0.002734 -0.001394 
-0.005993 0.002737 0.000690 0.000254 -0.001867 -0.002553 -0.000520 -0.002762 
0.005708 -0.003513 0.000487 -0.001832 0.005073 -0.001840 -0.001878 0.001571 
-0.001696 0.003113 0.001071 0.000478 -0.001935 -0.001903 0.002782 -0.000394 
0.001068 -0.003083 0.000979 -0.000070 0.001734 0.003832 -0.000861 0.001588 
0.000915 0.000205 0.001999 -0.000479 0.001237 -0.002432 0.000921 -0.001896 
0.001803 -0.001684 0.001162 -0.000673 -0.000310 -0.000317 -0.000488 -0.001072 
-0.001219 -0.004015 0.000423 -0.003317 -0.001902 -0.002375 -0.001670 0.000037 
0.001987 -0.000271 0.002754 -0.000457 0.000496 -0.000490 0.000369 0.001688 
0.003194 0.004849 -0.004537 -0.003268 -0.003285 -0.000272 -0.000749 -0.001846 
-0.003650 -0.000086 0.002158 -0.000424 -0.003592 -0.000685 0.001715 0.002639 
0.001501 -0.000170 0.007158 -0.001475 0.000260 0.000364 0.000693 -0.001295 
-0.000929 -0.000313 0.002049 -0.002309 -0.000761 -0.001296 0.000423 -0.001803 
0.007177 -0.004408 -0.002283 0.000583 -0.003291 -0.001789 -0.005944 -0.000249 
-0.006447 -0.003617 0.001130 -0.004946 -0.001549 -0.004538 -0.003857 -0.001393 
0.012077 -0.001000 0.004217 -0.000076 0.000704 -0.002655 -0.000769 0.000551 
-0.005581 -0.004981 0.003403 -0.000121 0.000236 0.003321 0.000499 -0.003782 
0.002549 0.002462 0.001883 -0.004749 -0.002340 -0.008537 -0.002753 0.000851 
-0.011970 -0.006370 0.004945 -0.003823 -0.002334 -0.000690 -0.002089 -0.002824 
-0.006983 -0.005167 0.004561 -0.004129 -0.003345 -0.001320 -0.003069 0.003927 
-0.023661 0.005669 0.003683 -0.004751 0.004719 -0.009978 -0.001946 0.005210 
-0.006404 -0.000716 0.000833 0.000855 0.001211 0.001271 0.002605 0.000069 
0.001031 -0.004924 0.003531 -0.003112 0.001313 -0.001314 -0.005759 -0.000391 
-0.004884 0.002550 0.001986 -0.001747 0.001256 -0.000049 0.000915 -0.001042 
0.003418 -0.005546 0.000699 -0.000364 0.003797 -0.003265 0.001888 -0.000273 
0.000077 0.001865 -0.001627 0.001450 -0.001217 -0.004531 0.002150 0.003101 
0.005421 -0.008531 0.000862 -0.004252 0.000642 -0.001298 -0.002518 0.001600 
-0.002808 0.002860 0.000863 0.001264 0.002444 0.000731 -0.004562 -0.000688 
0.000326 -0.012204 0.001102 -0.003072 -0.000901 -0.004582 -0.000689 0.002982 
0.004477 -0.003786 0.001389 -0.001113 0.000833 -0.002423 -0.003167 0.000004 
-0.003629 -0.011570 0.003983 -0.004795 0.001424 -0.002484 0.000209 -0.000488 
0.003554 -0.005059 0.000691 0.001708 -0.001221 0.002367 0.000660 0.002629 
-0.001301 -0.013954 0.002327 -0.003521 0.001201 -0.003312 0.001743 -0.002488 
0.008289 0.003103 -0.000037 0.004697 -0.004216 -0.003716 -0.000034 0.002323 
-0.005660 -0.016155 0.001148 -0.003328 -0.000803 -0.004069 -0.003606 -0.001580 
0.009549 0.001614 0.004728 0.002026 -0.002730 -0.000490 -0.000387 -0.001835 
-0.001218 -0.019434 -0.002083 -0.003930 0.006057 -0.005657 -0.002927 -0.001968 
0.006109 0.002448 0.003633 0.001883 -0.001103 -0.002165 -0.002262 0.005762 
-0.001715 -0.020717 0.001854 -0.005105 -0.001020 -0.011371 -0.005888 0.000759 
0.001487 -0.000052 0.005314 -0.001605 -0.001520 -0.010140 -0.002936 0.011537 
-0.000852 -0.020787 -0.000485 -0.010872 0.000735 -0.005146 -0.003624 -0.003025 
0.005024 0.002991 0.001996 0.004382 0.001027 0.000454 0.000082 0.001385 
-0.001562 -0.005023 0.003084 0.000061 -0.001489 -0.001809 -0.002395 0.001655 
-0.002958 0.001544 -0.000842 0.001345 0.001481 -0.000228 -0.002079 0.001262 
-0.002315 -0.007258 0.002452 -0.003263 0.003576 -0.001813 -0.003421 0.001734 
0.003364 0.001205 0.004065 0.004404 -0.001053 0.003069 0.001877 0.001015 
0.003149 -0.008617 0.001165 0.001313 -0.001235 -0.005015 -0.001441 -0.000289 
0.001289 -0.001183 -0.000248 0.001707 -0.003887 0.005453 -0.002058 0.000347 
-0.001502 -0.006955 0.003598 0.000399 0.002726 -0.004823 -0.002303 0.000664 
-0.000861 0.000392 0.005124 0.000381 0.000563 0.000746 0.001834 0.004412 
-0.000298 -0.008007 0.004115 0.000977 0.002699 -0.001357 -0.002439 0.004319 
0.004603 0.001436 0.001937 0.004683 -0.003710 0.000691 -0.001417 0.008206 
-0.002184 -0.010477 0.008668 -0.002893 0.008788 -0.007053 -0.003426 0.000032 
-0.005386 -0.005386 0.004351 0.002935 -0.002940 -0.001559 0.000216 0.005489 
0.000113 -0.017427 0.009193 -0.004600 0.009897 -0.006666 -0.002049 -0.000553 
-0.000796 -0.003711 0.013212 0.003202 -0.004565 -0.000297 0.002272 0.006903 
0.001836 -0.014983 0.014502 -0.001194 0.006227 -0.004323 -0.002407 0.003204 
0.012001 -0.008987 0.013825 0.007759 -0.014703 -0.002572 -0.003471 0.006993 
-0.004616 -0.011717 0.016140 -0.006372 0.010405 -0.010435 -0.002564 0.002124 
-0.008294 -0.012171 0.016757 0.014360 -0.000015 -0.000002 0.001307 0.014350 
0.016696 -0.024318 0.023482 -0.000476 0.002430 -0.003672 -0.016154 -0.002554 
0.024309 0.001018 0.000107 0.011569 -0.000276 -0.009453 -0.001734 0.001861 
-0.019602 -0.000119 0.013026 0.002068 -0.000348 0.013041 -0.007146 -0.007098 
0.012139 -0.002066 -0.005494 0.005914 0.003508 -0.023265 -0.000125 0.002895 
-0.016731 0.002146 0.015814 0.003085 0.001227 0.014408 -0.008592 -0.002335 
0.003152 -0.008964 -0.008487 0.010622 0.003128 -0.026166 -0.003064 0.007349 
-0.015898 -0.000182 0.020020 -0.001076 0.006983 0.017383 -0.014592 -0.004644 
0.003076 -0.011378 -0.010470 0.015033 0.005202 -0.025187 0.000107 -0.002435 
-0.010499 0.002192 0.020328 0.002825 -0.000068 0.021901 -0.008804 -0.008923 
-0.001794 -0.012736 -0.008644 0.017464 0.001989 -0.033307 -0.003582 0.001783 
-0.020305 -0.003456 0.024907 0.003211 -0.000777 0.024181 -0.015065 -0.005648 
-0.012512 -0.023624 -0.012657 0.006896 -0.002829 -0.028239 -0.007980 0.003121 
-0.015402 0.002878 0.031584 0.008301 0.007487 0.026466 -0.015449 -0.003477 
-0.010617 -0.022743 -0.006360 0.015537 -0.000951 -0.035173 0.000069 -0.002180 
-0.013420 -0.002000 0.030728 0.001312 0.002224 0.037353 -0.023725 -0.001143 
-0.013174 -0.024297 -0.009560 0.010268 0.009814 -0.026845 0.004784 -0.002869 
-0.007069 -0.006256 0.045384 0.009768 0.013030 0.040682 -0.016392 0.004448 
-0.025111 -0.014709 -0.012079 0.016646 -0.007643 -0.018368 0.004291 -0.004282 
-0.009242 0.010822 0.036938 0.000189 0.005307 0.038795 -0.028464 -0.002907 
-0.002309 -0.026540 -0.025576 0.010500 0.015792 -0.014718 -0.023487 0.011368 
0.012224 0.004834 0.046384 -0.010152 -0.004094 0.046161 -0.011276 -0.030167 
