0.592366 1.165834
0.472670 1.164623
0.471193 1.213413
0.478845 1.230087
0.495986 1.218273
0.504297 1.186504
0.499948 1.136046
0.470295 1.081255
0.429189 1.039031
0.536572 1.108948
0.399211 1.365192
0.425965 1.414328
0.490464 1.402891
0.553549 1.378719
0.578678 1.337438
0.590600 1.276317
0.613543 1.196123
0.560543 1.143042
0.487860 1.122811
0.780078 1.241667
0.012216 0.909053
0.018226 0.951755
0.019648 0.974132
0.021278 0.979417
0.016820 0.978329
0.022184 0.969134
0.024440 0.966002
0.010104 0.954882
0.020006 0.920614
-0.009205 1.032492
0.009767 0.911524
0.009546 0.956314
0.006133 0.975061
0.002207 0.985030
-0.002698 0.984499
-0.011310 0.978008
-0.029998 0.970958
-0.028208 0.974627
-0.022394 0.983933
-0.103296 0.968996
0.585620 1.166448
0.463746 1.162768
0.459688 1.210225
0.464690 1.227565
0.480762 1.213681
0.486373 1.181592
0.480379 1.131325
0.454113 1.075671
0.412125 1.029003
0.527711 1.100257
0.392388 1.362114
0.416922 1.407907
0.478650 1.395387
0.538779 1.370113
0.563464 1.328975
0.575473 1.266481
0.601328 1.188812
0.549438 1.137126
0.476214 1.116288
0.771870 1.237323
0.038354 0.720881
-0.023604 0.699334
-0.057466 0.697967
-0.076614 0.693614
-0.097290 0.695515
-0.112238 0.693525
-0.124834 0.694068
-0.131865 0.697889
-0.128141 0.694597
-0.097665 0.750032
-0.076742 0.693302
-0.106652 0.708468
-0.150358 0.707803
-0.193293 0.709761
-0.233815 0.714057
-0.260283 0.712884
-0.294489 0.718959
-0.320512 0.717144
-0.330858 0.701944
-0.336056 0.704718
0.034154 0.715563
-0.024439 0.698018
-0.055928 0.697238
-0.075268 0.692558
-0.098129 0.689841
-0.118106 0.692662
-0.138595 0.697865
-0.127666 0.696695
-0.106618 0.715806
-0.219302 0.715929
-0.024299 0.694718
-0.033823 0.705535
-0.046271 0.702124
-0.054934 0.697191
-0.072773 0.696570
-0.079284 0.693237
-0.089599 0.688879
-0.097248 0.688010
-0.127706 0.670131
-0.164454 0.768081
0.006697 0.698454
0.017907 0.696033
0.027199 0.701174
0.034322 0.705981
0.039140 0.715472
0.037335 0.708125
0.055661 0.700124
0.048212 0.695074
0.071209 0.677311
-0.027726 0.762648
-0.017819 0.694032
-0.031097 0.694005
-0.037933 0.701536
-0.045530 0.710868
-0.047765 0.712646
-0.054864 0.712599
-0.070339 0.707220
-0.072540 0.691892
-0.071880 0.663358
-0.139630 0.752811
0.004953 0.696336
0.005481 0.716821
0.017247 0.755737
0.016411 0.795337
0.023696 0.810487
0.025243 0.817693
0.028679 0.797051
0.024512 0.757416
0.038225 0.733888
-0.051665 0.833862
-0.012133 0.692702
-0.017178 0.713786
-0.020360 0.757378
-0.029954 0.789925
-0.028488 0.813856
-0.034810 0.818754
-0.043591 0.796968
-0.032467 0.751109
-0.011774 0.728909
-0.034431 0.751513
0.017426 0.705685
0.023731 0.740559
0.026483 0.790819
0.030747 0.831236
0.022526 0.844504
0.020111 0.839925
0.021229 0.798642
0.015033 0.753326
0.011665 0.726451
-0.007962 0.734898
0.053279 0.700469
0.065715 0.733074
0.061614 0.781785
0.051248 0.824957
0.037032 0.841823
0.020331 0.834698
0.003695 0.794223
-0.002674 0.758055
0.000853 0.729474
-0.038679 0.862347
0.040066 0.667917
0.002343 0.694093
-0.012894 0.744000
-0.024522 0.773720
-0.041050 0.783147
-0.058909 0.767551
-0.063450 0.726807
-0.068764 0.684072
-0.035498 0.655656
-0.184525 0.787767
-0.023903 0.654425
-0.046655 0.696139
-0.075634 0.745382
-0.107708 0.774433
-0.136654 0.780918
-0.162772 0.760807
-0.198381 0.717785
-0.207996 0.670177
-0.215000 0.628211
-0.288070 0.697551
0.006335 0.709505
0.006616 0.705602
0.007053 0.704874
0.012840 0.703132
0.004976 0.703796
0.008762 0.701069
0.007822 0.696904
0.010973 0.701974
0.002679 0.687268
0.046574 0.728819
-0.010905 0.703173
-0.013611 0.708526
-0.020863 0.709010
-0.021723 0.704644
-0.020193 0.709147
-0.035074 0.704846
-0.035914 0.703261
-0.039647 0.696999
-0.052052 0.673665
-0.105550 0.764750
0.001400 0.708276
0.010805 0.705078
0.011363 0.705896
0.015373 0.708413
0.020907 0.705685
0.020080 0.700292
0.031879 0.699418
0.024979 0.697647
0.023579 0.687745
0.016682 0.706128
-0.012515 0.702994
-0.013583 0.705788
-0.018207 0.705474
-0.017994 0.706231
-0.021164 0.707515
-0.027181 0.708574
-0.035438 0.705263
-0.027669 0.698617
-0.030145 0.693242
0.047272 0.687115
0.003129 0.707673
0.010806 0.705330
0.014993 0.705357
0.018459 0.707027
0.021903 0.707546
0.020935 0.708163
0.029827 0.707933
0.030056 0.702917
0.038992 0.707167
-0.070174 0.657943
-0.012518 0.703537
-0.018503 0.705760
-0.012700 0.707377
-0.021088 0.708827
-0.023048 0.703253
-0.022472 0.707130
-0.028768 0.705190
-0.032316 0.702402
-0.031576 0.686753
0.015767 0.694680
0.004878 0.706945
0.008909 0.704250
0.012869 0.709575
0.013307 0.706595
0.016941 0.712334
0.022297 0.710126
0.029958 0.704987
0.018549 0.697466
0.058175 0.692057
-0.026415 0.684881
-0.009810 0.704461
-0.015566 0.708609
-0.020146 0.706368
-0.018353 0.710551
-0.020689 0.711850
-0.018981 0.713648
-0.029589 0.705876
-0.028880 0.705281
-0.007381 0.716887
-0.163928 0.693563
0.005236 0.707208
0.003123 0.705750
0.012437 0.709332
0.016983 0.710201
0.020879 0.715201
0.009880 0.712000
0.022908 0.711740
0.020655 0.700813
0.038259 0.697731
-0.050328 0.665475
-0.009208 0.703330
-0.010949 0.705642
-0.011308 0.709083
-0.019349 0.710248
-0.020873 0.710906
-0.015791 0.718836
-0.025164 0.712470
-0.031815 0.704501
-0.035352 0.722997
-0.103831 0.779804
0.000733 0.706045
0.003526 0.707806
0.009133 0.711108
0.009412 0.717458
0.019800 0.716231
0.016915 0.721013
0.022439 0.714681
0.018372 0.719168
0.035581 0.704157
0.001794 0.701605
-0.008447 0.704407
-0.008845 0.705421
-0.012115 0.709878
-0.011566 0.713228
-0.018741 0.713717
-0.013547 0.720903
-0.019165 0.716423
-0.017818 0.712705
0.007617 0.719419
0.051494 0.674288
0.000618 0.707133
0.001621 0.707845
0.006742 0.713449
0.008221 0.721507
0.006050 0.722011
0.009443 0.725681
0.009318 0.722397
0.010774 0.712604
0.004663 0.704055
0.047196 0.698780
-0.005159 0.703480
-0.012360 0.706766
-0.008525 0.714352
-0.013461 0.716689
-0.011109 0.722379
-0.018536 0.725116
-0.020764 0.723298
-0.008819 0.713819
-0.010298 0.716264
-0.001498 0.713207
0.001101 0.709207
0.000481 0.709911
0.002344 0.714285
0.001244 0.724245
0.006826 0.726921
0.010407 0.728882
0.010683 0.725016
0.008069 0.713671
0.005964 0.705121
-0.064652 0.787771
-0.010949 0.702397
-0.009280 0.706943
-0.006360 0.717690
-0.017520 0.720859
-0.012322 0.724625
-0.014443 0.732511
-0.020763 0.724442
-0.011277 0.709703
-0.037297 0.735518
-0.025445 0.886399
0.008324 0.707487
0.000409 0.710910
0.011796 0.719388
0.004897 0.725911
0.008245 0.730652
0.006536 0.734639
0.009111 0.730879
0.006012 0.724144
0.017003 0.737775
-0.037375 0.778834
0.001073 0.702638
0.004616 0.709780
0.000494 0.716335
-0.005020 0.724746
-0.007507 0.730647
-0.011131 0.729782
-0.016829 0.725525
-0.011536 0.716074
0.022715 0.706264
-0.050529 0.702554
0.006424 0.706037
0.007655 0.710091
0.007679 0.719870
0.012612 0.729553
0.012159 0.738814
0.010600 0.733807
0.012408 0.730254
0.013539 0.715115
0.021660 0.710852
-0.107430 0.714656
-0.014765 0.706510
-0.014810 0.708673
-0.018192 0.722191
-0.017114 0.726812
-0.013849 0.736756
-0.020695 0.735588
-0.021239 0.729935
-0.023393 0.726221
-0.009835 0.720246
-0.107721 0.769202
0.005475 0.706959
0.005906 0.711702
0.007058 0.720235
0.006015 0.731332
0.003572 0.737460
0.007609 0.732571
0.003929 0.727222
0.003069 0.717839
-0.016560 0.713515
-0.001467 0.726226
-0.009508 0.704285
-0.008447 0.712411
-0.009658 0.724547
-0.011607 0.731949
-0.017450 0.736927
-0.016830 0.735813
-0.020031 0.731342
-0.027827 0.715803
-0.039337 0.713451
-0.049412 0.734470
0.006803 0.710033
0.009722 0.718564
0.010526 0.726646
0.013792 0.734985
0.008034 0.738830
0.003658 0.739656
0.007099 0.731571
0.008842 0.716959
0.004998 0.704209
-0.002765 0.781131
0.020118 0.700728
0.017262 0.706644
0.012027 0.715843
0.006414 0.727551
0.005441 0.735110
-0.003783 0.731862
-0.014866 0.726861
-0.002682 0.717681
-0.004498 0.709439
-0.049734 0.779565
0.026124 0.713570
0.024402 0.720189
0.024123 0.726479
0.030033 0.736899
0.026538 0.736875
0.021874 0.736463
0.019808 0.726737
0.020656 0.718822
0.018965 0.721710
-0.034263 0.742992
0.056326 0.699390
0.051434 0.705603
0.044597 0.718567
0.039670 0.723889
0.029864 0.730024
0.019338 0.728741
0.018330 0.721927
0.008976 0.715442
0.021115 0.708603
-0.085519 0.714440
0.007377 0.708480
0.006257 0.713265
0.006417 0.720537
0.003818 0.726684
0.000688 0.733240
-0.004509 0.728704
0.002167 0.726097
-0.011242 0.718803
0.007577 0.702520
-0.015636 0.715897
0.084661 0.702514
0.078812 0.708832
0.068986 0.716524
0.055731 0.726129
0.047183 0.727416
0.028315 0.729418
0.017701 0.718472
0.013631 0.718788
0.031516 0.707629
0.083164 0.759957
0.033131 0.706840
0.035756 0.707163
0.032740 0.709263
0.039991 0.714477
0.027259 0.715701
0.035019 0.713123
0.034409 0.718394
0.028482 0.708714
0.051949 0.721663
0.000939 0.715810
0.131523 0.695267
0.115768 0.699368
0.103519 0.703155
0.089656 0.704471
0.071400 0.705951
0.071555 0.707404
0.051356 0.700714
0.040607 0.703897
0.030384 0.697979
0.055209 0.678757
0.199661 0.865969
0.217675 0.875693
0.194169 0.875303
0.172010 0.864204
0.142325 0.861838
0.134370 0.848064
0.123268 0.835646
0.104293 0.843366
0.091526 0.854419
0.118209 0.832880
1.432369 2.130926
1.199943 1.812554
1.193252 1.784721
1.228291 1.801404
1.245604 1.817426
1.270518 1.838341
1.286901 1.864055
1.194777 1.846110
0.974742 1.769184
1.558638 1.843128
-0.005115 0.901725
-0.005586 0.955061
-0.008069 0.978771
-0.011846 0.980744
-0.015589 0.976445
-0.022763 0.975733
-0.017708 0.963999
-0.028645 0.962592
-0.032232 0.958900
0.039922 0.889775
-0.004588 0.897860
-0.000631 0.947198
-0.004963 0.968781
-0.001457 0.981052
-0.004053 0.975957
-0.009911 0.965981
-0.019837 0.959477
-0.004482 0.956721
-0.001567 0.968482
-0.094161 0.922430
0.197889 0.868229
0.214438 0.880000
0.189876 0.881797
0.166798 0.873007
0.135709 0.869497
0.126508 0.857545
0.115899 0.845858
0.095380 0.853287
0.082647 0.866750
0.124552 0.827340
1.420458 2.118718
1.183242 1.794580
1.170068 1.761465
1.200218 1.773641
1.212346 1.784050
1.231897 1.799942
1.244352 1.821627
1.157562 1.807015
0.944093 1.732229
1.480329 1.760242
0.038489 0.717798
-0.021270 0.701971
-0.038383 0.698390
-0.062704 0.697227
-0.069042 0.697144
-0.085527 0.695429
-0.087206 0.692907
-0.091855 0.690265
-0.103893 0.693383
-0.012603 0.643653
-0.019418 0.701634
0.000917 0.714172
0.005834 0.711971
0.007488 0.712764
0.009272 0.711446
0.009765 0.706829
0.012884 0.707863
0.013962 0.702579
-0.003368 0.696618
0.039279 0.703208
0.037676 0.716004
-0.024883 0.711395
-0.053396 0.711063
-0.072876 0.711102
-0.094828 0.714001
-0.117126 0.716665
-0.135408 0.715598
-0.142277 0.715739
-0.089057 0.703070
-0.206486 0.653226
-0.022276 0.706472
0.001677 0.713165
0.004737 0.715799
0.008827 0.715707
0.015158 0.714422
0.016428 0.715158
0.023219 0.703330
0.020513 0.702615
0.031895 0.698131
-0.047636 0.756067
0.012783 0.707889
-0.001901 0.709544
-0.003713 0.706670
-0.008922 0.706559
-0.009297 0.709452
-0.022279 0.708542
-0.019489 0.706086
-0.026781 0.697641
-0.026309 0.706281
0.042212 0.685076
0.004761 0.708385
0.013478 0.709709
0.018105 0.708892
0.022661 0.711466
0.028963 0.708864
0.032856 0.710002
0.036757 0.705196
0.038787 0.701309
0.038101 0.707045
-0.073152 0.727263
0.007360 0.706295
0.008385 0.704431
0.004254 0.704180
0.008221 0.707499
0.007230 0.708918
0.008216 0.709179
0.008903 0.702052
0.003325 0.709057
0.031354 0.705710
-0.033380 0.715893
0.001708 0.706560
0.003172 0.703357
0.006525 0.705286
0.000284 0.705109
0.001984 0.710869
-0.003253 0.708690
-0.000454 0.706746
0.000963 0.703493
0.007933 0.716913
0.008177 0.745764
0.014712 0.702755
0.019334 0.701356
0.017179 0.700170
0.020479 0.704418
0.024368 0.709641
0.018642 0.710304
0.018872 0.709673
0.019013 0.704489
0.003437 0.729108
0.037560 0.685822
-0.009602 0.708780
-0.019114 0.704780
-0.017035 0.704087
-0.017808 0.705786
-0.016119 0.709823
-0.015703 0.712091
-0.010498 0.710502
-0.022346 0.710041
-0.022346 0.722511
0.008371 0.782374
0.048301 0.713648
-0.008159 0.703614
-0.032383 0.709160
-0.050658 0.717422
-0.064864 0.719043
-0.091726 0.714978
-0.101821 0.713128
-0.114887 0.704684
-0.079694 0.717853
-0.095166 0.719104
-0.017442 0.705314
0.001804 0.704447
0.010875 0.711594
0.013097 0.718870
0.022086 0.722058
0.023435 0.714898
0.033324 0.702604
0.031498 0.697856
0.035124 0.706888
-0.044399 0.745153
0.007267 0.705772
-0.002006 0.706688
-0.000427 0.706483
-0.004332 0.704057
-0.011463 0.704987
-0.010949 0.706176
-0.008320 0.702535
-0.014582 0.702379
-0.023097 0.697136
0.024814 0.638372
0.001004 0.710003
0.005298 0.709671
0.008633 0.707266
0.009391 0.706976
0.009741 0.707196
0.014606 0.707929
0.016181 0.707045
0.020193 0.698333
0.014198 0.729594
-0.049480 0.741750
0.008954 0.706323
-0.001506 0.705502
-0.000298 0.707034
-0.005974 0.707764
-0.004893 0.704700
-0.015509 0.705720
-0.008446 0.702394
-0.015974 0.702527
-0.025096 0.707775
0.083732 0.733103
0.005585 0.710373
0.007614 0.709802
0.007233 0.708814
0.006732 0.709813
0.008879 0.706410
0.015817 0.705480
0.013467 0.705011
0.018621 0.710772
0.003979 0.697088
0.033251 0.674785
0.005991 0.706228
-0.000117 0.709363
-0.002835 0.705180
0.000728 0.704907
-0.000910 0.706159
-0.007726 0.702943
-0.007492 0.703959
-0.012378 0.698295
-0.006613 0.692222
0.002674 0.718007
0.002434 0.707940
0.003179 0.708209
0.008689 0.709194
0.010432 0.708633
0.011503 0.707150
0.011351 0.708720
0.019386 0.702581
0.012814 0.704020
0.007850 0.695958
-0.118179 0.697331
0.003162 0.707309
-0.003145 0.709866
-0.002996 0.707897
-0.003660 0.706834
-0.004202 0.704532
-0.005761 0.708293
-0.011431 0.703093
-0.012560 0.702992
0.017302 0.692553
0.058506 0.703155
0.007662 0.708878
0.004208 0.708153
0.009153 0.709113
0.007772 0.706836
0.021929 0.708352
0.015223 0.706462
0.014720 0.705431
0.018804 0.706665
0.032141 0.701176
-0.023112 0.708545
0.005878 0.708162
0.000973 0.708299
-0.001319 0.705417
-0.005524 0.707088
-0.000227 0.704652
-0.008248 0.708605
-0.008298 0.708521
-0.003660 0.706560
-0.018692 0.709596
-0.042321 0.705133
0.002324 0.706464
0.009645 0.706257
0.005675 0.707396
0.015725 0.706745
0.014151 0.707158
0.016004 0.709222
0.019129 0.706594
0.015606 0.697324
0.026116 0.701471
-0.008776 0.629381
0.004451 0.706528
0.002514 0.707546
0.003539 0.704508
0.003069 0.709074
0.003808 0.708692
0.004236 0.707279
0.005601 0.705138
0.003794 0.708031
0.017059 0.700263
-0.029516 0.744350
0.000940 0.707857
0.000820 0.707829
0.005951 0.710026
-0.000562 0.703517
-0.000472 0.709146
0.003390 0.707036
-0.006978 0.707531
0.000535 0.704468
-0.005032 0.713929
0.015473 0.687727
0.004686 0.705862
0.005042 0.706022
-0.001863 0.707698
0.006388 0.705746
-0.000976 0.705507
-0.000856 0.705880
0.005917 0.705479
-0.007765 0.717867
0.010428 0.703100
-0.047674 0.753406
-0.003237 0.708152
0.001119 0.707249
0.000006 0.708455
0.000459 0.708375
-0.001143 0.708300
-0.006782 0.708709
0.005206 0.707763
0.001601 0.700333
0.013235 0.709707
0.036298 0.662937
0.007018 0.705747
0.006484 0.705608
0.000883 0.705862
0.001764 0.707924
0.004888 0.708038
0.004101 0.711055
-0.001181 0.704125
0.011056 0.713096
-0.011557 0.705091
0.070689 0.645668
-0.000884 0.708408
0.000627 0.706947
0.000566 0.708464
-0.002214 0.704206
0.000533 0.707725
-0.003338 0.705423
0.002658 0.705534
-0.000287 0.711468
0.012270 0.704901
0.039606 0.667432
0.007964 0.706432
0.005198 0.707106
0.004715 0.705688
0.004188 0.707928
0.006264 0.708127
0.006837 0.709106
0.008539 0.707483
0.000690 0.703424
0.035417 0.708507
-0.061179 0.700852
0.000302 0.707376
0.001421 0.706229
0.001231 0.708050
-0.002851 0.703397
0.001657 0.708191
-0.003779 0.707719
-0.004738 0.707583
-0.000286 0.707249
-0.019194 0.699240
-0.101667 0.701411
-0.000275 0.705465
-0.000637 0.707100
-0.000030 0.707424
0.001746 0.706421
0.000847 0.708570
0.006954 0.708183
0.002139 0.706298
-0.003766 0.708025
0.016006 0.693587
0.012663 0.727088
0.005963 0.708609
0.004024 0.706458
0.008483 0.705248
0.005757 0.705502
0.002448 0.710637
0.004657 0.709913
0.002045 0.712271
0.004105 0.707364
0.012210 0.709131
-0.018040 0.735649
0.004811 0.705871
0.002206 0.705277
-0.004916 0.704105
-0.003689 0.704974
0.001984 0.705550
0.000664 0.703619
-0.001986 0.708267
0.007634 0.703110
0.006179 0.731580
0.047593 0.673252
0.001718 0.708369
-0.001575 0.707833
0.000679 0.708072
0.000755 0.707378
0.004251 0.706738
-0.001132 0.710643
-0.000668 0.708129
-0.005119 0.706982
-0.018707 0.712125
0.070983 0.774411
0.016494 0.705247
0.018263 0.702684
0.016994 0.704495
0.015050 0.708693
0.013556 0.703674
0.011171 0.711603
0.009140 0.703830
0.011391 0.703938
-0.002019 0.719118
-0.038401 0.719171
-0.006598 0.707973
-0.009561 0.707260
-0.005171 0.707731
-0.005886 0.706108
-0.003728 0.709867
-0.004580 0.709451
0.003007 0.709718
-0.007172 0.710717
-0.000133 0.698833
0.022441 0.768531
0.021827 0.704564
0.021350 0.707596
0.018965 0.704696
0.028023 0.707411
0.020735 0.707739
0.015987 0.710725
0.018093 0.711703
0.009006 0.704918
-0.011576 0.710632
0.088154 0.734060
-0.012586 0.707924
-0.016038 0.707293
-0.014638 0.707689
-0.011996 0.708133
-0.014392 0.709131
-0.010675 0.707458
-0.008137 0.706027
-0.007874 0.708885
-0.012432 0.707767
0.040598 0.701342
0.001824 0.705338
0.004453 0.705887
0.008353 0.706379
0.002026 0.706525
0.010324 0.708226
0.007769 0.707190
0.007013 0.706117
0.010756 0.708572
-0.000031 0.708338
-0.019613 0.670431
-0.004465 0.708266
-0.007876 0.706540
-0.006721 0.707046
-0.005110 0.707747
-0.004041 0.704886
-0.001216 0.710313
-0.000749 0.710723
-0.006440 0.707844
-0.009723 0.716303
-0.140478 0.706651
-0.000965 0.695739
-0.000063 0.698509
-0.001361 0.696194
0.005048 0.699093
0.011819 0.699958
0.009645 0.701218
0.025437 0.700776
0.011833 0.700967
0.034342 0.698737
-0.024929 0.698958
-0.046020 0.718072
-0.046290 0.714040
-0.050670 0.714901
-0.049390 0.714784
-0.051639 0.713937
-0.052826 0.713589
-0.054126 0.715069
-0.069921 0.705531
-0.033893 0.707107
0.024323 0.749422
-0.262413 0.009279 0.068995 -0.036932 0.011778 -0.000108 -0.002793 0.001046 
-0.250224 0.248538 -0.067271 0.010772 0.004734 -0.004204 -0.001196 0.002889 
-0.080558 0.012041 0.042052 -0.003857 0.001408 -0.003265 -0.005849 -0.002412 
-0.228136 0.163125 -0.015287 0.021178 0.005041 0.005391 0.007001 0.006606 
-0.103478 -0.007062 0.040854 -0.005383 0.004254 0.000404 0.000833 -0.002587 
-0.213184 0.140637 -0.012682 0.011666 0.002304 0.000044 -0.000324 0.001442 
-0.130601 -0.041262 0.039954 -0.010080 0.008015 -0.002876 -0.001775 0.004942 
-0.244050 0.134453 -0.002691 0.005106 0.001398 -0.001968 0.003341 -0.000192 
-0.167782 -0.060711 0.053066 -0.010449 0.008674 -0.004833 0.003258 -0.000739 
-0.250551 0.136567 0.007373 0.000246 0.000240 -0.004195 -0.002485 -0.001344 
-0.196083 -0.092503 0.079640 -0.010485 0.000364 0.000824 0.002064 -0.003182 
-0.267559 0.159302 0.017408 -0.018652 0.009994 -0.000976 -0.000295 -0.000591 
-0.196407 -0.109569 0.094210 -0.017386 -0.000904 -0.001635 0.002253 -0.001125 
-0.278270 0.190759 0.036925 -0.031409 0.012731 0.002551 0.000121 0.004126 
-0.162172 -0.101624 0.097626 -0.029978 0.002029 -0.006211 -0.001183 -0.002935 
-0.260914 0.238315 0.039879 -0.019212 0.013389 -0.001293 -0.002893 -0.002320 
-0.090649 -0.061423 0.089753 -0.050517 -0.015293 -0.019578 -0.007979 -0.006722 
-0.225533 0.310376 0.068985 0.015368 0.027121 0.003617 -0.003299 -0.005262 
-0.045286 -0.190778 0.285331 0.028911 -0.102201 0.019213 0.017355 -0.020521 
-0.435436 0.345903 0.160370 -0.143456 0.044091 0.065734 -0.013387 -0.005237 
0.002352 -0.009752 0.000644 -0.001997 -0.001151 -0.006668 0.003651 -0.001543 
-0.023779 -0.005223 0.001875 -0.003837 0.003460 -0.001374 -0.002875 -0.002798 
0.000933 -0.002260 -0.001765 0.001166 -0.002309 0.001913 0.000117 -0.004153 
-0.017555 0.001676 0.001541 -0.002198 0.002354 0.000464 0.001673 0.000301 
0.005234 -0.004831 -0.003368 -0.001260 -0.000564 -0.002726 -0.006676 -0.003461 
-0.007883 -0.001424 0.000961 0.001988 0.004546 -0.000080 -0.002667 0.001936 
0.001874 0.001258 -0.002206 -0.002383 -0.002883 -0.000140 -0.000622 -0.004430 
0.002002 -0.002982 0.001472 -0.001575 -0.003006 0.003118 -0.002129 -0.001624 
0.002636 0.002117 -0.009582 0.005756 0.002544 -0.002625 0.004690 -0.001158 
0.000125 -0.000034 0.002523 -0.000473 0.006889 -0.001564 -0.000560 0.002015 
0.000140 0.000387 -0.004547 -0.003466 -0.003488 0.001928 -0.002454 0.000670 
0.015318 -0.004814 0.001863 0.001174 0.002049 -0.001516 -0.004808 0.004589 
-0.006619 0.000278 -0.002708 0.007599 -0.002003 0.002861 -0.000543 -0.000986 
0.019075 -0.000294 -0.005259 0.007561 0.004843 -0.001894 -0.003484 -0.001509 
-0.004289 0.014594 -0.000697 0.008511 -0.004942 0.002395 0.002173 -0.005611 
0.028791 -0.005790 -0.003931 0.002315 0.004965 -0.001671 -0.001281 0.003484 
0.024948 0.028712 0.000174 -0.000671 -0.005033 0.004356 0.000727 -0.012770 
-0.006817 -0.002975 -0.005772 0.006826 -0.001474 -0.002132 -0.001170 0.000629 
-0.049342 0.000299 -0.004694 -0.002030 -0.001051 -0.003528 0.001376 -0.004711 
0.011338 -0.000519 -0.003941 0.006382 0.000518 -0.001101 0.004924 0.010942 
-0.272321 0.009306 0.066466 -0.035877 0.010345 -0.000556 -0.000178 -0.000773 
-0.257338 0.239991 -0.064352 0.009721 0.005707 -0.002675 -0.000952 0.002137 
-0.087751 0.009374 0.042002 -0.005675 0.004177 -0.001389 -0.000037 0.000762 
-0.232920 0.154908 -0.016415 0.019031 0.005874 0.004796 0.004578 -0.001417 
-0.105679 -0.008396 0.037617 -0.003847 0.002856 0.001637 0.000481 -0.001885 
-0.214963 0.133930 -0.013453 0.011379 0.002418 0.001472 0.002800 0.001626 
-0.128889 -0.041131 0.038980 -0.007400 0.005831 -0.001593 0.002139 0.001085 
-0.242831 0.129487 -0.002199 0.005268 0.000941 -0.000074 0.004432 -0.003772 
-0.162943 -0.059579 0.049187 -0.009005 0.007495 -0.004487 0.000288 -0.000195 
-0.246749 0.132595 0.005931 -0.000032 -0.000055 -0.003093 0.002578 -0.001632 
-0.186373 -0.093125 0.076612 -0.010885 -0.001174 -0.000503 0.002881 -0.002030 
-0.264259 0.152200 0.018499 -0.016821 0.007135 0.000994 -0.002548 0.001286 
-0.184795 -0.112434 0.090203 -0.014843 -0.000673 -0.000354 0.001328 0.000437 
-0.273943 0.183733 0.039203 -0.029374 0.005285 0.003803 0.002477 0.002509 
-0.150275 -0.100866 0.093453 -0.026070 0.002615 -0.006719 -0.000289 -0.000217 
-0.257662 0.229201 0.041459 -0.017463 0.014757 -0.001350 0.000075 -0.001147 
-0.084441 -0.058178 0.081908 -0.050253 -0.013542 -0.020035 -0.008210 -0.006003 
-0.217723 0.303744 0.067299 0.018728 0.024458 0.003832 -0.001075 -0.003641 
-0.040631 -0.157910 0.272976 0.017484 -0.076666 0.016416 0.004549 -0.019834 
-0.418260 0.349281 0.147056 -0.111778 0.052430 0.051336 -0.006513 -0.000372 
-0.180282 -0.055292 0.020457 0.005043 -0.005361 0.005454 -0.002384 -0.003011 
-0.192635 0.048229 0.006190 -0.006658 0.003247 0.000327 -0.000320 0.003753 
-0.071842 -0.014206 -0.002800 -0.003460 0.004022 0.002788 -0.000722 -0.001968 
-0.132967 0.015665 0.003397 0.004186 0.002405 -0.001571 0.000816 0.000136 
-0.016512 -0.006349 0.002031 -0.000383 -0.000115 0.000976 -0.002471 -0.005146 
-0.066315 0.005295 0.000598 -0.004754 -0.001207 0.001687 0.000191 0.004011 
0.034791 0.006411 -0.005438 -0.005054 0.003361 -0.000707 -0.001674 0.002189 
0.011196 0.003631 0.002099 -0.001387 0.000905 -0.002133 -0.001726 0.002637 
0.079954 0.018780 -0.001922 -0.003973 0.000586 -0.003222 0.000253 0.002705 
0.069618 0.013697 0.003636 0.000395 -0.002275 -0.003175 0.000927 0.000175 
0.113267 0.015237 -0.003669 -0.007807 -0.001837 -0.001578 0.003223 0.005268 
0.113386 0.017605 0.002501 -0.005943 -0.008585 -0.006704 0.001536 0.007279 
0.141534 0.017784 -0.011911 -0.010174 0.000465 0.006408 0.002929 0.007208 
0.146723 0.027561 0.012128 -0.008570 -0.006743 -0.008141 0.004235 0.005168 
0.152602 0.035506 0.002050 -0.005249 0.012036 0.018401 0.010077 0.011672 
0.148530 0.030817 0.011898 -0.010680 -0.010959 -0.007568 0.011965 0.009492 
0.188870 0.044639 0.016842 0.007575 0.020800 0.027261 0.016100 0.024838 
0.137964 0.032719 0.014267 0.000186 -0.008375 -0.009557 0.012949 0.023073 
0.183446 0.089132 0.075409 0.062902 0.081003 0.068379 0.062134 0.054051 
0.056149 -0.004412 0.007284 -0.014159 -0.006580 -0.005204 -0.003693 -0.012933 
-0.161335 -0.002339 0.001486 -0.000697 0.001914 0.003546 -0.001790 -0.002205 
-0.057577 0.015431 -0.000684 -0.002283 0.002376 -0.000820 -0.000198 0.006440 
-0.052363 0.005264 0.002952 0.000243 -0.002004 -0.000494 -0.003541 0.001005 
-0.040394 0.007980 -0.003097 -0.000313 0.000427 -0.001979 0.003716 0.002239 
0.018203 0.011211 0.001586 0.003133 -0.003631 -0.003658 0.000926 0.003009 
-0.015104 0.003164 -0.000792 0.001857 0.003116 0.006039 -0.002013 0.001738 
0.075513 0.018607 -0.002999 0.000384 0.000696 -0.004415 0.000227 0.003836 
0.005213 0.004937 0.002854 -0.003036 -0.000986 0.001848 0.000132 0.002944 
0.134657 0.024456 0.004037 0.003895 0.003293 -0.001448 0.000819 0.004612 
0.026632 0.009244 0.000919 -0.002183 -0.002691 0.000035 -0.000621 -0.001293 
0.177678 0.030994 0.005841 0.004839 -0.001469 -0.000324 0.001942 0.006564 
0.035351 0.006555 -0.000023 -0.000517 -0.002022 -0.005184 0.003504 0.002670 
0.225482 0.040693 0.005696 0.000443 0.001877 0.000497 0.004765 0.003930 
0.052201 0.018296 0.002488 0.000392 0.000224 -0.000924 -0.003554 0.000547 
0.245118 0.045742 0.011068 0.005125 0.000486 -0.002666 -0.004708 0.000706 
0.061182 0.016205 0.001901 0.003483 0.003121 0.002317 0.002563 0.001126 
0.255393 0.068326 0.024194 0.009330 0.005603 0.003536 0.005697 -0.001189 
0.041076 0.010543 0.005727 0.000402 0.002512 0.006161 0.000411 -0.000638 
0.263123 0.057680 0.035144 0.024662 0.025014 0.025423 0.025242 0.025322 
0.100280 0.018758 0.004320 -0.005679 -0.014822 -0.012822 -0.012649 -0.010547 
0.039674 -0.009836 -0.002028 0.001610 -0.000088 -0.001706 0.002061 -0.000273 
-0.047119 0.000912 0.006905 -0.000381 0.000666 -0.002655 0.003270 -0.003662 
0.021818 -0.002383 -0.000595 -0.002641 0.000558 -0.001144 -0.004026 0.000513 
-0.024196 0.004369 0.000808 -0.000144 0.004885 0.000534 -0.006238 -0.003626 
0.018982 0.002132 0.002913 -0.000957 -0.000934 0.003105 0.004572 0.005345 
-0.011742 0.001949 0.002964 -0.001296 -0.000281 0.006049 -0.003731 -0.002087 
0.006215 0.004275 0.001846 0.003069 0.000903 -0.001125 -0.000456 0.001463 
0.010360 0.000826 0.002786 -0.006855 0.005068 0.002703 0.000409 0.000739 
-0.016155 0.001244 0.000624 -0.003787 -0.002214 0.005775 -0.001689 -0.000517 
0.012207 0.001373 -0.002234 0.004192 0.000275 -0.000214 -0.000660 -0.004023 
-0.016333 0.009874 0.003234 0.003373 0.000226 -0.000669 0.000841 -0.000157 
0.022824 0.000782 0.007221 -0.006086 -0.001272 -0.000261 0.000942 -0.002130 
-0.019818 0.000805 -0.000138 -0.000613 0.001571 -0.004283 -0.002538 -0.000327 
0.049723 0.004243 0.002434 -0.003854 -0.001435 -0.000372 -0.001140 -0.004233 
-0.025633 -0.007062 0.003705 -0.006172 0.002540 0.003130 -0.002863 -0.001746 
0.054243 0.000589 -0.002135 0.003635 -0.002889 0.000913 -0.004976 0.000777 
-0.041682 -0.004157 0.004601 -0.002186 -0.000339 0.003562 -0.005813 -0.000893 
0.076786 -0.008234 0.001262 0.007914 -0.001838 -0.000461 0.002392 -0.000210 
0.016621 -0.016722 -0.001726 0.004143 0.006354 -0.001184 -0.007709 -0.001954 
0.052207 0.000759 -0.002538 0.000890 0.003968 0.005163 0.001438 -0.005457 
0.019128 0.000248 -0.000782 0.002947 -0.001093 -0.003802 -0.002368 -0.003474 
-0.018985 -0.001876 0.000921 0.002670 0.000353 -0.001239 -0.000181 0.005576 
0.012520 -0.001327 0.001139 -0.002454 -0.001897 -0.002961 0.003392 -0.003852 
-0.010346 -0.002371 -0.003986 0.003722 -0.002402 0.001409 -0.001632 -0.000987 
0.006383 0.005217 0.001292 0.003037 0.002141 0.000435 0.001774 -0.001165 
-0.000687 0.001600 -0.000207 -0.003876 0.001086 -0.000564 -0.006594 0.001973 
0.008875 -0.001946 0.000134 -0.000173 -0.000860 0.000980 0.001466 0.004436 
0.003522 -0.000592 0.001065 -0.000129 -0.000175 0.000229 -0.001326 -0.003345 
0.000677 0.001437 0.001426 -0.000793 -0.002126 -0.001059 -0.002062 0.000528 
0.011804 0.000080 -0.003630 0.003164 -0.002670 0.000773 -0.001117 -0.002806 
-0.012729 0.004100 0.000118 0.002450 -0.000441 0.002573 0.000730 -0.000517 
0.009654 -0.001625 0.004212 -0.002542 0.002318 0.002700 -0.000863 -0.000369 
-0.015992 0.003579 -0.000129 0.003015 0.000735 -0.001269 -0.001201 -0.001654 
0.026955 -0.003257 0.004805 -0.000999 0.000631 -0.000603 -0.000185 -0.004527 
-0.004586 0.005179 0.002847 -0.000190 -0.005781 -0.001554 0.004125 -0.000496 
0.026863 -0.002773 0.003954 -0.002257 0.000393 0.002773 -0.000419 -0.002542 
-0.029560 0.030663 -0.001755 0.003583 0.000350 -0.000294 -0.000870 0.001022 
-0.008542 -0.002606 -0.000302 -0.003858 0.000281 0.001977 0.000685 0.002212 
0.004485 -0.114355 -0.005589 0.015808 0.004077 -0.003941 0.001641 -0.001246 
0.078594 -0.000506 -0.016692 -0.002856 0.006761 0.005358 0.000145 -0.005838 
0.002135 -0.003682 0.000795 0.002652 -0.000990 0.000948 0.002555 -0.001925 
-0.037900 -0.003134 0.001748 0.002741 -0.001342 -0.000220 -0.001327 -0.001308 
-0.002111 0.000034 -0.000305 -0.003557 0.001149 -0.001852 0.000502 0.000527 
-0.027561 -0.000476 0.000677 0.002150 -0.000017 0.004005 0.000243 0.000392 
0.005611 -0.004073 0.002239 -0.002367 0.001201 -0.002909 0.001294 -0.000094 
-0.010562 -0.004370 -0.002514 -0.000841 -0.000297 -0.001551 -0.002675 0.000696 
0.003255 0.001998 -0.000122 -0.001125 0.002805 -0.001560 -0.003862 0.001650 
0.009609 -0.004916 0.001737 0.001211 0.000498 0.000226 -0.002476 -0.000587 
0.007280 0.001846 0.001107 -0.005481 0.001925 -0.001984 -0.001319 0.000248 
0.024944 -0.004446 0.003931 0.001049 0.000991 0.000807 -0.000108 0.001297 
0.001309 0.002576 -0.000900 0.001617 0.002274 0.001243 -0.004470 0.000655 
0.037037 -0.002049 0.006498 0.000884 -0.001344 0.000375 0.000855 0.002445 
0.004862 -0.002549 -0.000845 -0.000042 -0.005883 -0.002277 -0.000480 0.004204 
0.044972 -0.005459 0.003134 -0.002359 0.000900 -0.005468 0.001896 -0.003674 
0.004431 0.011495 -0.003758 0.001483 -0.004554 -0.002340 0.003706 0.001932 
0.059586 -0.002722 -0.000184 -0.002121 -0.001505 0.000218 -0.003450 0.001468 
-0.013514 -0.004809 -0.001196 -0.004305 -0.006349 0.004775 0.000208 0.002523 
0.078946 -0.008593 0.002220 -0.003273 0.001174 0.000772 0.002092 -0.005567 
0.035952 0.130439 0.005123 0.010916 -0.005315 -0.002518 -0.001593 0.005100 
0.058010 0.006246 0.018278 -0.013086 0.007435 0.003193 0.011205 0.003406 
-0.106569 -0.017110 0.001491 0.001080 0.003243 0.000337 -0.001845 -0.001120 
-0.150702 0.022800 0.001669 0.005740 0.001389 -0.000266 0.001991 -0.001246 
-0.029686 -0.001143 0.003566 0.000524 -0.002574 0.000105 -0.003509 -0.005915 
-0.088476 0.003513 -0.003004 0.002067 0.001197 0.000237 0.000405 -0.001818 
0.017901 0.003853 0.000990 0.001929 -0.002110 -0.000184 0.001825 -0.000448 
-0.036272 -0.003303 0.002478 -0.003575 -0.002780 0.004840 -0.003668 0.000681 
0.052713 0.001791 -0.004019 -0.001023 -0.001225 -0.002758 -0.002341 -0.002710 
0.020862 0.003756 0.002685 0.003353 -0.000483 0.001183 -0.000073 -0.005736 
0.087124 0.005545 -0.003422 -0.000848 -0.003204 -0.000945 0.002025 0.000041 
0.059279 0.006380 -0.000984 0.001242 -0.001368 -0.004627 -0.000991 -0.000339 
0.123050 0.002696 -0.002542 -0.001192 -0.002631 -0.001643 0.000064 -0.001424 
0.100013 0.019316 0.007853 0.000925 0.000148 -0.002618 0.002475 0.003111 
0.164028 0.006550 0.002635 -0.000488 -0.002129 0.001537 -0.001381 0.001072 
0.151408 0.030697 0.001937 -0.001088 -0.002060 -0.000516 -0.002671 -0.001285 
0.194651 0.006421 -0.003296 0.001118 -0.003426 0.000678 0.002193 0.000170 
0.174404 0.044203 0.008412 0.000262 0.001739 -0.000568 -0.003279 -0.002430 
0.197810 0.012599 -0.001726 -0.001659 0.000577 -0.000408 -0.001021 -0.000186 
0.170381 0.044320 0.006570 -0.000091 0.001731 -0.003277 -0.000520 -0.001978 
0.248279 0.086762 0.025059 0.012723 0.014187 0.013018 0.011519 0.005647 
0.199978 0.055403 0.026945 -0.000081 -0.003384 0.000621 -0.000897 0.005015 
0.004532 -0.007519 0.003794 0.001336 -0.001670 0.000780 -0.004247 0.003283 
-0.025494 0.002921 -0.002084 -0.002968 -0.002025 -0.002599 0.001272 -0.003786 
0.000154 -0.000410 -0.002001 0.002037 0.002616 0.003499 0.003910 0.000956 
-0.012047 0.001432 0.002191 0.004925 -0.001535 0.001490 0.000392 0.001282 
0.003111 -0.000615 -0.003807 -0.002559 -0.000768 0.004810 0.001354 0.003909 
-0.004250 0.006296 -0.003724 -0.002380 -0.001980 0.001131 0.001715 -0.001659 
-0.002311 -0.002557 -0.004279 0.004393 0.000161 0.001160 0.002787 -0.001144 
-0.001184 -0.003223 0.005066 0.000530 0.000709 -0.006128 0.004868 -0.003152 
0.004567 0.003006 0.000626 0.000078 0.002710 0.001407 -0.000830 -0.004373 
0.004586 0.009055 -0.000720 -0.000017 0.002991 0.001453 -0.002868 -0.000898 
0.004024 0.000681 0.000278 0.001300 0.001619 0.003220 0.001888 0.001415 
0.018465 0.002526 -0.003795 0.001100 0.003129 0.000898 -0.000513 -0.004643 
0.007300 0.000723 0.000476 0.000068 0.001121 0.003382 0.001419 0.002600 
0.028780 -0.000130 -0.003810 0.002823 0.004525 -0.002272 0.002501 0.000019 
0.007205 -0.002909 0.004342 -0.002121 0.002698 0.004344 -0.002596 0.004194 
0.025509 0.004539 -0.001866 0.002799 -0.002171 0.005880 -0.005170 -0.000027 
0.017970 0.011415 -0.009683 -0.007587 0.009679 -0.001106 -0.000817 -0.001362 
0.033085 0.004741 -0.003075 0.000327 -0.001976 0.002360 0.005503 0.001257 
0.030968 0.197498 0.010366 0.039956 0.004333 0.005778 0.008845 -0.003795 
0.052232 -0.006062 0.025814 -0.019326 0.008860 0.004818 0.015530 -0.000039 
0.021175 -0.003622 -0.000590 0.000676 -0.003864 0.000347 0.000617 -0.001239 
-0.012432 0.001905 0.000820 0.001613 0.003460 0.003748 -0.001360 -0.002052 
0.009543 -0.005310 -0.003080 -0.000764 -0.001897 -0.002467 0.001498 0.002511 
-0.014300 0.007043 0.002241 0.004058 0.001274 -0.000968 -0.000629 0.001080 
0.010071 -0.001092 0.002285 0.001417 -0.000150 0.000261 -0.003222 0.002397 
-0.001716 0.001433 0.000735 0.000087 0.001023 -0.001321 -0.000438 -0.002982 
0.003252 -0.001219 -0.001101 -0.001371 0.000074 -0.002061 0.001803 0.002204 
0.005263 0.002836 0.003156 -0.003277 0.001734 0.000797 0.001166 -0.002059 
-0.012433 0.003926 -0.003145 -0.001487 -0.002549 0.001017 -0.001376 -0.001024 
0.004450 -0.000270 0.002390 0.002053 -0.000470 0.004202 0.001117 0.003766 
-0.004484 0.002479 0.000414 -0.000643 0.001552 0.003255 0.000647 0.004947 
0.009719 0.003572 -0.002720 0.000542 -0.001755 0.005326 -0.002543 0.001016 
-0.007909 0.000930 -0.001190 -0.005819 0.006684 -0.001308 -0.000574 0.000782 
0.025050 0.001370 0.001113 0.002998 0.000162 0.002273 -0.000581 -0.004394 
-0.008066 0.001496 -0.001463 -0.001073 0.004531 -0.002474 -0.000059 -0.001599 
0.015264 0.000740 0.000160 0.005641 -0.005729 0.000995 0.007582 -0.003675 
0.002448 0.007645 -0.004483 -0.004839 -0.002058 0.003276 -0.004509 -0.003279 
0.003462 0.001478 -0.000593 0.003649 -0.001907 0.004462 0.005242 -0.003518 
0.037007 0.023843 -0.002123 -0.009809 0.006157 0.000303 0.000336 0.011803 
-0.044547 -0.001068 -0.011027 0.001690 0.001734 0.002396 0.000807 -0.001345 
0.027536 -0.003793 0.000837 0.001267 0.000879 0.001643 -0.004717 -0.001692 
-0.017987 0.005228 0.007227 -0.003101 -0.001106 0.000233 0.000141 0.000443 
0.010998 0.003138 0.003478 -0.000919 -0.002111 0.003660 -0.008151 -0.000980 
-0.011546 0.001181 -0.004798 0.002018 -0.000159 0.003907 -0.002641 0.003835 
0.010919 0.002100 -0.000981 -0.000797 0.001062 0.003979 -0.001496 -0.001226 
-0.009666 0.003852 0.000903 0.001059 -0.001698 0.000549 -0.005049 -0.001219 
0.008956 0.000389 -0.001884 -0.001419 -0.001786 0.001385 0.000145 -0.002418 
0.003961 -0.001772 -0.000271 0.000734 -0.000683 0.001489 -0.002318 -0.000085 
-0.013925 -0.003332 0.000241 -0.004716 0.003317 -0.000694 -0.002476 0.000904 
0.007458 0.002734 -0.002701 0.005227 -0.003955 0.006826 -0.001824 0.004759 
-0.014410 0.000240 0.002563 -0.001214 0.001930 -0.002071 -0.002025 0.001583 
0.005635 -0.000263 0.003645 -0.007387 0.000540 -0.001467 0.000581 0.001751 
-0.008404 -0.004327 -0.000641 -0.003859 0.001517 0.001887 -0.004382 0.004406 
0.013774 -0.000735 -0.002594 0.000985 -0.006607 -0.000246 0.006738 0.000174 
-0.022936 0.000710 0.007531 -0.000411 0.002737 0.007959 -0.005557 -0.001053 
0.022845 -0.003397 0.006202 -0.001662 -0.005240 0.005031 0.007412 -0.004945 
-0.018749 0.001440 -0.004512 -0.001742 0.008424 0.010849 -0.004331 0.001687 
0.002158 0.001508 -0.001466 -0.007592 -0.002490 0.001447 0.007511 0.001632 
-0.004472 0.046340 -0.004558 0.008724 0.004653 0.008776 -0.004977 0.003976 
-0.014444 -0.009605 -0.003225 0.003181 -0.002539 0.002110 0.004066 -0.004290 
0.016486 -0.005304 0.002879 -0.001595 -0.001192 -0.003581 0.001799 0.002090 
-0.015466 0.004270 -0.000557 0.001524 0.000119 0.002954 0.005503 -0.002006 
0.013960 -0.002513 0.001748 -0.006439 0.001481 0.000422 -0.001623 0.001648 
-0.006626 0.003001 0.000408 0.001450 0.000809 -0.000450 0.001566 0.005701 
0.008310 -0.003074 -0.000734 0.000688 -0.001303 0.003414 0.000782 0.000317 
-0.005917 0.000439 -0.002077 -0.003152 0.001567 0.002836 0.001714 0.002786 
-0.001652 0.002326 0.002276 0.000611 -0.000138 -0.002721 -0.000063 0.000919 
0.003114 -0.001151 0.004260 0.001797 0.002185 -0.000755 0.001182 -0.002342 
-0.006776 0.000162 0.001531 0.000686 0.000662 -0.003458 0.005240 -0.000139 
-0.004009 0.000246 0.000467 0.000938 0.002041 -0.004848 -0.001099 -0.003356 
-0.001571 -0.006281 0.000082 0.002542 -0.003278 0.002508 -0.002862 -0.000895 
0.010658 0.000861 0.000690 -0.000291 -0.001020 0.003498 0.002998 0.000665 
-0.014296 -0.009179 -0.004146 -0.002468 0.001019 0.001124 -0.002556 -0.002992 
0.018728 0.001093 0.001206 0.006249 -0.004933 0.002857 -0.003961 0.001160 
-0.007046 0.000997 0.004816 -0.002617 -0.005333 0.001150 0.000634 -0.000399 
0.012796 0.001117 -0.005680 -0.000582 -0.001117 0.003468 0.007527 0.000310 
-0.029692 0.008928 -0.000320 -0.001940 -0.003048 0.007293 -0.000291 0.001313 
0.040642 0.001409 0.007271 -0.001242 -0.007013 0.000916 0.002267 -0.001368 
-0.057782 -0.104135 0.008020 0.005897 0.002490 0.008009 -0.000197 0.007108 
0.042387 -0.009651 0.006634 0.007067 0.002481 -0.000927 0.008371 -0.001261 
0.015838 -0.005408 -0.000815 0.001109 -0.000482 -0.002509 -0.002633 -0.003039 
-0.019234 0.003386 -0.000259 -0.001568 -0.002993 0.000930 -0.003043 -0.006490 
0.010410 -0.005641 -0.001631 -0.004411 -0.001604 0.000432 0.005377 -0.001856 
-0.004825 0.003687 0.001812 -0.005540 -0.003045 0.000938 -0.000672 0.007188 
0.010428 0.002169 -0.003290 -0.001123 0.003655 -0.005247 -0.001280 -0.002265 
-0.007287 0.004171 0.002276 -0.002876 0.000514 -0.001609 0.000847 0.003099 
0.002110 0.000803 0.001783 0.004117 -0.000685 0.002989 -0.000930 0.003094 
0.005589 0.001195 0.000582 0.001333 -0.002732 -0.004544 -0.002520 -0.000855 
-0.013649 -0.001802 -0.001254 -0.003681 0.002123 0.002380 -0.001267 0.001300 
0.007841 -0.000579 0.004048 0.004332 0.000087 0.003671 0.000708 -0.002878 
-0.016761 0.005321 0.002093 -0.004139 0.005238 -0.005448 0.000567 -0.007033 
0.008198 0.000414 0.002620 0.002200 -0.006015 0.004484 0.002847 0.004476 
-0.013829 -0.007859 0.001407 0.007232 0.002188 0.005313 -0.002900 0.005493 
0.023861 -0.003211 0.000243 0.000252 0.004646 0.004268 0.001637 -0.005349 
-0.010265 -0.005023 0.005994 -0.000115 0.000571 0.005367 -0.003244 -0.004178 
0.020658 0.004518 0.002770 0.002635 -0.002676 0.002920 -0.001232 -0.000024 
-0.034547 0.022972 0.003992 0.001074 0.001957 0.002656 -0.016038 0.005366 
0.035246 -0.006138 -0.000873 0.001228 -0.002542 0.004514 0.001380 -0.004050 
0.037167 0.035897 -0.002714 -0.000897 0.008901 0.011090 0.005461 0.006871 
-0.006970 -0.008815 0.000733 0.008405 0.002917 -0.007355 -0.002242 0.003946 
0.018683 -0.007368 -0.001891 0.003539 0.002757 -0.003761 0.000396 -0.001625 
-0.009563 0.002824 0.003097 0.001764 -0.001138 0.001490 -0.000022 -0.002133 
0.011030 -0.004010 -0.000274 -0.001870 -0.000068 -0.003001 0.000967 -0.002695 
-0.003417 0.003326 -0.000839 0.002035 0.003496 -0.002996 0.000247 -0.002830 
0.007334 0.004039 0.001997 -0.002894 0.001690 0.006166 -0.002438 -0.001697 
-0.004351 0.002071 0.001894 0.001300 0.001550 0.001230 0.004594 -0.000274 
0.002265 -0.000604 0.002400 -0.003498 -0.001365 0.003067 -0.003244 0.000872 
0.000192 0.001050 -0.000095 -0.005615 0.003334 -0.003592 -0.001443 -0.002206 
-0.010699 -0.000277 0.005744 -0.002682 0.003243 -0.002841 -0.003170 -0.000362 
0.009526 0.002965 0.001909 -0.001457 -0.000382 0.001946 0.002997 -0.001799 
-0.013436 -0.000094 0.001302 0.003707 0.004359 0.004543 -0.000732 0.002715 
0.006979 -0.002407 0.001577 0.001717 -0.000696 -0.001251 -0.000338 -0.000629 
-0.021992 -0.006477 0.001320 -0.002832 0.004993 -0.002616 -0.002538 0.000390 
0.013852 -0.004120 0.001784 0.003169 0.006206 0.001211 0.001410 0.002195 
-0.007995 0.000023 0.001148 0.001106 -0.001107 -0.006291 0.009731 0.004300 
-0.000066 0.001734 0.004476 -0.005303 -0.002690 0.000799 0.002728 0.001972 
-0.038945 0.002718 -0.003469 -0.003737 -0.003802 0.001600 0.003133 0.003267 
-0.019012 -0.003321 -0.002551 0.003552 -0.002340 0.005158 0.009303 -0.000324 
-0.023398 -0.006964 -0.004823 -0.002769 0.005971 -0.003546 0.005965 0.002748 
-0.031908 0.002759 0.005967 -0.006518 -0.004547 0.000714 0.005444 0.000200 
0.011665 -0.005789 0.000101 -0.000072 -0.001268 0.002112 0.000546 -0.003805 
-0.010604 0.004656 -0.000215 -0.003641 0.003134 0.002258 -0.003967 -0.001400 
0.003880 0.001359 -0.000236 -0.000058 -0.000375 -0.000623 -0.001638 0.005918 
-0.006244 -0.004219 -0.002816 -0.002264 -0.005523 0.003246 -0.002950 -0.000972 
0.004782 -0.001791 -0.002336 -0.002889 0.002353 0.002842 -0.001853 -0.003573 
-0.003068 0.000400 -0.000055 -0.002081 -0.000486 0.003084 0.003040 0.004375 
0.009166 0.002188 0.000259 -0.003668 -0.001341 -0.003262 -0.000865 -0.003405 
0.001244 -0.001294 0.000445 0.003310 -0.003990 -0.001533 -0.000074 -0.000734 
0.010820 0.003463 0.000338 -0.000796 0.001296 0.003654 0.002996 0.001380 
0.000149 0.004055 -0.001084 -0.003329 0.000272 -0.003989 -0.005062 0.001745 
-0.003208 0.002661 -0.000513 -0.000066 -0.000229 -0.002642 -0.000724 -0.004835 
0.006252 -0.000259 -0.001021 -0.002764 -0.001662 -0.000412 0.001572 -0.001234 
0.001655 0.000954 -0.002544 -0.001719 0.007686 -0.003436 0.000588 0.002514 
0.010143 0.003495 0.004580 0.003106 0.000532 0.001226 0.000069 -0.005934 
-0.007660 0.004535 -0.003961 0.001024 0.004259 0.000641 0.003586 0.001740 
0.026746 -0.005557 -0.001474 -0.005575 0.004360 0.000869 0.001199 0.004156 
-0.000588 -0.012334 0.001578 0.000565 0.003654 0.001744 -0.005298 0.000558 
-0.020640 -0.012728 0.007623 -0.004708 -0.006895 0.000678 -0.001271 -0.005371 
0.018961 -0.015988 -0.007568 -0.010613 0.006739 0.007023 -0.002664 -0.000193 
0.010465 -0.002981 0.000790 0.002884 0.002561 0.009004 0.004366 -0.002916 
0.008448 -0.007006 0.001569 -0.001981 -0.002467 -0.000559 -0.001604 -0.002931 
-0.004612 -0.000069 0.004256 0.003057 -0.000427 -0.000251 -0.003267 -0.006337 
0.007926 -0.002478 0.000231 -0.000838 0.001413 -0.002947 0.005434 0.000120 
-0.005905 -0.000717 -0.001642 0.000717 0.000565 0.001855 -0.005072 0.004059 
0.003810 0.004406 -0.001024 0.002007 0.001823 0.001664 0.003966 -0.001681 
-0.004164 -0.004717 -0.002292 -0.002013 -0.001276 -0.002651 0.004957 -0.002146 
0.003002 0.000529 0.003231 -0.005687 0.005195 -0.001741 -0.001574 0.000827 
0.007520 -0.000787 0.001276 0.000466 0.000486 0.001382 -0.001224 -0.000212 
0.003132 -0.001346 -0.002495 0.003433 0.004985 -0.002618 0.001029 0.000188 
0.008003 -0.000223 0.001581 0.000863 -0.001880 0.000415 -0.000718 0.005468 
-0.003535 0.001438 0.000309 -0.004665 0.002083 0.001507 0.002595 -0.000861 
-0.000401 0.000487 0.001060 -0.000140 -0.002602 -0.001694 0.004543 -0.001790 
-0.004791 -0.000318 -0.001095 0.003023 -0.005577 0.000612 0.005363 0.001289 
0.014128 -0.001616 0.001649 -0.002840 -0.001755 0.004507 -0.000703 0.000917 
-0.009040 0.011365 -0.006593 -0.003110 0.000822 -0.001212 -0.000587 0.003824 
-0.002125 -0.000616 0.005364 -0.003469 -0.002631 0.003892 -0.004497 -0.001785 
0.017164 0.025830 0.003712 -0.001993 0.001769 0.005076 0.002886 -0.000107 
0.012919 0.002108 -0.003382 -0.005977 -0.005299 0.000897 -0.000456 -0.006497 
-0.022183 0.014533 -0.006732 -0.000403 -0.001832 -0.002015 -0.005048 -0.006853 
0.042611 -0.007798 0.003826 0.004997 -0.001477 0.007844 0.008505 -0.001091 
-0.000202 0.001633 0.005030 0.000666 0.004430 0.002811 -0.000092 -0.003049 
-0.007461 0.000870 -0.001499 -0.000275 0.000115 0.003103 -0.005528 -0.001804 
0.002210 0.003041 0.000081 0.000495 -0.001036 -0.000547 0.001970 0.004635 
-0.011314 0.000869 0.000620 0.002934 0.001991 -0.001929 -0.003560 0.002686 
-0.005541 -0.000055 -0.004103 0.000013 0.002425 -0.000460 -0.004361 0.002849 
-0.001688 0.001027 -0.001568 -0.003555 0.002634 -0.002047 -0.001592 -0.001655 
0.002989 0.002585 -0.003237 0.000341 -0.003803 0.001469 0.001045 0.001806 
0.001573 -0.002074 -0.002438 -0.001991 0.000399 -0.002127 -0.002048 -0.000620 
0.009372 0.002095 0.000778 -0.003437 -0.000769 -0.000293 0.000924 0.002936 
0.009906 -0.001727 0.006899 -0.002620 -0.000695 -0.002067 -0.002908 0.001319 
-0.008244 -0.003795 -0.003675 -0.001564 0.000468 0.001094 0.003240 0.000987 
0.009588 -0.000608 0.002664 0.000834 0.000621 0.002285 0.000200 0.000574 
-0.006725 -0.002085 -0.003244 0.004191 0.004032 -0.001058 -0.000434 -0.003200 
0.012067 -0.000424 0.001844 -0.005957 -0.000485 0.000413 -0.000702 -0.000538 
0.012393 0.006299 -0.000198 0.000927 0.001171 -0.000134 -0.005603 0.002024 
0.020697 0.001388 0.005275 -0.002327 0.004792 0.005512 -0.002456 -0.003286 
-0.016962 0.024092 -0.001754 -0.001952 -0.002361 0.002213 -0.008163 -0.000515 
-0.019771 0.000820 -0.001310 0.000433 0.001910 -0.001492 -0.003397 -0.003450 
0.019881 -0.063065 -0.000107 0.002661 0.010378 -0.002865 0.004049 -0.005805 
0.046746 0.005296 -0.005011 -0.001090 0.002207 0.005999 -0.000129 -0.007318 
0.004285 -0.002416 0.001446 -0.002337 -0.003700 -0.000526 -0.000967 -0.004525 
-0.003846 0.001002 0.002413 -0.001902 0.001187 -0.001566 -0.001066 -0.001561 
0.000257 -0.004915 0.001900 0.001330 -0.000145 0.000371 -0.006037 0.000869 
-0.005248 0.000263 0.002796 -0.002121 0.000272 0.000902 0.000792 -0.002510 
0.001557 0.002587 -0.001801 0.004869 -0.002631 -0.001795 0.001506 0.001437 
0.005286 0.001237 0.000998 0.000161 -0.002495 -0.002130 -0.001438 -0.000274 
-0.000609 0.001742 -0.000772 -0.002229 0.000528 0.002352 0.000353 -0.003700 
0.001767 -0.000300 0.001274 -0.000621 -0.000875 -0.000285 0.003406 0.003834 
-0.008627 -0.004583 0.000527 0.002241 -0.001614 -0.001791 0.001066 0.001944 
-0.000750 0.005023 0.003024 -0.003503 -0.001247 0.001326 0.002241 0.003030 
-0.004028 -0.002485 -0.001504 -0.004959 0.003509 -0.001005 0.004990 -0.000955 
0.000739 -0.000317 -0.001076 -0.002179 -0.001039 0.002651 -0.004729 0.001470 
-0.002615 0.001028 0.001081 -0.000186 0.004059 -0.000748 -0.003009 -0.001119 
0.005236 0.000345 -0.006103 0.000262 -0.000429 0.000273 0.001539 -0.000630 
0.009298 0.000934 -0.005484 -0.002707 -0.002170 -0.004479 -0.002167 0.000743 
0.008238 0.003526 -0.003260 -0.001191 0.000047 0.000062 -0.002590 -0.002555 
-0.005870 0.012184 0.004282 -0.006620 0.003629 -0.002078 0.007487 0.003964 
0.016256 0.005023 0.005603 0.003752 0.001226 0.000722 0.004211 0.000731 
0.024910 0.008678 -0.004679 0.001329 -0.002410 0.005506 0.004672 -0.000942 
0.038823 0.000377 0.003138 0.003015 -0.000383 0.009389 0.001092 -0.004766 
0.003777 -0.006965 -0.002362 -0.002302 0.002429 0.001915 -0.003366 -0.000069 
-0.016254 -0.002621 0.001344 -0.003041 0.002298 -0.001875 -0.001121 -0.003631 
0.004109 0.000956 -0.001910 0.001445 -0.005941 0.006158 -0.007399 -0.001342 
-0.009670 0.001999 -0.001572 0.001976 0.002014 -0.003403 -0.005822 -0.003645 
-0.002169 0.000976 0.000378 -0.000365 0.002702 0.003200 0.001207 0.003564 
0.002054 0.001842 -0.002723 0.001814 0.002210 -0.000768 0.000796 0.000158 
-0.000916 -0.001200 0.000805 0.002034 0.001309 -0.000675 0.003298 -0.001798 
0.001736 -0.002282 -0.003720 0.000026 -0.005420 0.005118 0.001932 0.002096 
0.003514 -0.005931 0.000165 -0.005449 0.001595 0.001578 0.002065 -0.001778 
0.011286 -0.001545 -0.000826 0.000281 0.001649 0.001984 -0.000812 -0.001807 
0.002954 -0.002572 0.001897 0.000570 0.003178 -0.001508 -0.001570 0.001154 
0.003487 -0.001994 0.000297 0.000499 -0.003607 0.002530 0.002237 -0.000867 
0.000823 0.002018 -0.002671 0.002558 -0.004966 -0.000808 0.002304 -0.002069 
0.010397 -0.003143 0.002580 0.002640 -0.003904 0.002186 0.000431 -0.001856 
0.004457 -0.008677 -0.005078 0.001097 0.000761 0.000431 -0.000101 0.000240 
0.011758 0.002552 -0.005218 -0.000467 0.004723 -0.000773 0.001966 -0.000517 
0.007357 -0.002777 -0.001271 -0.003399 0.003632 0.008019 -0.001587 -0.000256 
0.024044 -0.003408 -0.005448 -0.002524 -0.002486 0.005262 -0.003976 -0.008901 
0.003932 -0.008723 0.001673 0.001029 0.005819 -0.003562 -0.000442 -0.001852 
-0.026673 0.002736 0.010660 0.006882 -0.003517 0.008493 0.009267 -0.012085 
-0.002974 -0.011585 -0.004000 -0.001381 -0.004749 0.001081 0.000383 -0.001828 
-0.023504 -0.001080 0.001283 0.000691 -0.000650 0.003610 0.003213 -0.000219 
-0.009336 0.000101 -0.001832 -0.000279 0.003642 -0.001918 -0.001769 0.001202 
-0.012957 0.000287 -0.002561 -0.002868 -0.004361 -0.001221 -0.003515 0.002514 
0.002193 -0.003083 0.001691 -0.001906 -0.000218 0.003241 -0.002598 0.002614 
-0.006472 -0.001967 -0.002117 0.004339 -0.000247 0.000998 -0.000315 0.001586 
0.001637 -0.000072 0.002297 0.003481 0.001674 -0.002197 0.003180 -0.000514 
0.008417 0.001059 -0.000565 0.001637 0.002145 -0.000900 0.001619 -0.000658 
0.000043 0.007018 -0.004295 -0.008286 -0.001706 0.001765 -0.001838 0.000408 
0.008379 0.001131 0.004528 0.001984 0.001863 -0.001202 -0.001546 0.001259 
0.003158 0.006013 -0.002769 -0.000405 0.001209 0.003841 0.001250 0.006860 
0.021359 -0.008236 -0.001296 -0.002658 -0.000957 0.005024 -0.002165 0.001552 
0.007235 0.006468 -0.000615 -0.002936 -0.002462 0.000359 0.001714 0.001483 
0.028081 -0.006649 0.003232 -0.000770 -0.001037 0.007049 -0.004256 0.001724 
0.000726 0.003424 -0.002499 -0.000957 -0.001115 0.002637 0.007749 -0.004007 
0.030262 -0.005145 0.001603 -0.002753 -0.004173 0.005548 0.003502 -0.006211 
-0.016983 0.000026 -0.004601 -0.005971 -0.010065 0.004499 -0.001966 -0.006628 
0.036992 -0.007818 0.003139 -0.004337 -0.001292 0.006469 0.001107 -0.001479 
0.025030 0.013073 -0.001340 -0.004169 -0.004954 0.006714 0.002909 0.002661 
0.068287 -0.001623 -0.005281 -0.002920 0.003677 0.021089 0.002589 -0.001362 
-0.006310 -0.007036 -0.000911 -0.001854 0.001360 0.000199 -0.003612 -0.000311 
-0.031900 -0.001879 -0.000398 -0.002720 -0.003866 -0.001398 -0.007263 0.003490 
-0.006236 -0.009121 -0.002060 0.000880 -0.000859 0.002515 -0.001152 0.003668 
-0.023923 -0.004285 0.004358 -0.001302 0.007037 0.003880 0.000311 0.003687 
0.011407 -0.000924 0.002620 0.001739 -0.004499 0.004612 -0.001983 -0.004038 
-0.002593 -0.002547 0.001699 -0.000030 0.004997 -0.000920 -0.001766 -0.001367 
-0.000780 0.002744 0.006207 -0.006353 -0.000296 0.006334 -0.004289 0.003468 
0.006540 -0.003108 0.002832 -0.005909 0.005263 0.001822 0.002452 -0.004725 
-0.003664 0.002514 0.003508 -0.000441 -0.002185 0.004084 -0.004551 0.007038 
0.013992 -0.005474 -0.002176 -0.006953 0.003777 0.002857 -0.001597 -0.002385 
0.001098 0.010815 0.002407 0.000848 -0.001629 0.004830 -0.000636 0.002266 
0.028362 -0.003750 0.000174 -0.010286 0.002372 0.002692 0.001420 -0.010319 
0.004341 0.009675 0.006718 -0.001581 -0.006326 0.003506 -0.001376 0.004999 
0.032108 -0.009479 0.004217 -0.013319 0.004849 0.005965 0.007778 -0.004562 
0.009504 0.013308 0.001535 -0.004388 -0.012780 0.004334 -0.004251 0.006676 
0.043962 -0.009743 0.000411 -0.015749 0.004835 0.005441 0.000736 -0.003959 
0.018557 0.010227 0.005786 0.003017 -0.010949 0.009717 -0.003494 0.004899 
0.061418 -0.011415 0.005185 -0.026303 0.001740 -0.001225 0.004983 -0.009091 
0.032396 -0.010692 0.008493 -0.010666 -0.019099 0.004024 0.001796 0.002606 
0.088815 -0.004168 -0.003490 -0.023718 0.012309 0.004273 0.014880 -0.002216 
-0.008283 -0.009116 0.000195 -0.002714 -0.006846 0.006807 -0.000444 0.001874 
-0.055071 -0.001023 0.004444 -0.002940 0.002434 0.008964 -0.002805 0.000745 
-0.004628 -0.012069 0.003471 0.005635 -0.007570 -0.002757 0.002434 -0.001388 
-0.035238 -0.002953 0.010918 -0.001975 0.000529 0.001592 -0.000246 0.000494 
0.000933 -0.006960 -0.000186 0.002183 -0.002523 0.003325 -0.002999 0.008121 
-0.017114 -0.001123 0.007226 -0.004156 0.002619 0.005931 0.000804 0.000501 
0.008089 -0.002089 0.001487 0.000953 -0.006541 0.004600 -0.000609 0.002987 
0.006122 0.001163 0.007379 -0.001087 0.003088 0.008149 0.005011 0.002848 
0.009112 -0.004496 -0.000318 0.000380 -0.012960 0.007496 0.001272 0.002908 
0.026630 -0.005997 0.012177 -0.000219 0.005858 0.010247 0.004545 -0.002773 
0.006111 -0.004325 -0.004594 0.002774 -0.005289 0.006304 0.006558 0.001532 
0.047403 -0.000290 0.013809 -0.005084 0.010430 0.016826 0.003721 0.007442 
0.006466 -0.007429 0.001158 0.000688 -0.015987 0.016182 0.004995 0.006217 
0.057511 -0.004717 0.019011 -0.012398 0.008816 0.011768 0.005908 -0.008871 
0.013325 0.004411 -0.003607 -0.002827 -0.012317 0.015351 0.005928 0.010417 
0.067476 -0.001039 0.023877 -0.012980 0.007564 0.015042 0.005760 -0.005762 
0.003099 -0.014687 -0.002883 -0.002619 -0.022124 0.009911 0.004705 0.007105 
0.080475 -0.008329 0.022199 -0.025571 0.012167 0.022576 0.012814 0.001452 
0.018715 0.015339 0.019460 -0.003781 -0.022493 0.008652 -0.016414 0.011615 
0.123073 0.000114 0.033539 -0.023908 0.034446 0.011142 0.015547 0.006736 
0.008817 0.001619 0.017929 -0.005509 -0.000780 0.005680 0.019184 0.007355 
-0.040387 -0.041667 0.011512 -0.009242 0.013711 0.010651 -0.000063 -0.014911 
0.006588 0.005366 0.016572 -0.007557 0.003173 0.003484 0.018822 0.010836 
-0.010750 -0.033223 0.015029 -0.015402 0.024661 0.014219 0.002503 -0.013232 
0.014473 0.011664 0.006044 -0.004471 0.001944 0.000547 0.025570 0.011962 
0.009882 -0.034888 0.019965 -0.003919 0.031465 0.015956 0.008215 -0.003266 
0.005611 0.006157 0.011983 -0.012890 -0.002002 0.010133 0.023535 0.010205 
0.038728 -0.041163 0.026270 -0.009499 0.031019 0.022646 0.004792 -0.005422 
0.014316 -0.003793 0.016419 -0.010641 -0.001440 -0.003331 0.014499 0.015791 
0.059834 -0.039075 0.024623 -0.001419 0.040467 0.024883 0.008176 -0.008396 
0.014257 0.003763 0.015416 -0.007452 -0.003273 0.000195 0.023037 0.017452 
0.069888 -0.044022 0.035972 0.003570 0.041792 0.035392 0.007046 -0.006504 
0.009281 0.007334 0.025508 -0.017821 0.015123 0.002270 0.021586 0.015104 
0.077101 -0.041801 0.053410 -0.012637 0.032093 0.043168 0.010551 -0.003786 
0.007866 0.004558 0.021121 -0.026786 0.002422 -0.007693 0.026555 0.012280 
0.107640 -0.053431 0.042677 -0.005744 0.040820 0.032827 0.010441 -0.000474 
-0.005374 -0.017106 0.020090 -0.041219 0.009777 -0.012709 0.018761 0.008855 
0.136221 -0.042851 0.059144 -0.024061 0.030191 0.038766 0.011983 0.005178 
0.049568 -0.082835 0.004435 -0.006126 0.021724 0.045045 0.038529 0.015747 
0.066835 -0.035567 0.039312 0.010553 0.021838 0.028843 0.007370 -0.036364 
-0.154924 -0.108114 0.085684 -0.057811 0.036560 0.009469 0.001762 0.020261 
-0.425973 0.162007 0.044656 -0.010082 0.089776 -0.033914 0.044624 -0.017396 
-0.144172 -0.218693 0.096374 -0.084074 0.026869 -0.009236 -0.001398 0.004458 
-0.314468 0.149270 0.068069 -0.017656 0.064513 -0.022396 0.019976 -0.004245 
-0.106517 -0.210550 0.079882 -0.074448 0.026627 -0.006048 0.000439 0.005666 
-0.321385 0.140016 0.076621 -0.008809 0.065514 -0.024995 0.020316 -0.008360 
-0.061339 -0.203660 0.074683 -0.063624 0.021230 -0.001103 -0.000835 0.007132 
-0.355255 0.130728 0.082106 -0.002479 0.062157 -0.017323 0.020337 -0.006824 
-0.020113 -0.194475 0.076650 -0.050974 0.020831 0.007675 0.000172 0.007940 
-0.376845 0.124260 0.094602 0.002456 0.067464 -0.011981 0.018514 -0.003604 
0.011515 -0.190144 0.075320 -0.045129 0.019393 0.010059 -0.001942 0.005768 
-0.389105 0.111710 0.086717 0.005757 0.062921 -0.010392 0.014853 -0.000480 
0.028212 -0.194725 0.063349 -0.051785 0.020238 0.004393 0.000434 0.009766 
-0.384944 0.102451 0.072303 0.003550 0.061877 -0.007840 0.016847 -0.001851 
0.033182 -0.230323 0.052066 -0.072879 0.016594 -0.000191 0.002729 0.005253 
-0.339756 0.116713 0.044813 0.002427 0.055655 -0.004204 0.020558 -0.007986 
0.012737 -0.286299 0.008624 -0.079199 0.027180 -0.019073 -0.000553 0.000139 
-0.250463 0.135256 -0.052488 -0.007060 0.045227 -0.004826 0.016879 -0.009672 
-0.053862 -0.552219 0.075493 0.116495 0.003209 -0.023159 -0.016409 0.017879 
-0.265298 0.144694 0.024568 -0.073163 0.074857 0.004823 -0.035631 -0.005980 
-0.011801 -0.000446 0.000964 -0.002743 0.002714 0.002710 0.000011 -0.003059 
-0.007523 0.000689 -0.002186 -0.003136 0.001749 0.001942 0.000321 -0.001237 
-0.010939 0.001994 0.003401 -0.000428 -0.002345 -0.000782 0.000484 0.004075 
-0.003941 0.005376 -0.004545 -0.001574 -0.006673 -0.001065 0.000892 -0.000602 
-0.003756 -0.008819 0.001472 -0.000177 0.002406 0.002390 -0.004168 0.000319 
-0.004645 0.003516 -0.001678 0.005334 0.007106 0.001722 -0.002080 0.007499 
0.002707 -0.004738 0.004552 0.001316 0.002129 0.003868 0.000827 0.006152 
0.002601 0.006041 0.004740 -0.004133 0.001003 -0.000594 -0.002130 -0.000821 
0.004750 0.010755 0.003151 0.002571 0.002255 0.002635 0.007564 0.008412 
0.003569 0.002495 -0.000509 0.002045 0.001861 -0.000404 -0.003273 0.002146 
0.005687 -0.003586 0.006430 0.000614 0.001237 0.006290 0.006902 -0.000026 
0.008925 0.005296 0.002173 0.004928 0.003638 0.002091 0.000393 0.004220 
0.008357 0.008142 0.000076 -0.000311 -0.001223 0.006116 0.013230 0.001920 
0.004954 0.007624 0.001471 -0.002184 0.002034 -0.000436 -0.007229 0.001151 
0.012017 -0.004966 0.004536 0.000195 -0.000549 0.008730 0.010962 0.002353 
-0.002278 0.006461 -0.000699 0.002214 -0.004102 0.002187 -0.010114 0.005592 
0.019232 0.008432 0.007028 -0.012967 0.003943 0.006567 0.013806 0.009547 
0.012724 0.008948 -0.000297 -0.000336 0.010227 -0.003928 -0.003052 0.013188 
-0.017650 0.084683 -0.005318 -0.005806 -0.004582 0.017641 -0.002545 -0.058626 
0.162243 -0.005182 0.013968 0.002734 0.022248 0.014875 -0.026072 0.017738 
-0.158543 -0.098492 0.083209 -0.048893 0.036464 0.014323 -0.001539 0.019066 
-0.445705 0.162397 0.031198 -0.007464 0.086239 -0.035073 0.041754 -0.014718 
-0.144936 -0.206496 0.092963 -0.075315 0.024160 -0.002854 -0.006504 0.007107 
-0.328731 0.148003 0.069334 -0.017785 0.064626 -0.022487 0.019104 -0.003972 
-0.105664 -0.205102 0.077544 -0.069474 0.025943 -0.001092 -0.000706 0.003365 
-0.329803 0.136488 0.077360 -0.010591 0.061877 -0.022702 0.019178 -0.007606 
-0.057397 -0.204561 0.071730 -0.057016 0.021926 -0.004651 -0.002767 0.008898 
-0.357794 0.125134 0.084369 -0.004921 0.061138 -0.015075 0.018546 -0.004669 
-0.016198 -0.197238 0.073584 -0.049266 0.018439 0.007010 -0.001921 0.006039 
-0.375135 0.120291 0.094659 -0.000288 0.065572 -0.007094 0.014141 -0.001946 
0.015096 -0.202781 0.069814 -0.042076 0.014890 0.010764 -0.002234 0.001985 
-0.383052 0.107909 0.092581 0.006242 0.056891 -0.008139 0.011980 -0.002965 
0.032205 -0.207620 0.056232 -0.049897 0.017575 0.003860 -0.001938 0.005773 
-0.377385 0.101898 0.079513 0.001105 0.059480 -0.005831 0.012320 -0.002250 
0.038532 -0.246231 0.045335 -0.066666 0.013656 0.000215 0.004600 0.004310 
-0.333076 0.114357 0.048748 -0.001494 0.051513 -0.001890 0.017338 -0.007237 
0.019511 -0.300332 0.002082 -0.069879 0.025133 -0.016587 0.000906 -0.001178 
-0.245533 0.132142 -0.050497 -0.011749 0.044243 -0.003266 0.014245 -0.007067 
-0.061328 -0.548289 0.075202 0.116187 0.007046 -0.031543 -0.013779 0.021320 
-0.248846 0.145230 -0.010608 -0.066824 0.086848 0.002075 -0.039122 -0.007391 
-0.147233 -0.017597 0.003938 -0.002051 0.000239 0.006454 0.000173 -0.000748 
0.043881 -0.008419 0.002277 -0.001887 -0.001416 0.003216 -0.000739 -0.001863 
-0.050888 0.005313 -0.001875 0.001983 -0.003319 0.004121 0.005119 0.004744 
0.015524 0.000666 0.000492 -0.001139 0.005188 -0.000265 -0.006120 0.000045 
-0.004705 0.000488 -0.000903 0.003553 0.002440 -0.005260 0.003050 0.000338 
0.000890 0.002759 -0.001201 -0.000989 0.004370 -0.005839 0.002581 -0.003053 
0.034007 0.005806 0.001802 0.001365 0.003187 -0.000909 0.001468 0.000235 
0.002286 0.001835 0.003551 -0.001678 0.005080 -0.003183 0.003849 0.001308 
0.071366 0.008560 0.003360 0.003285 -0.003998 -0.001989 -0.002111 0.000436 
-0.005311 0.000902 0.004868 -0.001352 0.005710 -0.006203 -0.000025 -0.003418 
0.099841 0.003241 0.000735 0.002083 -0.001563 -0.000847 -0.001688 -0.000064 
-0.016326 -0.004683 -0.005559 -0.003674 0.005282 -0.004869 -0.010184 -0.004531 
0.122289 0.031555 0.010077 0.005838 0.005785 -0.007732 -0.004957 -0.005345 
-0.023449 -0.014032 -0.006231 -0.005504 0.003068 -0.021567 -0.018651 -0.005102 
0.139186 0.038754 0.012788 0.004569 0.005072 -0.018546 -0.022736 -0.012164 
-0.032734 -0.016161 -0.001796 -0.012373 0.008932 -0.033864 -0.022648 -0.004435 
0.144344 0.027457 0.010930 0.006060 0.011936 -0.029093 -0.024045 -0.014348 
-0.004328 -0.022650 -0.018511 -0.011406 0.007865 -0.042364 -0.023520 -0.003003 
0.152124 0.066187 0.024096 -0.005083 -0.030258 -0.072616 -0.049522 -0.029884 
-0.079260 -0.075555 -0.066649 -0.054586 -0.025865 -0.056828 0.005905 0.025951 
-0.161851 0.008608 0.001084 -0.003538 -0.002603 -0.004964 0.001166 -0.000612 
0.054033 -0.019585 0.006425 0.001571 0.000455 -0.002086 -0.002987 0.002093 
-0.054057 0.011304 -0.000205 0.000662 -0.002198 -0.004942 0.002126 -0.001449 
0.015242 -0.004393 0.003006 0.001524 0.000078 -0.005052 0.000922 0.000402 
0.015727 0.004400 -0.000710 -0.002852 0.001663 -0.001593 0.003092 -0.005343 
0.001756 -0.003488 -0.003050 -0.002491 -0.001038 -0.003372 0.001921 -0.002871 
0.065268 0.014392 0.004102 -0.003963 -0.001382 -0.000906 0.001302 0.000605 
-0.004195 -0.002352 -0.000633 -0.002179 0.003264 0.002138 0.001791 0.006751 
0.110282 0.010968 -0.002205 0.002754 -0.000903 -0.001383 0.002976 -0.001692 
-0.011711 0.002336 0.004132 -0.002133 0.003156 -0.000783 0.001427 -0.001572 
0.166004 0.020142 -0.000278 0.000338 0.000029 0.002270 0.002048 -0.001607 
-0.019905 -0.008070 -0.006060 -0.002251 0.001058 0.001371 0.000349 -0.003225 
0.195571 0.031811 0.002845 -0.002014 0.001014 0.002443 0.004202 -0.000244 
-0.032914 -0.006052 -0.002648 -0.000410 -0.001969 0.002150 0.003258 -0.002579 
0.224698 0.032705 0.004756 0.002078 0.001019 -0.000546 -0.001283 0.001354 
-0.034909 -0.012410 -0.006671 -0.006309 0.000740 0.001288 -0.000723 -0.005148 
0.245341 0.079687 0.026375 0.007267 0.005862 0.004677 -0.003702 -0.006362 
-0.049155 -0.029597 -0.017432 -0.011862 -0.004617 -0.000264 -0.009285 -0.007635 
0.264492 0.086614 0.034853 0.015081 -0.000205 -0.009793 -0.020723 -0.023666 
-0.051466 -0.054387 -0.037084 -0.033127 -0.019603 -0.016333 -0.008028 -0.008295 
-0.031839 0.001052 0.001495 0.000947 -0.001818 -0.003618 0.003226 -0.000023 
0.026161 0.003056 0.000603 -0.000436 -0.001261 -0.002164 -0.001000 -0.001517 
-0.015234 0.000618 -0.000363 0.003706 0.004179 -0.002929 -0.001092 0.004758 
0.017448 -0.002967 -0.000442 0.003085 -0.000847 -0.002110 -0.000023 -0.002043 
-0.009933 -0.002457 -0.003378 0.001107 0.001870 0.000064 0.000451 -0.001026 
0.007246 0.000163 0.002692 -0.002243 -0.003170 -0.002485 0.000145 0.001815 
0.007773 -0.006825 0.000382 0.000471 0.002277 0.003463 -0.000489 0.001398 
-0.000783 -0.001412 -0.000794 0.002152 -0.002977 0.001304 0.001811 0.007376 
0.013762 -0.000517 -0.005171 0.002890 -0.001219 0.000603 0.000295 0.002278 
-0.007666 0.005088 0.007088 0.001192 -0.004130 -0.003780 0.004771 -0.000311 
0.016052 -0.005914 0.002535 0.001926 0.001003 0.001151 -0.001237 0.007391 
-0.013973 0.002816 0.000726 -0.000926 0.004844 0.001297 -0.004133 -0.000274 
0.019778 0.004938 0.003401 0.003720 0.002714 0.000519 0.002900 0.000010 
-0.029238 -0.003346 0.004531 0.000700 -0.001149 0.000868 -0.002784 0.001730 
0.021323 -0.002231 -0.001846 -0.000272 -0.001168 -0.001226 0.000747 -0.000078 
-0.023403 -0.001966 0.002439 0.002168 0.000679 -0.001459 -0.004451 -0.003306 
0.056085 -0.027222 -0.000787 0.003608 -0.001019 -0.003769 0.002575 -0.001395 
0.022933 0.006719 -0.002069 -0.001907 0.002695 -0.002076 0.001243 0.001631 
0.138834 0.094270 0.020186 0.009898 0.010000 -0.003335 -0.005784 -0.000214 
-0.053124 -0.013173 -0.009642 -0.008006 -0.005644 -0.008063 -0.001183 0.003091 
-0.002865 -0.000082 -0.000780 -0.003406 0.001169 -0.002780 0.001911 -0.001653 
-0.000051 -0.001099 -0.000456 0.003887 0.001682 -0.001196 -0.000084 0.003768 
0.002180 -0.000928 -0.002259 -0.003586 0.001855 0.002425 0.002811 -0.001491 
-0.003656 -0.000544 -0.001980 0.000327 0.000411 0.000471 -0.003450 0.000638 
-0.000314 -0.000432 0.002671 -0.000877 0.001146 0.001034 -0.003448 -0.002553 
0.001405 0.000328 0.001196 -0.000725 -0.003149 -0.001492 -0.002242 0.002974 
0.001152 -0.007111 -0.001185 0.001046 -0.003281 -0.003485 -0.000238 -0.002387 
0.002816 -0.001503 0.002640 -0.001698 0.001404 0.001123 0.001275 0.000745 
0.002227 0.002461 0.003391 0.003706 0.000480 0.001770 -0.000765 -0.004517 
0.006328 -0.001424 -0.000588 -0.000436 0.003639 -0.003297 0.000729 -0.001614 
-0.003355 0.006000 -0.006802 0.000146 -0.002899 0.001381 -0.002302 0.000502 
0.010756 -0.001461 -0.000101 0.001763 -0.003474 -0.003091 0.000005 -0.003806 
-0.004234 -0.001686 0.000473 -0.002803 0.002876 -0.000356 -0.001914 0.002143 
0.005222 0.000050 0.001131 0.000721 0.001444 -0.004828 0.003679 -0.001544 
0.003182 0.004000 0.001031 0.001639 -0.000026 -0.003787 0.003154 -0.001670 
-0.005344 0.001814 -0.007048 -0.002951 0.001958 -0.002842 -0.000386 0.000957 
-0.039733 0.009689 -0.001216 -0.000748 -0.000868 -0.000313 0.003559 0.000941 
0.023146 -0.007183 0.001646 -0.002219 0.000851 -0.001788 -0.000241 -0.002545 
0.066598 0.082695 0.003293 0.001329 -0.002909 0.001291 0.002646 0.004007 
-0.081743 -0.015008 -0.007061 -0.004373 -0.000875 -0.003116 0.000811 -0.006986 
-0.000314 0.002810 -0.003714 -0.000951 -0.002057 0.002342 0.003429 -0.002095 
-0.004635 -0.000157 0.002500 -0.001346 -0.006887 0.002000 -0.002914 0.002249 
-0.002592 -0.001608 0.001332 -0.002871 -0.001227 -0.000967 0.001009 -0.001713 
0.007058 -0.002820 -0.000610 -0.003109 -0.003353 0.000369 -0.001337 0.000674 
0.006480 0.001999 0.000274 -0.003040 -0.001129 0.001611 0.000589 0.004452 
0.005580 -0.003094 0.001184 0.002562 0.001359 0.000019 0.001697 0.001343 
-0.002340 -0.000189 0.001135 -0.001040 0.000432 0.002683 -0.003253 0.003960 
0.000741 -0.006193 0.001315 0.000923 -0.000099 -0.000676 0.002130 0.002081 
0.004038 -0.003627 0.001215 0.000210 -0.001517 -0.001956 0.000505 0.002274 
-0.000848 -0.001470 -0.001833 -0.001689 -0.002437 -0.003993 0.000742 0.000844 
-0.001615 0.000299 -0.001896 -0.003336 -0.000282 -0.002296 0.000864 0.002275 
-0.001760 -0.003106 0.004112 -0.004664 0.001095 -0.003048 -0.001959 0.002467 
0.000911 0.001610 0.001583 0.002083 -0.003074 -0.000301 -0.004726 0.005395 
-0.007065 -0.001252 -0.003233 0.001927 -0.000428 -0.002644 -0.000430 0.001677 
0.001912 -0.005776 0.002871 0.002119 -0.001946 0.004622 -0.002337 -0.001469 
0.019890 -0.005495 0.000459 0.003709 0.000160 0.002498 0.000067 -0.000379 
-0.002794 -0.019608 0.002078 0.002563 -0.002231 0.003268 -0.001345 0.002990 
0.012705 -0.010681 0.003300 0.001294 0.001448 -0.004056 -0.000920 0.003158 
-0.017000 -0.002364 0.002044 0.014626 -0.006985 -0.005108 0.004382 -0.000714 
-0.118344 -0.004969 0.013351 -0.006556 -0.004047 0.002886 -0.000753 -0.000345 
-0.152303 0.006474 0.002095 -0.004069 0.004324 -0.005066 0.002286 0.002041 
0.053661 -0.012325 0.006181 0.001633 0.001242 0.002548 0.001066 -0.000181 
-0.053959 -0.002104 -0.004625 0.001788 -0.001843 -0.006890 -0.003106 -0.001606 
0.022047 -0.002127 0.004633 -0.002541 0.001136 0.000058 0.002611 0.002729 
-0.001176 0.002431 0.001832 0.004039 -0.001399 0.001416 -0.001641 -0.001587 
0.005766 -0.000215 0.003355 -0.002302 -0.001332 -0.000196 0.000479 0.003008 
0.050011 0.002923 0.000071 0.000219 0.001127 -0.003516 0.001215 -0.004254 
-0.002827 -0.004785 -0.001016 0.003305 -0.006555 -0.003737 -0.000069 -0.002483 
0.093181 0.000412 0.002141 -0.002397 0.001801 -0.003253 -0.000619 -0.000810 
-0.009703 0.000805 0.000210 0.000156 0.004305 0.004464 0.001231 -0.007047 
0.131822 0.005629 -0.006239 0.002082 -0.001449 0.001269 -0.001919 0.001059 
-0.023503 -0.006441 0.000704 -0.002701 -0.002098 -0.003119 0.004913 0.000843 
0.162688 0.014210 0.001381 0.005042 0.000332 0.002058 0.001553 0.002603 
-0.044326 -0.009120 0.000632 0.005720 -0.002330 -0.006265 0.001761 0.000958 
0.196684 0.032786 -0.000623 0.000078 0.005039 0.002588 0.004379 0.000557 
-0.041754 -0.009364 -0.001616 0.001421 0.000589 -0.002813 0.004747 -0.000939 
0.206033 0.020912 0.002934 -0.002981 -0.000363 -0.002078 0.000504 0.002236 
-0.002611 -0.003313 -0.000975 -0.002470 -0.003554 -0.003639 0.001748 0.000838 
0.293035 0.089510 0.025573 0.003468 -0.002128 -0.004350 -0.003640 0.002899 
-0.154428 -0.072026 -0.039617 -0.017698 -0.012025 -0.001395 0.001517 -0.000387 
-0.015551 -0.002665 -0.001688 -0.000679 0.002535 -0.002828 -0.001309 0.001017 
0.011745 -0.002104 0.000886 -0.002170 -0.000030 0.001814 -0.000345 0.000558 
-0.007147 0.000722 -0.000949 -0.000654 -0.002640 -0.003176 0.000262 -0.001294 
0.009190 0.002364 -0.002844 -0.001020 0.002439 -0.003984 0.002971 0.003802 
-0.006682 -0.007576 0.000826 0.000735 0.001234 0.000714 -0.001219 0.001183 
0.002476 0.001001 -0.002046 0.000179 -0.000081 -0.002987 0.000639 -0.002209 
0.005242 0.001476 0.001562 -0.000164 0.000060 0.001653 0.001349 0.005355 
-0.005017 0.002765 0.002668 -0.000844 -0.000001 -0.002996 0.001191 -0.000454 
0.011641 -0.001011 0.000292 -0.000659 -0.000144 -0.000253 0.002839 0.000697 
-0.002267 0.000968 -0.002444 -0.003871 0.003263 -0.004275 0.000043 -0.000174 
0.013882 -0.001306 -0.001371 0.000952 0.000811 -0.000532 -0.004756 0.003178 
-0.005142 0.000575 -0.001395 -0.002550 0.001255 0.003416 -0.000447 -0.001898 
0.016115 -0.004850 0.003506 -0.000363 0.002329 0.000917 -0.000719 0.001757 
-0.020996 -0.000522 0.005167 -0.000806 0.003296 0.000468 -0.000333 -0.000257 
0.013197 -0.012436 0.005636 0.001126 -0.002426 -0.009490 -0.004907 0.000489 
-0.006907 0.002932 0.004089 0.001216 -0.002254 -0.004375 -0.002252 -0.000447 
0.053297 -0.001535 -0.003560 -0.002698 -0.005269 -0.001059 -0.001803 0.000679 
0.011827 0.003400 0.003846 -0.001829 0.002048 0.000606 0.000896 -0.004176 
0.072103 0.001458 0.004609 0.003937 -0.000586 0.000363 -0.002700 0.009160 
-0.044277 -0.017745 0.005357 -0.011612 -0.002867 -0.008447 0.009128 -0.003594 
-0.016453 -0.000134 -0.000602 0.001074 -0.000332 0.004555 0.001544 -0.003985 
0.006366 -0.000112 0.000625 -0.000501 0.000063 0.002196 0.003405 -0.001540 
-0.013539 0.001914 0.000029 0.000250 0.006851 -0.000618 -0.002212 0.002637 
0.005347 -0.002096 -0.000165 -0.003176 -0.004257 0.002396 -0.002083 -0.000903 
-0.008901 -0.003126 -0.000442 -0.002640 -0.001319 -0.000128 0.001726 -0.000048 
0.002828 0.002397 -0.000241 0.002941 0.001471 -0.000935 -0.001316 -0.001809 
0.005672 -0.003651 -0.002942 -0.000858 -0.001953 0.003265 0.000405 0.001723 
-0.001593 -0.004402 -0.000631 -0.000805 -0.002065 -0.000400 0.001407 0.001956 
0.011611 0.004057 -0.000390 0.000004 -0.000514 -0.000478 0.000725 0.003144 
-0.000715 -0.001348 0.000246 0.000783 0.000776 -0.001762 -0.001921 -0.002861 
0.010569 -0.002328 0.002503 0.001286 -0.002732 -0.004885 -0.005948 -0.006046 
-0.005305 0.000477 0.001374 -0.002306 0.003244 -0.000093 -0.004365 -0.004400 
0.013816 -0.001908 0.000925 -0.000620 -0.002625 -0.001609 -0.002667 0.000405 
-0.008358 -0.000684 0.000637 -0.004684 -0.002697 -0.003383 -0.000932 0.001224 
0.020515 -0.002729 -0.003430 -0.002195 0.000473 -0.007836 -0.004584 -0.001045 
-0.010624 0.001236 0.000218 -0.004452 0.001423 -0.003114 0.002291 0.002634 
0.011940 -0.019287 0.002582 -0.004123 0.000001 -0.005905 -0.003093 0.000745 
0.011172 0.003949 0.004017 -0.003274 -0.003819 -0.003640 -0.002229 -0.003208 
0.130005 0.004376 -0.002846 0.004945 0.012589 -0.000894 -0.002167 -0.001399 
-0.028279 0.000069 -0.002048 -0.005558 -0.002270 -0.006113 0.002660 0.000778 
-0.011492 -0.000172 0.001398 0.005280 -0.000233 0.000220 0.003361 -0.003751 
0.011856 -0.000465 0.001984 -0.000662 0.003363 0.000505 0.000541 0.005984 
-0.002846 -0.003524 -0.004124 0.000568 0.005169 -0.000114 -0.001875 -0.000608 
0.004144 0.000267 -0.003699 0.001260 0.003281 -0.000062 0.002575 0.002728 
0.000426 0.001636 0.001465 -0.002471 -0.000680 -0.003343 0.000475 0.000087 
0.002188 -0.001919 0.006972 0.003741 0.001573 -0.003299 -0.002656 0.001345 
0.003913 -0.002653 0.000080 -0.002510 0.001206 0.000832 0.002859 0.000775 
0.003476 -0.002248 -0.002694 0.002289 0.000368 -0.003615 0.002364 -0.002407 
0.006364 -0.002886 0.000420 -0.002109 0.005086 -0.000838 0.001634 0.003506 
-0.001525 0.002411 0.000311 -0.001020 -0.000365 0.002793 -0.001243 -0.001567 
0.003596 0.004355 0.001264 0.004320 0.003108 -0.003532 0.003104 -0.000458 
-0.006321 0.000562 -0.005271 0.003717 0.004815 -0.001000 -0.001127 -0.001350 
0.001210 -0.000489 0.003524 0.004481 -0.000555 -0.002464 -0.001118 -0.000500 
-0.016142 0.001658 0.003726 0.000139 0.000084 -0.003150 -0.003924 0.006137 
0.010857 0.010017 0.003476 0.004537 0.004724 0.001363 0.003943 0.000594 
-0.006004 -0.006334 0.000666 -0.003808 -0.000472 -0.004584 -0.004286 -0.001335 
0.038409 -0.004375 0.007550 0.007836 -0.001880 0.000559 0.000957 0.003525 
0.008740 -0.005370 -0.000136 0.003166 0.002148 -0.010274 -0.003525 -0.004601 
0.011494 0.023314 0.008240 0.003120 0.007559 -0.010395 0.000635 0.008104 
0.003880 0.003622 0.003981 -0.002907 -0.000061 -0.001719 0.003834 0.002089 
-0.015971 0.002846 0.001553 -0.004536 0.004015 0.000475 -0.001256 0.000503 
0.010101 0.003424 -0.000876 0.005393 0.001030 -0.000727 -0.000593 -0.001264 
-0.006115 0.002949 -0.002650 -0.003811 -0.003531 -0.001009 -0.001284 -0.005156 
0.017398 0.001526 0.002274 -0.009631 0.000274 -0.005593 -0.002514 -0.000165 
-0.003495 -0.000699 0.002781 0.002602 -0.001907 0.003672 0.002851 -0.000484 
0.004187 -0.001564 0.004419 -0.001256 -0.002275 0.000042 -0.003454 -0.003235 
0.008074 0.001518 -0.001927 -0.002525 -0.001859 0.000359 -0.001685 0.000007 
-0.000482 0.002452 -0.006226 -0.003881 -0.001972 -0.001912 -0.003422 -0.000518 
0.002242 -0.001537 -0.000834 -0.002887 0.000236 0.004872 0.000906 -0.004677 
-0.007114 -0.002650 -0.004682 -0.004867 -0.004246 0.000163 -0.001111 0.000417 
0.004649 0.000565 0.000666 0.002834 0.001381 -0.004341 0.004230 0.000849 
-0.008315 -0.003673 -0.000816 -0.001415 0.000534 -0.001898 -0.001327 -0.005486 
0.004470 0.001849 0.002878 -0.001076 -0.003788 -0.005366 -0.001194 -0.000769 
-0.009473 0.002723 0.003098 0.001879 0.001951 -0.003468 -0.000516 0.000217 
0.010319 -0.001507 -0.003822 -0.001817 0.005352 0.000040 -0.005281 -0.001856 
-0.014098 -0.001564 0.002747 0.002631 0.000250 -0.011677 -0.001743 -0.002003 
-0.025409 0.010686 0.006735 0.003010 0.002986 -0.002280 -0.008241 -0.002417 
0.021595 -0.004559 -0.000581 0.000212 -0.004441 -0.006741 0.003110 -0.005197 
0.020174 0.017100 0.009607 0.006911 0.012991 -0.008699 0.000576 -0.003360 
-0.049282 0.004084 0.000206 -0.003631 0.002696 -0.017803 0.001706 0.012419 
-0.010160 0.001194 0.001520 -0.003019 -0.002551 -0.000110 -0.001041 0.000807 
0.012858 0.001785 0.000506 -0.002160 -0.002778 0.003983 0.002457 -0.001020 
-0.001648 -0.001577 0.000417 0.000601 0.000231 0.003851 -0.000449 0.001985 
0.008285 -0.002738 0.002098 0.003557 -0.003053 -0.002319 0.000141 -0.004015 
-0.004282 -0.000561 0.001073 0.000530 -0.002732 0.001792 -0.001246 -0.000380 
0.007128 0.000495 0.003243 -0.000906 -0.002159 -0.002781 -0.000151 0.003395 
0.002777 -0.004380 0.001412 -0.003807 0.006008 -0.004312 -0.000628 -0.001474 
-0.000583 -0.002313 0.000338 0.005696 0.000093 -0.002055 0.001852 0.000658 
0.001856 -0.003486 0.000980 -0.002043 -0.000678 0.004816 -0.002046 -0.001535 
-0.008890 0.000652 0.002201 -0.002580 -0.001003 -0.000349 -0.000604 0.002962 
0.008631 -0.009561 -0.005748 -0.000213 0.004304 -0.001327 -0.000105 -0.003626 
-0.008288 0.001907 0.000607 0.000674 0.003170 -0.004129 0.001491 0.002711 
0.006979 0.003777 -0.001560 0.004679 0.007774 0.003662 0.003316 -0.004892 
-0.007493 -0.001086 -0.002263 -0.001066 0.001686 -0.008820 -0.002088 0.001288 
-0.003180 -0.002924 0.005199 -0.000995 -0.003349 -0.001770 -0.003953 -0.007312 
-0.009199 0.002626 0.004131 0.000119 0.002194 -0.003424 0.000239 -0.001034 
0.022725 -0.023671 0.001887 -0.000212 -0.000327 -0.002080 0.000605 0.001425 
-0.002678 -0.001727 0.002685 0.000318 0.000673 -0.007617 -0.003995 0.001461 
0.066487 -0.027365 0.005516 0.004627 0.014384 0.001324 0.002784 0.004930 
0.020371 0.011620 -0.005418 0.003629 0.000630 -0.011026 0.003459 0.004389 
-0.005051 0.000108 0.002346 0.003862 -0.002776 0.003173 -0.003944 0.003009 
-0.003645 -0.000359 0.000331 0.001135 0.000828 -0.003614 -0.000428 -0.000102 
0.003238 -0.004189 0.000456 0.000561 -0.000090 -0.000668 -0.001978 0.002825 
-0.003301 0.001141 0.001590 0.005298 -0.001500 -0.000428 0.002699 0.003642 
-0.004465 0.004183 0.001676 -0.003647 -0.000191 -0.000283 0.001109 0.000290 
0.000640 0.001892 -0.001374 -0.001823 0.000169 -0.004480 0.000145 0.000687 
0.002785 -0.005184 -0.001528 0.003688 -0.001535 -0.003541 -0.003417 0.000845 
0.004406 0.002589 0.002998 0.000281 -0.004271 -0.001529 0.004164 -0.001278 
-0.004156 -0.003279 -0.001852 0.002997 -0.001660 -0.000793 -0.001236 -0.000166 
0.002203 0.002193 -0.002716 0.003278 0.002361 -0.003592 -0.004223 0.001097 
-0.002706 0.002870 0.001800 -0.001376 0.002846 0.000145 -0.001394 -0.003659 
0.004429 0.001850 -0.001461 -0.000867 -0.004048 -0.002417 -0.002723 -0.002401 
-0.006089 -0.006928 -0.001936 -0.002839 0.003410 0.003526 -0.002967 -0.003099 
0.009383 -0.001829 0.000052 -0.000340 -0.000624 -0.003526 0.005031 -0.004370 
0.005050 -0.000928 -0.002813 0.005894 -0.001651 -0.001505 -0.000925 0.003161 
0.003080 -0.004891 0.000911 0.002063 -0.002655 -0.005670 0.003893 -0.000129 
-0.007024 -0.008909 -0.001165 0.002848 0.010484 -0.000019 0.000770 0.000007 
-0.022873 0.002759 0.002494 0.003084 -0.002406 -0.007990 0.001336 0.000699 
0.015822 -0.047595 -0.005368 0.004814 -0.006784 -0.000528 0.001552 -0.003728 
-0.045887 -0.006673 0.005372 0.004794 -0.008084 -0.003215 0.003663 -0.005557 
-0.001419 0.006890 0.004729 -0.000429 0.001683 0.002144 -0.001627 -0.003396 
0.002532 0.002428 -0.000754 0.000700 0.002072 -0.005250 0.003218 0.000191 
-0.001296 0.000505 0.003452 0.000717 -0.000149 -0.000994 0.000161 -0.000597 
-0.002839 0.000209 0.003657 0.000376 -0.001728 0.001307 0.003316 0.003595 
0.000282 -0.003175 0.000374 -0.003021 0.002024 -0.001587 0.005418 0.002969 
0.000483 -0.001161 -0.002104 -0.000544 0.002706 -0.000248 0.003878 -0.000180 
0.001341 0.001837 0.002936 -0.003479 -0.002066 0.001517 -0.001855 -0.002943 
-0.002247 0.001051 -0.001123 0.001184 -0.000601 0.004474 -0.003549 0.001562 
0.009755 0.001226 0.002001 0.005943 -0.001129 -0.002648 -0.000955 0.001906 
-0.000992 -0.002221 0.002938 0.001475 -0.001163 -0.002443 0.001451 -0.002316 
-0.004390 -0.004569 0.003216 -0.004201 0.002097 0.001527 0.001190 0.000340 
0.004304 -0.002521 0.003649 -0.002707 0.002488 0.000559 -0.003644 0.000452 
0.003124 0.004309 -0.000619 0.001804 -0.003360 0.000482 -0.005057 0.002388 
-0.003848 0.002160 0.003294 -0.001128 -0.005647 -0.006416 0.000057 0.000820 
0.001312 0.000906 0.004750 0.001246 -0.002615 -0.005663 0.005120 -0.005584 
-0.007381 -0.005034 0.002092 0.004957 0.000229 -0.002706 -0.004086 -0.003873 
-0.007325 0.030414 0.002863 0.003768 -0.000782 0.001273 -0.002514 0.000759 
0.007284 -0.003919 -0.000841 -0.003624 -0.002985 -0.003661 -0.000197 -0.002959 
0.094591 0.001874 0.006221 -0.001282 0.001707 -0.000586 -0.001388 0.001105 
-0.072153 -0.006302 0.007153 -0.004599 0.001058 -0.004952 0.005770 0.000745 
-0.007945 0.001040 0.003380 0.001658 -0.001717 -0.002628 -0.001041 -0.002460 
0.003904 -0.003869 0.000663 -0.000695 0.004709 -0.002536 0.001398 0.001293 
0.000644 0.004905 0.005276 0.000769 -0.001344 -0.002730 0.001366 0.004519 
-0.003169 0.000878 0.002299 -0.003410 0.001287 -0.000361 -0.000368 -0.000030 
-0.004531 0.004599 0.000199 0.001449 0.004022 0.002272 0.002719 -0.001247 
0.000322 -0.002274 0.001954 0.001600 -0.001242 -0.001941 -0.003847 -0.001518 
0.006220 -0.007489 0.004850 0.003008 -0.002159 -0.004236 0.003694 0.000883 
-0.000676 -0.000089 0.001125 0.002690 -0.002101 0.000827 0.001313 0.004925 
-0.001571 0.006517 -0.000122 -0.002564 -0.000158 0.003623 0.008801 -0.001175 
0.002365 -0.000752 0.004493 0.002296 -0.003403 0.000041 0.001250 -0.000207 
0.001040 -0.001319 -0.002028 -0.004369 -0.000710 -0.003573 -0.002777 -0.001416 
0.004969 0.001472 -0.000804 -0.002983 -0.000351 0.000990 -0.003069 0.004408 
-0.005828 0.004650 -0.002697 -0.000812 0.002400 0.003868 0.004430 -0.000661 
0.000167 -0.006295 0.002925 -0.001697 -0.001206 -0.004986 0.002206 -0.002813 
-0.009148 -0.001553 0.001712 0.005419 0.001462 0.004905 -0.003440 0.007539 
-0.005534 -0.001345 0.000444 -0.002699 -0.003988 -0.001589 -0.006230 0.002831 
-0.025815 -0.017556 0.007185 -0.000826 0.001418 -0.005653 -0.003079 0.001749 
0.024028 -0.009579 -0.000440 -0.009272 0.002044 0.002652 0.003403 -0.000733 
0.049058 0.056772 0.004139 0.000388 0.004375 -0.003560 0.000209 0.008691 
-0.009075 0.003576 0.008153 -0.000074 0.001261 -0.001742 -0.006317 0.000142 
-0.002477 -0.002874 0.009074 0.000384 -0.002198 0.000501 -0.002960 0.000879 
-0.002996 -0.000510 -0.003588 -0.005002 -0.002992 -0.001208 0.002968 0.001604 
-0.000658 0.002461 -0.000898 0.005743 -0.003070 0.003034 0.001949 -0.001043 
-0.002556 -0.004283 0.001386 -0.000298 0.000780 -0.006468 -0.000777 0.002705 
-0.002725 0.001813 0.004491 -0.002430 -0.005151 0.002825 -0.001211 -0.002882 
0.002631 -0.000066 -0.000576 0.001713 -0.001929 0.004586 -0.000052 0.000330 
-0.003746 0.000448 0.003477 -0.000364 -0.001405 0.000174 0.000855 -0.000190 
0.002174 -0.004233 0.000419 0.000253 0.004860 -0.002762 -0.001870 0.000066 
0.002145 -0.004018 0.003633 0.000090 -0.001758 0.005528 0.003340 -0.000137 
0.005549 -0.002887 0.002374 -0.001346 -0.001024 -0.001396 0.000074 -0.004862 
-0.004212 0.000341 0.003867 0.003704 0.000606 0.004123 -0.002998 0.003565 
0.003307 0.002121 -0.001469 -0.000959 -0.001468 0.001327 -0.000968 0.005036 
-0.009930 -0.003780 -0.001873 -0.003786 -0.001239 0.000273 0.002297 -0.002454 
0.004935 -0.005012 0.000663 -0.000155 0.001751 -0.003844 0.001909 0.001261 
0.016497 -0.002231 -0.002223 0.003666 -0.002518 -0.000296 0.002533 0.003313 
-0.003457 -0.004518 0.004105 -0.004178 -0.001054 -0.000212 -0.005452 0.002644 
-0.010191 0.007926 0.005221 -0.001072 0.003494 -0.001662 -0.001488 0.003878 
0.025851 -0.006143 0.003527 -0.003053 0.000168 -0.002720 0.005473 0.001543 
0.001555 0.004670 -0.002274 -0.009337 0.008721 -0.002069 -0.003844 -0.003218 
0.019871 -0.001756 0.004351 -0.007114 0.000532 -0.015219 0.001201 -0.002108 
0.004767 0.001135 -0.000416 0.000233 0.001541 0.000287 -0.002502 -0.001348 
-0.002210 0.000706 -0.002138 -0.000415 0.000858 -0.001727 0.001456 -0.003974 
0.002708 0.000710 0.001483 0.000770 -0.005369 0.005260 -0.001003 -0.002477 
-0.003812 -0.003026 0.000945 -0.000325 -0.000756 -0.004077 0.000663 -0.002050 
0.004731 -0.000689 -0.002923 -0.000001 -0.002178 0.000878 -0.002470 -0.004027 
-0.003303 -0.000183 -0.003900 0.000471 0.001766 -0.005137 -0.000066 0.001476 
-0.001041 -0.001822 0.001084 -0.000496 -0.000045 -0.002281 0.003422 -0.006918 
0.003507 0.003345 0.005792 0.001635 0.001416 -0.002771 0.003492 0.000227 
-0.006454 0.008936 0.001440 0.000434 0.001232 0.003041 -0.001197 0.001466 
0.007753 -0.002444 -0.001655 0.000550 -0.000465 0.001650 0.001253 -0.003077 
-0.006513 0.000340 0.000680 -0.000914 0.006459 0.001203 0.004752 0.000638 
0.005883 -0.002350 0.003748 -0.000501 0.004067 0.001968 -0.001916 -0.002161 
0.001239 -0.001696 -0.001938 0.000243 0.000239 -0.001612 -0.002697 0.003203 
0.006131 -0.001411 0.005621 0.001346 0.003511 -0.002372 -0.001101 0.002404 
0.004325 -0.005689 -0.000709 0.000593 0.000144 -0.000018 0.002710 0.000892 
-0.001624 -0.002350 -0.000776 0.000702 0.004565 -0.005702 -0.000028 -0.000472 
-0.006106 0.003079 -0.001097 0.003897 -0.000366 0.000747 -0.002374 -0.001365 
0.004560 0.000870 -0.002093 -0.000349 0.000440 -0.001614 -0.002523 0.003488 
-0.049496 -0.096739 0.009396 0.006095 0.001891 -0.009684 -0.000910 0.003979 
-0.036503 0.007036 0.007583 -0.014615 -0.005241 0.001735 0.011964 -0.000753 
-0.003895 -0.000571 0.004310 0.000197 0.000785 -0.002965 -0.002468 -0.000593 
-0.005299 0.003097 0.001052 0.001887 -0.006869 -0.002299 0.000119 -0.000891 
-0.001614 -0.000012 0.001745 -0.000298 0.006493 0.005371 0.001795 0.003416 
0.002557 -0.003742 0.003322 0.000335 0.001847 -0.006512 -0.000732 0.003922 
0.005054 0.000837 0.004308 -0.001080 0.000297 -0.000535 -0.000308 0.003830 
0.003734 0.000845 0.000450 -0.002656 -0.002448 0.001870 -0.002032 -0.004139 
-0.002350 0.000026 -0.001670 0.001041 -0.000715 0.001901 0.002303 0.000076 
-0.000806 -0.004143 0.007384 0.000531 -0.008246 -0.001292 0.002017 -0.002879 
-0.000430 -0.001894 0.001299 -0.006444 -0.008366 -0.008121 -0.001693 0.000769 
-0.006388 0.001252 0.002382 -0.003505 -0.000435 -0.002160 0.006566 -0.001592 
-0.002420 0.006191 -0.001650 0.003460 0.003977 -0.004580 0.000141 -0.000149 
0.001619 -0.000314 0.001748 -0.004934 -0.003267 -0.003000 -0.008165 0.004712 
0.004854 -0.001045 -0.001896 -0.004913 0.003642 -0.000212 -0.000916 -0.001510 
-0.001948 -0.002939 0.005250 -0.000267 -0.000855 0.000819 0.006384 0.002452 
0.006237 0.004985 -0.001478 -0.001614 -0.001451 0.001291 0.002962 0.001479 
0.008771 0.001459 -0.003337 0.000692 -0.003531 -0.001846 0.000999 0.001253 
0.010675 -0.015223 0.005009 0.000561 0.000652 -0.005980 -0.008385 0.004468 
-0.006319 -0.004685 0.004227 -0.008740 0.005992 -0.005759 -0.006874 0.002359 
-0.065152 -0.010743 -0.002013 -0.007837 -0.006027 -0.014437 0.006025 0.002714 
-0.042929 0.010097 0.005179 -0.011396 -0.006373 -0.003775 0.002673 -0.009196 
-0.007181 0.000046 -0.001322 -0.000847 0.000835 0.002339 -0.001657 0.000430 
0.006261 -0.004252 -0.001774 0.001060 0.003310 -0.001860 0.003394 0.001363 
-0.004604 0.002190 -0.000559 -0.000397 -0.000438 -0.002098 -0.001674 -0.000265 
0.007708 -0.001168 0.005184 -0.003782 0.000774 -0.002074 0.004114 -0.001189 
-0.006502 0.003759 -0.000263 0.002606 -0.004319 -0.003506 -0.004710 -0.001368 
0.001880 0.003441 0.001525 0.001024 -0.002195 0.002166 -0.002053 0.004611 
-0.003569 -0.001248 -0.001683 -0.000801 0.001378 -0.000105 -0.000006 -0.002253 
-0.002314 0.000011 -0.001704 0.000000 -0.000939 -0.001594 0.000573 -0.001017 
0.010355 -0.002124 -0.001555 0.000277 0.002311 -0.002364 0.000555 0.005189 
-0.001199 0.001434 -0.001425 0.001050 -0.000003 0.001066 -0.000654 -0.000346 
0.004043 -0.004978 -0.003325 0.002886 -0.002101 0.000854 -0.002373 0.001163 
0.001743 -0.001022 0.004725 0.000408 -0.000725 -0.001689 0.004290 -0.002467 
0.011527 0.005657 -0.000022 0.004695 0.000096 -0.003898 -0.002620 -0.000351 
-0.011623 -0.001489 0.005544 -0.000954 -0.003221 -0.006310 -0.002315 -0.003763 
0.005035 -0.003412 0.002264 -0.004377 0.003628 0.001149 0.003596 -0.002632 
0.011266 -0.004328 0.001798 -0.007652 0.001148 0.001938 -0.004751 0.002658 
0.013179 0.004224 0.004484 -0.005108 0.000962 -0.006610 -0.001866 0.003832 
0.002604 -0.005294 0.007122 0.000479 0.002924 0.003678 -0.001738 0.001593 
0.061066 0.058526 0.007382 0.012660 0.001092 -0.011222 -0.000533 -0.001337 
-0.056286 -0.008810 0.015199 -0.003049 0.007846 0.002432 0.002628 0.001159 
-0.008352 0.001531 0.003352 0.000131 0.003341 0.000734 0.001462 0.002394 
0.007176 -0.007864 -0.000635 -0.001660 0.000650 -0.003081 0.002313 0.003595 
-0.004907 0.000868 0.003931 0.001419 -0.000374 -0.001214 0.005573 -0.003897 
0.005611 -0.008184 0.003268 -0.003152 0.005243 0.004350 -0.002057 0.000014 
0.006631 -0.005304 0.002688 -0.004996 0.000325 0.001677 0.000619 0.000516 
0.007031 -0.006605 -0.002092 -0.000812 0.002842 -0.001729 -0.002839 0.000738 
-0.002311 -0.003308 0.006743 0.000285 0.000025 -0.003647 0.002057 0.003229 
0.003731 -0.009435 0.000632 -0.005450 -0.000405 -0.003200 -0.000306 -0.002513 
0.003625 0.001377 0.000543 0.003150 0.001496 -0.001264 -0.000871 0.003058 
0.001826 -0.015699 0.005830 -0.003496 -0.002547 -0.003122 -0.005734 -0.006973 
0.002754 0.003734 0.004349 -0.001223 0.003058 -0.002382 0.001065 0.002625 
-0.005803 -0.014324 0.004038 -0.007481 0.004069 -0.002550 -0.007008 -0.001282 
0.000736 -0.008404 0.001797 0.006119 -0.003700 -0.000779 0.000322 0.003953 
-0.009401 -0.017466 0.002912 -0.004893 0.004043 -0.007554 -0.001191 0.003275 
0.011276 -0.008728 -0.002228 0.005814 -0.000566 -0.003710 0.006247 -0.000319 
-0.001891 -0.020260 0.003047 -0.005454 -0.002770 -0.005589 -0.006268 -0.003603 
0.016301 -0.004167 0.003824 0.004795 -0.003408 0.007310 -0.000912 0.004387 
-0.004063 -0.027359 -0.000418 -0.008161 -0.000728 -0.010734 -0.002326 -0.002173 
-0.014668 -0.087070 0.006498 0.011550 -0.006479 -0.002908 -0.001516 0.006691 
-0.124631 -0.022303 0.020660 -0.001806 -0.008763 -0.001796 0.000597 0.012077 
0.004128 0.002515 0.000275 0.000887 0.001620 -0.002010 0.006387 0.003244 
0.004661 -0.008799 0.006823 0.001364 0.003947 0.000599 0.002163 -0.001315 
-0.001475 -0.000989 0.005685 -0.002766 0.001796 -0.000180 -0.000585 0.004022 
0.007053 -0.010450 0.001342 0.003420 0.005641 -0.003691 -0.001754 0.000317 
-0.005236 -0.002535 -0.000042 0.004186 -0.004954 -0.003944 0.000367 0.003134 
0.003210 -0.008303 0.005348 -0.001518 0.000975 0.001790 -0.002473 0.001312 
0.003160 -0.001133 0.000719 0.003374 0.001593 0.000285 -0.002256 0.001102 
0.002914 -0.008765 -0.000101 -0.001778 0.001836 -0.002716 -0.007047 0.004121 
-0.002477 -0.009472 0.009735 0.003662 -0.003136 0.001556 0.001836 0.003866 
0.004114 -0.007319 0.004003 -0.000080 0.003305 0.001404 -0.001918 0.000116 
-0.001883 0.002970 0.003092 0.001661 -0.008679 -0.001142 0.002332 0.005021 
-0.004450 -0.007447 0.013175 0.008904 0.006267 -0.009069 -0.003716 0.000293 
-0.004847 0.000243 0.013666 0.009226 -0.004421 -0.004391 0.001966 0.014270 
-0.006439 -0.012985 0.006478 -0.004681 0.004255 -0.008841 -0.006928 -0.004225 
-0.000552 -0.001246 0.014721 0.010973 -0.003303 0.004859 0.005527 0.014971 
0.008373 -0.014171 0.015714 -0.006811 0.004324 -0.013396 -0.008074 0.006648 
-0.027620 0.015897 0.003139 0.006637 -0.002287 0.002213 0.011814 0.010283 
0.003247 -0.026402 0.019308 -0.000468 0.005263 -0.012825 -0.000473 0.003214 
0.053818 0.037336 0.015437 0.015943 -0.002591 -0.007620 -0.002977 0.006490 
-0.001529 -0.022475 0.011243 0.005836 0.011726 0.000706 -0.009831 -0.005425 
0.022116 -0.003471 -0.005136 0.012369 0.004693 -0.010866 -0.003703 0.003163 
-0.023322 -0.002149 0.014297 -0.002941 -0.001543 0.006497 -0.007581 0.000527 
0.016259 -0.008910 -0.006333 0.007002 -0.003075 -0.019462 0.000778 0.005950 
-0.020647 -0.007501 0.013685 0.001325 -0.003540 0.005837 -0.007467 -0.003397 
0.013572 -0.006646 -0.012148 0.012798 -0.003787 -0.020098 -0.002091 0.001427 
-0.008334 -0.003691 0.019815 0.008396 0.000661 0.015519 -0.017566 -0.006469 
0.000126 -0.014117 -0.003642 0.007168 0.000235 -0.017902 0.001579 -0.000747 
-0.024555 -0.006382 0.021493 0.005897 -0.007796 0.020210 -0.021420 0.000660 
-0.009009 -0.013980 -0.012850 0.012830 0.001525 -0.016169 -0.000763 0.014059 
-0.008799 -0.003797 0.018392 0.001306 0.003670 0.019707 -0.011523 0.003238 
-0.006872 -0.008879 -0.015891 0.014109 -0.012849 -0.025641 0.005267 -0.001305 
-0.023309 0.003723 0.034394 0.000902 0.004349 0.030681 -0.019362 0.003267 
-0.002516 -0.017442 -0.008866 0.010428 -0.004937 -0.019906 -0.010687 0.011212 
-0.008343 -0.007477 0.042828 -0.001378 0.006288 0.026814 -0.019358 -0.002729 
-0.016405 -0.023710 -0.017587 0.007726 -0.012815 -0.025285 0.002669 0.010038 
-0.022181 -0.004907 0.034956 0.003809 0.007572 0.039123 -0.013414 -0.007500 
-0.015494 -0.024035 -0.010719 0.003863 0.005959 -0.014336 -0.025489 -0.007800 
0.000425 -0.022878 0.037493 0.007767 0.002436 0.037025 -0.034584 0.004696 
-0.079490 0.049224 0.009972 0.007343 -0.011215 0.004956 0.003928 -0.009078 
-0.016523 0.010168 0.044616 0.001659 0.029134 -0.007818 -0.031518 -0.016753 
