0.155800 1.085230
0.187320 1.221170
0.147568 1.276968
0.137916 1.286028
0.113167 1.252299
0.079075 1.189170
0.085196 1.100724
0.073337 1.013218
0.118952 0.962796
0.025747 1.144130
-0.386308 1.102178
-0.325095 1.208036
-0.182952 1.262205
-0.106616 1.280396
-0.038611 1.253505
0.001851 1.200977
0.029192 1.103918
0.049064 1.012238
0.066075 1.019831
0.163275 1.225115
0.005055 0.893817
0.023068 0.948171
0.030629 0.970370
0.023356 0.975962
0.027006 0.968798
0.029864 0.968932
0.017142 0.953079
0.033840 0.950952
-0.018525 0.946171
-0.066342 0.936879
0.008652 0.893118
0.005109 0.951279
0.012544 0.967065
0.007466 0.979827
0.002158 0.975931
-0.013009 0.971018
-0.024545 0.973396
-0.033822 0.955648
-0.015243 0.989530
0.303749 0.965871
0.154195 1.084945
0.183462 1.218816
0.141564 1.274356
0.132759 1.283428
0.107572 1.250523
0.073163 1.188031
0.080727 1.099673
0.067014 1.013509
0.122996 0.965403
0.029090 1.120089
-0.385137 1.101305
-0.324057 1.207046
-0.183563 1.259700
-0.107044 1.276455
-0.038473 1.249757
0.003613 1.197790
0.031576 1.106970
0.053994 1.011141
0.067888 1.033693
0.119657 1.214825
0.003720 0.705667
0.008233 0.705469
0.006641 0.697812
0.011187 0.694219
0.000401 0.696651
0.000393 0.705593
-0.014270 0.703158
-0.004058 0.700125
0.034306 0.704808
-0.044353 0.747622
-0.067628 0.702170
-0.104685 0.702828
-0.158210 0.701107
-0.193305 0.703186
-0.233103 0.706960
-0.266151 0.709782
-0.300247 0.711885
-0.335198 0.700931
-0.311704 0.697693
-0.338996 0.817495
0.005517 0.706176
0.016891 0.697923
0.026102 0.694135
0.031564 0.685087
0.033144 0.682193
0.035717 0.678940
0.041307 0.674455
0.046831 0.679223
0.091933 0.660494
0.035063 0.748954
-0.013903 0.702719
-0.027179 0.700553
-0.052637 0.697697
-0.057167 0.694520
-0.069385 0.690615
-0.079244 0.691953
-0.100144 0.684262
-0.087867 0.684129
-0.058275 0.694363
-0.184890 0.681791
0.007340 0.698553
0.011841 0.694570
0.033935 0.700700
0.036351 0.711114
0.044077 0.713500
0.059973 0.716465
0.062127 0.710791
0.060367 0.695024
0.078398 0.642945
-0.000209 0.751698
-0.014516 0.696148
-0.029872 0.698209
-0.040394 0.703252
-0.040576 0.710282
-0.042123 0.718257
-0.050861 0.714208
-0.050625 0.714379
-0.048319 0.698396
-0.087572 0.681687
-0.297042 0.660280
0.013284 0.694798
0.012574 0.712967
0.025976 0.759042
0.024272 0.793532
0.030191 0.815699
0.031395 0.811624
0.041330 0.802647
0.045829 0.753995
-0.022444 0.732411
0.009469 0.799019
-0.013212 0.694743
-0.017729 0.712814
-0.036316 0.754363
-0.030207 0.780974
-0.032491 0.811279
-0.021529 0.816787
-0.022081 0.796511
-0.028776 0.759434
-0.080183 0.757313
-0.086841 0.774171
0.018261 0.704527
0.016905 0.739806
0.024480 0.793796
0.029095 0.831612
0.026886 0.849927
0.026737 0.842094
0.029846 0.804643
0.022092 0.754244
-0.021771 0.708790
-0.164455 0.783312
0.052263 0.701931
0.060482 0.734074
0.051427 0.780652
0.050170 0.826897
0.027464 0.838532
0.027044 0.832379
0.008114 0.791702
-0.004577 0.751579
-0.001808 0.711245
-0.039751 0.828187
0.019311 0.657756
0.030493 0.689397
0.055253 0.742592
0.060929 0.763686
0.065888 0.770457
0.074941 0.757341
0.081092 0.718076
0.086788 0.667684
0.087984 0.649560
-0.026991 0.800225
-0.014840 0.661362
-0.044416 0.698585
-0.094248 0.743897
-0.107075 0.767698
-0.137974 0.778689
-0.153825 0.754837
-0.184328 0.725943
-0.193150 0.666978
-0.208925 0.642412
-0.412040 0.740559
0.006269 0.708891
-0.001420 0.702947
0.017135 0.701284
0.015773 0.703309
0.011147 0.695621
0.029472 0.701394
0.030594 0.702894
0.025957 0.694044
0.040525 0.681680
0.018557 0.642058
-0.007850 0.705796
-0.017385 0.705319
-0.018954 0.712299
-0.019642 0.706349
-0.009518 0.700396
-0.032372 0.701211
-0.025606 0.710451
-0.040205 0.695359
-0.052292 0.701036
-0.189155 0.663388
0.009010 0.707322
0.005002 0.703322
0.013295 0.704219
0.018025 0.701538
0.022778 0.708556
0.030225 0.716237
0.031867 0.704277
0.019862 0.703276
0.052144 0.692742
0.008223 0.651596
-0.005643 0.705351
-0.014647 0.708641
-0.028013 0.710092
-0.023018 0.706361
-0.024257 0.714588
-0.016421 0.710252
-0.017847 0.710679
-0.032372 0.710537
-0.037813 0.701155
-0.160504 0.692444
0.002930 0.706737
0.008961 0.705506
0.013230 0.708217
0.018741 0.703066
0.021132 0.702061
0.022012 0.707003
0.020317 0.706635
0.030681 0.705056
0.019564 0.690965
-0.130476 0.677056
-0.010900 0.704022
-0.011599 0.708047
-0.017808 0.707120
-0.019030 0.707236
-0.015060 0.706403
-0.021458 0.709515
-0.024492 0.703893
-0.014554 0.694006
-0.040477 0.677197
-0.159644 0.704715
0.001371 0.707576
0.008787 0.706836
0.014800 0.712989
0.015847 0.710708
0.022118 0.715472
0.026218 0.710011
0.026340 0.699051
0.031327 0.707227
0.038222 0.663057
0.075243 0.771201
-0.005578 0.702575
-0.011828 0.708120
-0.014529 0.710290
-0.011296 0.712182
-0.022803 0.707574
-0.018871 0.713282
-0.027715 0.712134
-0.004156 0.702992
-0.027703 0.679992
-0.044996 0.799181
0.007163 0.706895
0.006385 0.705955
0.018083 0.708473
0.012421 0.706445
0.016648 0.713745
0.026144 0.720872
0.025653 0.720950
0.025578 0.703208
0.020437 0.694358
0.033367 0.753970
-0.015216 0.702459
-0.013926 0.707100
-0.008707 0.707459
-0.013437 0.714741
-0.021515 0.729217
-0.022317 0.701736
-0.014701 0.716899
-0.011006 0.710192
-0.031633 0.720178
-0.086376 0.683037
0.004424 0.708330
0.007951 0.708134
0.018962 0.713587
0.007968 0.716032
0.018643 0.717174
0.023393 0.723725
0.019193 0.722161
0.034886 0.723553
-0.036946 0.687980
-0.061952 0.620631
-0.008711 0.703119
-0.011619 0.707754
-0.010363 0.711529
-0.012421 0.712719
-0.014018 0.718581
-0.009544 0.714000
-0.015847 0.715219
-0.016838 0.709408
-0.027961 0.706498
-0.040358 0.766103
0.000564 0.706608
-0.000958 0.710463
0.006566 0.714545
0.014386 0.716857
0.014505 0.726412
0.019999 0.717666
0.019692 0.719726
0.016666 0.709095
-0.006800 0.711973
0.001173 0.677830
-0.008089 0.702872
-0.007713 0.704608
-0.020899 0.711044
-0.018417 0.717284
-0.016368 0.728968
-0.008959 0.728303
-0.008327 0.718807
-0.020872 0.730385
-0.052772 0.735193
-0.119398 0.729614
0.011872 0.707917
0.006128 0.710421
0.012703 0.716856
0.008039 0.724007
0.013965 0.728490
-0.000009 0.725108
0.026542 0.730646
0.022700 0.707987
-0.005870 0.725825
0.109980 0.769320
-0.011291 0.706943
-0.014803 0.709478
-0.023449 0.712923
-0.015095 0.717674
-0.017207 0.723031
-0.016617 0.724991
-0.007176 0.723678
-0.005503 0.716189
-0.043432 0.700778
0.101563 0.652539
0.009641 0.705485
0.002877 0.710279
0.007805 0.720617
0.008541 0.733399
0.003212 0.729869
0.001030 0.728629
0.010774 0.728492
0.019538 0.726090
0.004729 0.719242
0.050310 0.665919
0.004753 0.704933
0.002225 0.711008
-0.007829 0.711820
-0.000818 0.725637
-0.006338 0.734720
0.003940 0.730890
-0.002659 0.727821
-0.002756 0.724406
-0.027736 0.712212
-0.007388 0.762221
0.012599 0.705531
0.016439 0.710198
0.008462 0.723258
0.015582 0.723595
0.014212 0.733381
0.023467 0.739735
0.012678 0.732572
0.007618 0.729341
-0.001461 0.703976
-0.056154 0.706994
-0.015910 0.707110
-0.010312 0.711497
-0.017471 0.721388
-0.019723 0.727500
-0.021239 0.732123
-0.017833 0.733408
-0.017281 0.730310
-0.019136 0.717064
-0.034625 0.728342
-0.118302 0.732405
0.002719 0.704951
0.000466 0.710053
0.010629 0.724830
0.007244 0.726663
0.018573 0.734069
0.015178 0.743078
0.008538 0.733465
-0.001532 0.712287
-0.018457 0.697090
-0.053580 0.729978
-0.005564 0.706136
-0.003754 0.712315
-0.014833 0.718614
-0.023294 0.733113
-0.018502 0.731717
-0.010162 0.734789
-0.017252 0.726689
-0.029563 0.727198
-0.019582 0.700864
-0.165162 0.711363
0.016259 0.709704
-0.002343 0.717818
0.001460 0.729357
0.011930 0.736681
0.005292 0.744053
0.013718 0.736152
0.012497 0.737491
0.014380 0.721579
-0.010308 0.717505
-0.002002 0.735689
0.018783 0.701315
0.015874 0.710018
0.007352 0.717565
0.006397 0.730180
-0.006972 0.730659
0.002349 0.731349
-0.012219 0.721856
-0.009666 0.723403
-0.009315 0.707038
0.094451 0.812059
0.021344 0.713067
0.027345 0.721100
0.030495 0.731022
0.024157 0.736449
0.019710 0.739624
0.014362 0.736523
0.025276 0.729955
0.020002 0.713186
-0.010742 0.694915
-0.124297 0.817045
0.051948 0.700101
0.043135 0.704885
0.040303 0.712823
0.049260 0.727990
0.024081 0.728189
0.022703 0.734892
0.021941 0.718729
0.011425 0.701080
0.008420 0.710080
0.064266 0.725378
0.004673 0.709685
0.007338 0.712911
0.005374 0.722038
0.005325 0.727299
0.003604 0.728762
0.003573 0.733456
0.003439 0.724900
-0.010323 0.719987
-0.003757 0.716957
-0.027324 0.646209
0.083806 0.702469
0.076793 0.709677
0.067050 0.718804
0.058240 0.723858
0.044285 0.729447
0.028601 0.721188
0.014427 0.718647
0.018781 0.713909
0.021887 0.719940
-0.034492 0.678748
0.030833 0.701891
0.029236 0.711582
0.032319 0.710357
0.042607 0.714218
0.031154 0.713906
0.030277 0.714044
0.041034 0.713497
0.033551 0.716447
0.054257 0.727574
-0.129617 0.710687
0.112316 0.704239
0.108974 0.698617
0.089470 0.708440
0.087548 0.704469
0.067027 0.706111
0.069966 0.704549
0.060316 0.706687
0.048611 0.694207
0.071477 0.711503
0.103912 0.795900
0.048019 0.947619
0.070521 0.939441
0.048814 0.940231
0.038896 0.930924
0.029757 0.926710
0.013620 0.918005
0.000722 0.915259
-0.025540 0.902885
-0.038481 0.877117
-0.016798 0.920803
0.000879 0.949125
-0.001140 0.935070
0.017229 0.932713
0.015841 0.933288
0.007680 0.936985
0.033495 0.920734
0.014527 0.909046
0.043934 0.900247
0.041175 0.913522
0.092502 0.816420
-0.000823 0.897474
-0.003690 0.957655
-0.002577 0.973209
-0.009275 0.982787
-0.027256 0.971251
-0.025293 0.978582
-0.041872 0.970834
-0.030140 0.954607
-0.046496 0.970393
-0.082848 0.994565
-0.005564 0.888076
-0.001069 0.937196
0.012750 0.962850
-0.014002 0.967282
0.009789 0.973300
-0.005559 0.965807
-0.011787 0.955453
-0.032109 0.944024
-0.066957 0.959731
0.082625 0.889087
0.047558 0.948591
0.069559 0.941040
0.048177 0.943639
0.037370 0.932532
0.024796 0.928651
0.008904 0.922086
-0.006486 0.918500
-0.030557 0.902145
-0.043987 0.878219
-0.028379 0.946217
0.000446 0.948930
-0.001207 0.936427
0.018480 0.936376
0.013473 0.934743
0.008534 0.939632
0.031992 0.922193
0.011962 0.911182
0.037867 0.903918
0.030418 0.910961
0.103486 0.798402
0.002663 0.706980
0.005650 0.701824
0.005042 0.703954
0.017593 0.704203
0.006209 0.700291
0.010269 0.699606
0.013194 0.694080
0.027494 0.704563
0.053317 0.702794
-0.035841 0.669003
-0.002702 0.710794
0.003107 0.710413
-0.010028 0.709488
-0.002035 0.709566
-0.007857 0.707611
0.001085 0.703560
-0.003615 0.704341
-0.003148 0.698812
-0.033588 0.696125
0.152988 0.612843
0.018229 0.712269
0.013988 0.708625
0.019689 0.713243
0.023517 0.708678
0.027664 0.706982
0.021896 0.709733
0.020428 0.700586
0.020619 0.693130
-0.000964 0.688008
0.136518 0.708350
-0.007687 0.710665
0.003166 0.714119
0.002790 0.714747
-0.001525 0.717326
-0.001003 0.708638
0.002672 0.701626
0.006295 0.702059
0.000388 0.704535
0.032756 0.684742
-0.024450 0.828247
0.015526 0.707816
-0.006545 0.711524
-0.008651 0.710511
-0.008284 0.709860
-0.005693 0.700352
-0.018484 0.714680
-0.008921 0.707269
-0.025900 0.706800
-0.029481 0.715418
0.074014 0.821475
0.001592 0.710970
0.022597 0.709971
0.020672 0.709730
0.035635 0.712265
0.031347 0.711057
0.035210 0.699748
0.052716 0.706437
0.049959 0.710610
0.105398 0.692907
0.278509 0.785659
0.003852 0.706651
0.005451 0.702996
0.013282 0.706739
0.000493 0.704964
0.009014 0.709629
0.008406 0.717819
0.003674 0.705221
-0.006351 0.705413
0.037463 0.695798
-0.062390 0.664105
0.003029 0.709514
0.004113 0.708863
0.003328 0.703604
0.002683 0.706137
0.009900 0.714594
0.000727 0.709456
-0.010927 0.709851
0.029700 0.699577
0.009457 0.692453
-0.068411 0.754268
0.010072 0.704060
0.021350 0.698559
0.022704 0.699815
0.024730 0.710413
0.023660 0.709533
0.026187 0.706875
0.019061 0.710013
0.026024 0.702080
-0.017232 0.687735
-0.010076 0.781203
-0.011622 0.709570
-0.014186 0.701608
-0.018628 0.702936
-0.018951 0.704208
-0.020317 0.704790
-0.022447 0.713317
-0.016651 0.703448
-0.015033 0.706503
-0.038442 0.722765
-0.068010 0.733581
0.024617 0.709274
0.017198 0.701269
0.020327 0.708571
0.022127 0.718329
0.024931 0.708192
0.016389 0.711828
0.017139 0.713840
0.009513 0.697800
0.007786 0.703115
0.062800 0.769583
-0.006387 0.710140
0.011724 0.701743
0.003874 0.704388
0.012807 0.714461
0.011888 0.713721
0.014528 0.715862
0.023432 0.701022
0.036857 0.701243
0.060882 0.710603
0.133271 0.721108
0.005608 0.707008
-0.000350 0.706043
-0.014107 0.706084
-0.002644 0.708070
0.006517 0.702658
-0.008781 0.699243
-0.004848 0.707922
0.000908 0.701972
-0.026376 0.709518
0.085713 0.633152
-0.002444 0.708343
0.007028 0.708782
0.007458 0.712041
0.016596 0.706832
0.011067 0.705624
0.007219 0.706822
0.023202 0.703609
0.014389 0.705932
0.032534 0.729110
0.118421 0.838445
0.005304 0.707030
-0.010043 0.705818
-0.005175 0.704485
-0.006350 0.706288
-0.006588 0.705604
-0.006939 0.710074
-0.003189 0.698603
-0.020432 0.700023
-0.006211 0.711369
0.035037 0.722507
-0.000898 0.710294
0.010659 0.707941
0.002460 0.711536
0.012524 0.713383
0.017409 0.712641
0.016155 0.706123
0.018665 0.707021
0.013316 0.711740
0.046749 0.711479
0.137151 0.703380
0.011741 0.705108
0.002133 0.708154
0.006444 0.705150
-0.008001 0.704202
-0.008044 0.704222
-0.010091 0.697228
-0.007166 0.706985
-0.020358 0.702981
-0.015995 0.702446
0.037520 0.624380
0.007635 0.708607
0.012229 0.709023
0.012350 0.706462
0.009838 0.710296
0.007482 0.714020
0.015201 0.703352
0.023098 0.712096
0.036379 0.711927
0.053801 0.699449
0.238445 0.658376
0.007397 0.705593
-0.003392 0.713107
-0.005064 0.707821
-0.003714 0.707083
-0.001782 0.704068
-0.010370 0.710184
-0.007797 0.708511
-0.004724 0.700956
-0.014935 0.680444
0.136934 0.749821
0.006760 0.708239
0.010887 0.705396
0.009557 0.706188
0.012413 0.706171
0.018466 0.708710
0.026848 0.699297
0.025623 0.706078
0.027899 0.715616
0.049098 0.720037
0.122676 0.701836
0.004025 0.705105
-0.003332 0.704878
-0.002536 0.705464
0.001273 0.702675
-0.007052 0.710598
-0.003922 0.706672
0.005109 0.697724
-0.015154 0.701780
-0.006308 0.702108
-0.148827 0.733284
0.002212 0.709516
0.011733 0.708407
0.009862 0.705456
0.021309 0.704973
0.015304 0.702474
0.013539 0.714229
0.024561 0.705802
0.018100 0.697608
0.059828 0.720142
-0.005512 0.684728
0.004421 0.707395
0.005839 0.707115
0.008011 0.705493
-0.000585 0.701848
0.005576 0.712495
0.004749 0.706772
0.002545 0.712868
0.004705 0.709766
0.035807 0.720649
-0.006808 0.759271
0.005847 0.708318
0.001121 0.710014
0.004108 0.706474
-0.002754 0.706280
0.004030 0.712244
-0.006645 0.705590
0.009539 0.704837
0.016838 0.701929
0.010537 0.719063
-0.071780 0.838094
0.004092 0.706525
0.004877 0.706443
-0.002567 0.704887
-0.006588 0.713348
-0.002527 0.701778
-0.000827 0.713406
-0.001110 0.707947
-0.015684 0.709976
0.021842 0.693202
-0.043456 0.732596
-0.000052 0.706825
-0.000317 0.704227
0.001214 0.706965
-0.001135 0.704708
0.003347 0.709378
-0.000948 0.704821
-0.020793 0.705572
0.011580 0.708673
0.003723 0.676397
0.104346 0.677818
-0.000145 0.710327
0.004906 0.706410
0.006657 0.709009
0.001822 0.702278
0.005803 0.709511
0.005505 0.709030
0.005822 0.698411
-0.008860 0.708521
0.016562 0.700016
0.033167 0.752444
0.000932 0.706214
0.001018 0.711037
0.002479 0.707680
0.004249 0.713063
0.001306 0.716344
-0.000602 0.710599
-0.004307 0.708576
0.006082 0.700686
0.017840 0.701624
-0.083342 0.734545
0.001824 0.703175
0.004234 0.707208
0.009136 0.704958
0.003307 0.702537
0.007068 0.704589
0.001650 0.705458
0.000036 0.705922
0.002606 0.705407
0.017554 0.691833
-0.049031 0.708994
-0.005602 0.709153
0.003626 0.710053
-0.004673 0.703734
-0.000638 0.706497
0.007724 0.702525
0.012304 0.710285
-0.006542 0.710146
0.011116 0.709151
-0.005312 0.684087
-0.097784 0.787684
0.001132 0.706445
-0.002650 0.704100
0.008560 0.704330
0.003427 0.705145
0.006337 0.710641
0.005255 0.712471
0.001937 0.704538
0.003350 0.710719
-0.012141 0.713244
-0.087554 0.691178
0.006277 0.708229
0.004133 0.710312
0.004995 0.707392
0.004902 0.707202
0.006945 0.708023
-0.002728 0.709239
-0.001657 0.710227
0.022696 0.706400
-0.001469 0.715374
-0.010502 0.611808
-0.000239 0.705939
0.003892 0.703613
0.002272 0.700982
0.001511 0.707137
0.003276 0.703235
-0.001634 0.706827
0.004161 0.711479
-0.001242 0.704327
-0.026356 0.672206
0.077091 0.771806
-0.006106 0.706948
0.001867 0.704019
0.003902 0.708433
0.000677 0.710395
-0.003106 0.709214
0.000733 0.706137
-0.000495 0.704945
-0.000196 0.707498
-0.011383 0.698539
0.004008 0.728083
0.010805 0.703121
0.017974 0.703739
0.020326 0.702218
0.020595 0.711718
0.010474 0.711697
0.017663 0.711121
0.017294 0.706643
0.003592 0.700024
-0.039616 0.690219
-0.062740 0.755916
-0.005372 0.712794
-0.002776 0.707721
-0.014746 0.709302
-0.002777 0.707873
-0.001670 0.709261
0.002596 0.709110
-0.006100 0.702870
0.007176 0.709253
-0.030968 0.714017
-0.047177 0.660868
0.020738 0.710710
0.022206 0.705621
0.026670 0.706694
0.023775 0.716098
0.019716 0.711718
0.019747 0.712077
0.013830 0.703270
0.035336 0.712472
0.030243 0.712063
0.049373 0.664077
-0.013991 0.705437
-0.011466 0.702964
-0.021082 0.708645
-0.024080 0.703669
-0.013322 0.702306
-0.021500 0.714908
-0.015670 0.707617
-0.010689 0.713210
0.007907 0.723883
-0.133340 0.776404
0.007302 0.709318
0.001870 0.704663
-0.000628 0.701992
-0.001816 0.709843
0.011414 0.703018
0.015540 0.711768
0.002310 0.714265
0.003133 0.714479
-0.001070 0.698886
-0.135978 0.693284
0.000485 0.705020
-0.004700 0.709618
0.008166 0.710176
-0.000524 0.707893
-0.008797 0.710036
-0.016006 0.707331
0.000759 0.708292
-0.007312 0.702152
0.000831 0.710657
-0.010432 0.718388
-0.013658 0.693687
0.006000 0.692712
-0.009305 0.693389
0.012459 0.697397
0.009371 0.699456
0.008656 0.700579
0.008121 0.695233
0.040140 0.700472
0.023933 0.720602
0.019286 0.803098
-0.048074 0.718377
-0.055502 0.715740
-0.056200 0.717929
-0.037336 0.718956
-0.059642 0.707669
-0.060619 0.717107
-0.052772 0.717182
-0.083686 0.706629
-0.064402 0.712357
-0.014269 0.654699
-0.059295 -0.028684 -0.000449 0.009898 -0.002725 0.004462 -0.002075 0.010935 
0.228275 -0.009934 0.000463 0.002525 0.003911 0.001968 0.000217 0.008994 
-0.064376 -0.020842 -0.006039 -0.006060 0.006446 -0.007212 0.006077 -0.004653 
0.161898 -0.014608 0.003307 0.003717 -0.001568 -0.001203 0.006402 0.000334 
-0.011782 -0.020131 -0.005067 0.010473 -0.005396 0.003622 0.007138 0.003887 
0.057318 0.000840 -0.001400 -0.003916 -0.003792 -0.000787 -0.001859 -0.003688 
0.000850 -0.010122 0.001594 -0.000595 0.004826 0.006136 -0.004604 0.007474 
-0.013385 -0.001844 -0.010687 -0.001560 0.003706 -0.005643 -0.010875 -0.004840 
0.011856 0.006849 -0.005054 0.000923 -0.010205 -0.000961 0.000893 -0.007400 
-0.090731 0.000892 -0.008324 0.000711 -0.006955 -0.006811 -0.001706 -0.007198 
0.067089 0.008579 0.003874 -0.008327 0.006338 0.004974 0.009898 0.007712 
-0.160253 -0.010466 -0.002171 0.002379 0.001720 -0.000593 -0.007831 -0.010422 
0.048172 -0.045331 -0.006732 -0.002921 -0.006555 0.001969 -0.000047 0.008464 
-0.210876 -0.025027 0.000827 0.001242 0.004410 0.007277 0.004275 -0.000107 
0.057615 -0.045223 -0.013954 0.002517 0.001254 -0.000259 -0.001089 -0.000505 
-0.246803 -0.034480 0.004434 0.004419 0.006538 0.010549 -0.003866 0.008248 
0.025652 -0.021758 -0.014864 -0.008177 0.004254 0.006469 -0.002259 0.013938 
-0.277696 -0.010443 -0.003992 0.003745 0.002539 0.000712 0.003687 -0.002232 
0.169608 -0.154798 -0.047778 0.017517 0.003859 -0.005292 0.002789 0.007445 
-0.398351 -0.089234 0.052679 0.021574 -0.006374 -0.002590 0.004893 0.008468 
0.004061 -0.009742 -0.003781 0.005748 0.002873 -0.003337 -0.003336 0.004811 
-0.020005 -0.007836 0.001481 0.004875 -0.000932 -0.004067 0.001090 0.000844 
-0.001806 0.006724 0.006059 -0.006552 -0.004006 -0.000208 0.005416 0.003087 
-0.006331 -0.000043 0.000312 -0.002760 0.001554 -0.010493 0.005404 0.002166 
-0.000576 -0.000992 -0.002689 0.003405 -0.004277 0.010544 -0.005085 -0.008094 
0.002993 -0.005030 -0.000225 0.012168 -0.002237 -0.000134 -0.005844 -0.001407 
-0.014414 -0.001544 0.005522 0.006166 -0.000904 -0.001984 0.003315 0.003996 
-0.000350 0.007408 0.003627 0.001967 0.004257 -0.001224 0.000226 0.007458 
0.005313 -0.022401 -0.005731 0.002423 0.001509 -0.003170 0.003748 0.004393 
0.016085 0.006751 -0.005156 0.013195 -0.002321 0.006301 -0.004924 0.004699 
0.018873 -0.007783 0.006034 0.007927 -0.002023 0.001702 0.001244 -0.011573 
0.021516 -0.005521 0.006180 0.008686 0.007713 -0.000176 -0.001875 -0.003950 
-0.026378 0.013751 -0.010962 0.002507 -0.000910 0.000737 0.004473 0.001263 
-0.002282 -0.002065 -0.007193 0.001986 0.005224 -0.009049 0.002103 0.003558 
-0.040001 -0.020445 -0.007524 0.017650 -0.007691 -0.000545 -0.008020 0.000135 
0.043450 -0.004314 -0.002381 -0.004669 0.004806 0.004591 -0.006361 0.014587 
-0.001089 -0.046638 -0.009947 0.012831 0.005741 -0.018360 0.002883 0.007236 
-0.006182 -0.006679 0.003754 0.004213 0.006584 0.019990 0.007496 0.003061 
0.255665 -0.053543 -0.032100 -0.001699 0.014936 -0.010433 0.015334 -0.019942 
-0.144479 -0.026869 -0.002946 -0.018454 0.004483 0.021560 0.007456 0.010750 
-0.060844 -0.029880 -0.000453 0.005578 -0.007758 0.010429 -0.007113 0.012936 
0.229828 -0.010851 -0.002457 0.001363 0.000064 0.003744 0.000337 0.005648 
-0.064191 -0.023375 -0.006854 -0.008668 0.003957 -0.002714 0.003365 -0.002338 
0.163475 -0.010952 0.005472 -0.000291 -0.001376 -0.006101 0.002541 0.000809 
-0.011589 -0.018292 -0.006564 0.013253 -0.005563 0.009689 0.007589 -0.000832 
0.057569 -0.001487 -0.004133 -0.003772 -0.004292 -0.003150 0.000187 -0.006387 
0.002848 -0.009398 0.002787 0.000116 0.002843 0.007846 -0.002055 0.003086 
-0.013106 -0.001541 -0.009460 -0.001890 -0.000342 -0.006902 -0.007476 -0.004218 
0.012223 0.007190 -0.006382 0.001742 -0.010451 0.002214 0.003733 -0.006617 
-0.093349 0.000265 -0.002501 0.000948 -0.005024 -0.002271 -0.000129 -0.006196 
0.067130 0.003694 0.004471 -0.006659 0.006737 0.003092 0.008429 0.003385 
-0.161793 -0.010161 -0.001292 0.002692 0.001387 -0.002589 -0.004376 -0.001053 
0.054264 -0.048509 -0.009437 -0.005028 -0.001263 0.001879 0.000759 0.001993 
-0.208231 -0.030382 0.002577 -0.001785 0.005880 0.002189 0.006161 -0.002151 
0.063494 -0.050003 -0.014942 -0.001317 -0.001154 -0.004956 0.002077 -0.001158 
-0.252406 -0.036249 0.005897 0.002501 0.003474 0.007090 -0.002752 0.005000 
0.022520 -0.019994 -0.013839 -0.007315 0.003910 0.004253 0.000242 0.012887 
-0.276539 -0.012334 -0.003614 0.001024 0.004334 0.001167 0.001889 -0.001432 
0.131915 -0.147656 -0.035143 0.012098 0.001994 -0.005870 -0.000956 0.007010 
-0.374297 -0.063717 0.050967 0.014794 -0.006203 0.000560 0.005783 0.006258 
-0.002466 -0.043498 -0.000102 -0.004414 0.008809 0.000088 0.005198 -0.003178 
-0.226776 0.003289 0.015338 0.005302 -0.012281 0.000263 -0.004369 0.003473 
0.012640 -0.010942 -0.012544 0.006127 -0.003709 0.008558 -0.002340 0.000987 
-0.148442 -0.008793 0.004987 0.005466 0.002786 0.006391 -0.004095 0.011151 
0.002105 -0.015652 -0.005574 0.002882 -0.000648 0.000699 0.006201 0.010384 
-0.063066 0.003829 0.000681 0.008946 -0.004623 0.000289 0.002926 0.001017 
-0.001174 0.005506 -0.008372 -0.002847 -0.006837 0.007572 0.006223 0.000881 
0.008752 0.010612 -0.002710 -0.010667 -0.002160 -0.006790 -0.002047 -0.004185 
0.007489 0.015965 0.008156 0.001824 -0.004924 0.001036 0.002650 -0.002638 
0.063213 -0.000472 -0.006062 -0.003053 0.007012 -0.006843 0.003849 0.004844 
-0.016928 -0.014599 0.013123 0.001104 -0.000806 -0.003949 0.009318 -0.000503 
0.121604 -0.008506 -0.003870 0.008298 0.006142 0.000355 -0.012897 0.003617 
0.027600 -0.026459 -0.009526 0.001858 0.005565 -0.007327 -0.009825 -0.000806 
0.177759 0.018632 -0.021989 -0.005597 0.004875 0.003555 -0.002286 -0.005729 
0.005930 -0.016854 -0.004310 0.011636 -0.003744 -0.008843 -0.005178 -0.004905 
0.181539 0.010991 -0.004817 0.000545 0.004789 0.007488 -0.012516 -0.018539 
0.047577 0.004202 -0.000065 -0.001769 0.011347 -0.004033 -0.001139 -0.005009 
0.079948 0.003678 0.010466 -0.005918 0.002372 0.020439 0.005247 -0.012630 
-0.059197 0.288104 -0.015759 0.062030 -0.019621 0.016251 0.001448 -0.005988 
0.162508 -0.007659 0.076133 0.012127 0.042086 -0.009405 0.001207 -0.005181 
0.041061 -0.010204 0.000363 0.004693 -0.007148 0.003946 0.004689 -0.001374 
-0.071625 -0.011752 -0.000329 0.003483 0.007163 0.007601 -0.003148 0.003488 
0.014382 0.007510 0.002058 0.002871 -0.001557 -0.003830 -0.005713 0.003271 
-0.054211 -0.001665 0.009677 -0.010092 -0.004790 0.005348 -0.013707 0.002043 
0.001783 -0.004749 -0.000985 0.001659 -0.005587 -0.000876 -0.000147 0.001848 
-0.016983 0.008148 0.006545 -0.004244 -0.000147 0.005989 0.003861 0.001058 
-0.024271 -0.000766 0.006023 -0.006783 0.001992 0.008110 0.001048 -0.005542 
0.004277 0.006011 0.003976 0.003197 0.001523 -0.006230 -0.006713 -0.007781 
0.002549 0.005271 0.002116 0.004667 0.005479 -0.003348 -0.000946 -0.000466 
0.031071 -0.004460 0.006135 0.001405 0.005690 -0.006355 -0.003943 0.002858 
-0.010708 -0.008979 0.003863 -0.005076 -0.006707 0.006579 -0.000161 -0.004811 
0.042718 -0.005081 0.006996 0.002263 0.000760 -0.002554 0.001037 -0.009131 
-0.026638 -0.001028 0.004175 -0.008207 -0.001983 -0.006964 -0.000050 0.007912 
0.045644 0.007112 -0.008650 -0.006361 -0.003452 -0.000142 0.005655 0.001812 
-0.048267 -0.012156 0.009345 0.007270 -0.002057 0.004020 0.004123 -0.007013 
0.081138 -0.010870 -0.002037 0.006603 -0.007904 0.002780 0.005686 -0.006410 
-0.115182 0.035666 -0.009581 -0.004164 0.007240 -0.001556 -0.000427 0.003151 
0.035632 -0.019648 0.011714 -0.007303 0.000207 0.000056 0.000877 -0.000266 
-0.083572 -0.034290 0.020871 -0.003635 -0.010007 -0.005441 -0.005484 0.002031 
0.136259 -0.031999 0.009099 0.010426 0.004941 0.002118 -0.000737 -0.002351 
0.052527 -0.000775 -0.001187 -0.005119 0.003654 0.009493 -0.003637 -0.003674 
-0.031822 0.000745 0.006659 0.000511 0.006077 0.000717 0.000316 0.007657 
0.050092 0.000890 0.005179 -0.004470 -0.008037 0.001946 0.004957 0.004637 
-0.018846 0.004427 0.006558 0.000587 0.002294 0.003880 -0.002534 0.002394 
-0.009236 0.010728 0.004419 0.004671 0.005437 -0.001100 -0.007402 0.002261 
-0.016320 0.004472 -0.003253 -0.002636 -0.000351 -0.008265 0.005277 0.003046 
-0.007168 -0.006686 0.003633 -0.010502 0.004245 -0.003075 -0.002938 -0.003473 
-0.008337 0.002735 -0.004077 -0.002782 -0.006808 -0.001615 0.000480 0.002636 
-0.007399 -0.007993 0.002646 0.002770 0.000346 0.012127 -0.002804 -0.002824 
0.006366 0.007525 0.002004 0.010876 -0.001973 -0.001228 -0.005487 0.002869 
-0.041655 -0.005773 0.003647 0.003449 -0.000803 0.007087 -0.002637 -0.010923 
0.010626 0.002510 0.004666 0.002755 -0.002245 -0.001433 -0.001725 -0.007739 
-0.053056 -0.021217 0.000487 -0.004325 0.000339 0.003876 -0.010954 0.000793 
0.036122 -0.003137 -0.010674 0.002606 -0.001381 -0.001919 0.005509 -0.004277 
-0.034519 -0.017948 0.008153 0.005901 -0.000073 -0.004185 -0.004412 0.000787 
0.036576 0.001649 0.000259 0.002678 -0.010040 -0.003725 0.003860 -0.001603 
-0.115185 0.059138 -0.009584 0.002179 0.002752 -0.000975 -0.003119 -0.009250 
0.070761 -0.008920 0.018370 -0.004080 0.009107 -0.004372 0.000660 -0.002782 
0.139442 0.083358 0.004911 -0.004662 0.014191 0.015114 0.007837 -0.012398 
0.252016 0.038075 0.042195 -0.010190 -0.010854 -0.005214 0.017063 0.007086 
0.020643 -0.011486 -0.000790 0.000097 -0.004459 -0.000292 0.006770 0.003064 
-0.006953 -0.004984 0.003064 0.005361 -0.001692 -0.005066 0.003452 0.007467 
0.009703 0.001310 0.002784 -0.000935 0.005689 -0.002311 0.008349 -0.007564 
0.003032 0.009849 0.007775 -0.003061 -0.003338 -0.002069 0.007401 0.001693 
-0.006156 -0.005176 0.000077 -0.000767 -0.000176 0.009552 -0.010133 -0.001024 
0.021878 -0.006842 -0.009532 0.000674 -0.002754 0.001749 0.000229 -0.002577 
0.009378 -0.012459 0.006108 0.000445 -0.005221 0.004863 -0.003266 0.001721 
-0.003093 0.002537 0.009443 -0.008840 0.001701 0.012462 -0.000973 0.003170 
-0.005503 -0.006961 0.007499 -0.004678 -0.005760 -0.002206 -0.005748 0.002588 
0.016569 0.000224 -0.005792 0.000724 0.004179 0.002761 -0.004315 -0.000297 
-0.015972 0.012550 0.003578 -0.006379 0.006915 0.000037 -0.005663 -0.001441 
0.023977 -0.000760 -0.004989 -0.001793 -0.000949 0.001340 -0.003986 -0.002007 
-0.030831 -0.002343 0.004205 0.000365 0.001519 0.002398 0.000207 -0.005144 
0.009232 0.005700 -0.008726 0.003255 0.002957 0.007615 0.012362 0.005681 
-0.010987 0.029004 -0.002571 0.001248 -0.000211 0.000460 -0.005075 0.005592 
0.002428 -0.004564 0.010417 0.003689 -0.005698 0.008304 -0.000991 -0.006455 
-0.060358 0.027105 -0.000142 -0.003500 0.013190 0.001744 -0.009523 -0.009134 
0.104453 -0.015135 0.004176 0.004223 -0.004577 0.001148 0.001627 -0.002135 
0.059888 -0.071831 -0.028514 0.008708 0.013205 -0.013430 -0.008723 0.001349 
0.267581 0.031209 -0.028413 -0.010256 0.011849 0.010534 -0.004488 -0.000836 
0.006548 0.006570 0.003639 -0.003557 -0.009298 -0.001320 0.002657 0.002012 
-0.035730 -0.006155 0.000533 0.001080 -0.005781 0.005486 -0.003538 -0.006781 
0.008437 -0.002679 0.009642 0.004848 0.001245 0.000543 0.001871 0.003034 
-0.017894 -0.009493 -0.000658 -0.003455 -0.000898 -0.005280 -0.003538 0.014733 
-0.006550 0.008616 0.000871 0.002263 -0.001671 -0.002329 0.000357 -0.002498 
0.010102 -0.002176 0.002798 0.003447 0.002060 -0.001053 0.003876 0.006389 
-0.004757 0.000875 -0.004636 -0.003594 -0.004928 0.010994 -0.010285 -0.001505 
-0.005772 -0.004292 -0.002214 0.004633 0.003519 -0.001359 0.005575 0.004588 
-0.012561 0.003973 -0.001667 -0.006159 0.001621 -0.000499 -0.007415 -0.002633 
0.049011 -0.006662 0.009716 0.007691 -0.003338 -0.000922 0.012101 -0.008004 
-0.009986 -0.007358 -0.003887 -0.004438 -0.006281 -0.002424 -0.006443 -0.001195 
0.048326 -0.010894 0.006008 -0.002556 0.001543 0.005760 -0.004837 0.001867 
-0.013973 -0.007779 -0.004838 -0.006463 -0.005628 0.009782 -0.000886 0.006772 
0.050802 -0.002960 0.006627 -0.002884 0.001371 0.005412 -0.003736 0.004965 
0.006986 0.002360 0.003108 -0.004288 -0.005314 0.007444 0.005358 0.005510 
0.050429 -0.007291 0.004574 -0.003746 0.002358 -0.002104 -0.000573 -0.004114 
0.039524 -0.071050 -0.000391 0.008447 0.004179 0.006080 -0.003829 -0.011058 
0.140051 0.017177 -0.017218 -0.016492 -0.005358 0.001502 -0.004390 -0.010080 
0.008121 0.176423 0.001006 0.025116 -0.007542 0.011635 0.001794 0.012970 
0.049435 -0.005345 0.015610 -0.010047 0.005317 0.002037 0.004853 -0.001804 
0.057898 -0.020668 -0.007037 -0.007573 -0.008391 -0.001846 0.009531 -0.000202 
-0.153204 -0.004720 -0.002765 0.000780 0.003455 0.001513 0.002045 0.008338 
0.043454 0.001756 -0.000839 0.005072 0.000342 0.006521 -0.000280 0.006713 
-0.081530 -0.000613 -0.006849 -0.003061 0.001155 0.002963 0.010502 0.003575 
-0.010454 0.001157 0.006549 0.007835 -0.006843 -0.004786 0.010391 0.002579 
-0.018454 -0.003775 0.003287 0.003601 0.005641 0.006020 -0.003318 0.001515 
-0.007443 -0.016876 -0.004083 -0.001809 0.002261 -0.007564 0.008275 -0.004500 
-0.001621 -0.001509 0.003182 0.002983 -0.007089 -0.009690 -0.000864 -0.006025 
-0.006750 0.002657 0.003895 0.005567 0.004756 -0.002437 -0.005322 -0.006524 
0.071072 0.002722 0.005586 0.003271 -0.011386 -0.002036 -0.002666 -0.002147 
-0.039026 -0.020818 0.002095 0.003721 -0.001960 -0.003922 0.005569 0.001062 
0.106246 -0.001587 -0.004413 0.001759 0.001024 -0.009364 0.004389 0.003750 
-0.052168 -0.026303 0.002363 -0.003844 -0.000213 -0.004162 0.008616 0.005757 
0.151163 -0.011352 -0.002696 -0.006779 -0.001342 0.001150 -0.002791 0.005149 
-0.047566 -0.032127 0.003488 0.003526 -0.009444 0.003004 -0.007547 -0.004181 
0.175175 -0.008754 -0.007705 0.003482 -0.004320 -0.002136 0.005664 -0.002492 
-0.144751 -0.008737 0.002465 -0.002429 -0.001817 -0.008126 0.002641 0.009847 
0.215194 -0.037990 0.008359 0.000834 -0.005418 -0.000385 0.000715 0.002235 
0.032677 -0.131285 -0.000435 -0.003988 0.007769 -0.009189 -0.005736 0.005517 
0.506254 0.015777 -0.009394 0.000793 0.011906 0.005684 -0.004213 -0.002641 
0.017540 0.000537 -0.000957 0.000156 -0.007574 0.001265 0.002225 -0.001898 
-0.011461 -0.000514 0.000988 -0.007543 0.012612 -0.006103 -0.007757 0.005821 
0.036325 -0.006484 0.006298 0.001786 -0.003320 0.001054 0.008557 -0.011620 
-0.014870 0.011953 0.000443 0.008519 0.002970 0.006378 0.009124 0.003230 
0.007333 0.011019 -0.005836 -0.002365 0.007041 -0.002222 -0.009569 -0.011323 
0.009014 0.001357 0.000915 0.002747 -0.000707 -0.006570 -0.010485 -0.002775 
-0.014516 0.009791 -0.001434 0.001380 0.001749 -0.002342 -0.000231 -0.005667 
0.011687 0.000987 -0.007017 0.000938 -0.001371 -0.002527 -0.004672 0.003496 
0.011705 -0.015662 0.001969 -0.001589 -0.004772 0.000770 0.009882 0.002625 
-0.011111 0.000217 0.007012 0.000485 -0.004073 -0.003169 -0.000910 -0.007473 
-0.028514 -0.017554 0.001689 0.002794 -0.011768 0.001192 -0.002638 0.009872 
0.027610 -0.002125 -0.000171 -0.001482 -0.007063 0.001929 -0.001195 -0.009954 
-0.025579 0.007110 -0.004004 -0.003137 0.009498 0.008004 -0.000402 -0.001090 
0.040479 -0.008898 0.001325 -0.002199 -0.007272 0.014409 0.009527 0.008764 
0.008462 0.001658 -0.004479 -0.005198 -0.007505 -0.003182 -0.000278 -0.002239 
0.005564 0.008173 -0.000699 -0.005408 -0.003697 0.008404 0.003129 0.013564 
-0.006874 -0.004096 0.001020 0.000060 -0.003813 -0.000441 0.001589 -0.001741 
0.024718 0.007313 0.005261 -0.005653 -0.004176 0.005120 -0.007873 -0.011324 
0.278443 0.203261 0.085993 0.068915 0.022866 0.025970 0.005229 -0.011703 
0.082393 -0.005891 0.003662 -0.006840 -0.008861 -0.000496 -0.000387 0.004218 
0.020142 -0.006775 -0.003837 0.004934 0.009233 -0.002052 -0.002288 0.007561 
-0.013332 0.005241 0.010986 -0.007075 0.003295 -0.002173 -0.002142 -0.004271 
0.014525 0.002290 -0.001192 -0.000271 0.003678 0.007307 0.001020 -0.000896 
0.000480 0.012833 0.009879 -0.004958 0.004997 0.007324 -0.003607 0.002413 
0.006223 -0.006255 -0.005875 -0.000017 -0.005021 0.001315 -0.001742 -0.003686 
-0.005665 0.007231 -0.006822 0.004436 0.004553 0.003161 0.004004 0.004102 
-0.002428 -0.005468 0.006456 -0.004598 0.004712 0.001211 0.002264 -0.005588 
-0.001844 -0.004078 0.001080 0.000649 -0.008815 -0.007587 -0.001065 -0.001873 
-0.011671 -0.001067 -0.002120 0.005357 0.005573 0.003409 -0.005423 0.004994 
-0.007813 0.004404 -0.000767 0.001144 -0.005837 0.001747 0.005723 0.004867 
-0.013165 0.003148 -0.002416 0.003055 0.003281 0.001602 -0.004667 -0.000028 
-0.023468 0.002523 0.010131 0.000374 0.001415 0.008218 -0.003371 -0.000932 
-0.025647 0.005400 -0.003922 -0.001420 0.000643 0.002029 0.004398 -0.012117 
0.006481 0.002770 -0.009467 -0.003758 -0.005344 0.012138 -0.001279 -0.005836 
0.034550 -0.003179 -0.014858 0.000774 0.008485 0.000523 0.013477 -0.005717 
0.013520 0.005547 -0.006472 -0.014131 -0.011954 0.014849 -0.001816 0.004009 
-0.022925 0.035940 -0.001843 -0.015950 -0.009643 -0.001704 0.005335 0.004561 
0.057867 -0.008553 0.008297 0.000077 -0.004017 0.006202 -0.002073 0.012680 
0.002117 0.409378 -0.023718 0.162287 0.005519 0.074620 -0.009035 0.021197 
0.108843 -0.001575 0.061274 0.002002 0.047102 0.009958 0.022992 0.024411 
0.032676 -0.006152 -0.004226 0.003933 -0.002799 -0.001803 0.009719 0.001292 
-0.009461 0.006576 0.001988 0.004895 -0.002931 0.006824 -0.004570 -0.005375 
0.018701 0.003485 0.000280 0.006124 0.002367 0.008356 0.000188 -0.000965 
-0.017353 0.006481 0.004574 0.003906 0.003213 0.000864 0.001586 -0.010758 
0.010653 -0.000671 -0.007759 -0.006995 -0.003201 0.005524 -0.004567 -0.003292 
-0.009589 -0.002922 -0.003748 -0.001071 0.009162 -0.000001 -0.001701 -0.001983 
-0.006132 0.005668 0.002965 0.005168 0.006871 -0.002615 0.007667 0.011418 
-0.003663 0.001067 0.001981 0.001631 0.003334 0.006548 0.000435 -0.011345 
-0.001129 0.014856 -0.002259 0.007287 0.003214 -0.001541 0.001018 0.008600 
0.023045 0.004714 -0.003119 0.007032 -0.001555 -0.004091 -0.001211 0.006990 
-0.014781 -0.023764 -0.007743 0.005939 0.004983 0.008862 -0.001144 -0.005495 
0.011308 0.006870 -0.009071 0.001581 -0.009327 0.002009 -0.001739 -0.005012 
-0.026642 -0.003261 -0.012042 0.000687 -0.001268 0.002290 -0.004026 0.007422 
-0.006055 -0.001014 -0.004723 0.005583 -0.008442 0.005518 0.000026 0.001720 
-0.024384 -0.013287 -0.000844 -0.007638 0.004410 0.012466 -0.007267 0.006358 
0.017317 -0.002212 0.008063 0.010615 -0.004190 0.005136 -0.000413 0.004065 
-0.073553 0.043468 -0.018271 -0.006534 0.001594 -0.006163 -0.000289 -0.001500 
-0.018122 0.009686 -0.004600 0.011434 0.005448 -0.004172 -0.016639 -0.006525 
0.121443 -0.205207 -0.036441 0.043716 0.006623 -0.011372 0.001950 0.000761 
0.066058 0.002978 -0.017186 0.015759 0.009341 -0.003460 -0.005215 0.016032 
0.020631 -0.004551 0.004666 0.007953 -0.001549 -0.002019 -0.000472 0.003689 
-0.020297 0.008646 0.001971 0.002785 -0.011674 0.003543 -0.008796 -0.002013 
0.016972 -0.002151 0.005513 0.000046 0.002365 0.001861 0.000963 -0.004746 
-0.001401 0.006098 -0.000927 -0.004436 0.005633 -0.010937 -0.003699 0.006789 
-0.018492 0.003313 -0.000154 -0.005755 0.007879 -0.005279 -0.005101 0.002728 
-0.010432 0.004916 -0.000013 0.005915 0.001098 0.004053 -0.004626 -0.016923 
0.015654 0.013186 0.011851 0.002406 -0.007997 0.007334 -0.003954 0.003481 
-0.008510 -0.008485 0.005683 -0.000787 0.000920 -0.002540 -0.001528 0.002428 
-0.018262 -0.006252 -0.008749 0.001456 -0.003048 -0.000175 -0.003374 0.001031 
0.016985 -0.005150 -0.009005 0.000072 0.002397 -0.001565 -0.000093 0.000894 
-0.034537 -0.006158 -0.009098 0.002853 0.003218 -0.004683 -0.007960 -0.001079 
-0.003839 0.000167 0.009373 0.001389 0.004636 0.009382 0.003851 0.004696 
-0.013300 0.007886 -0.000382 0.002752 0.000017 -0.005106 -0.005666 0.001565 
0.016710 -0.001003 0.006080 -0.002205 0.000359 -0.010581 0.001006 0.002664 
-0.049614 0.006198 -0.005004 -0.004492 0.009298 -0.001541 0.001977 -0.003388 
0.017609 0.007145 0.002654 -0.016870 0.001278 -0.001095 -0.008844 -0.011908 
-0.045282 0.020983 -0.007457 0.010709 -0.002708 -0.001371 -0.010731 0.005263 
-0.007663 0.005413 -0.002421 -0.001078 -0.002671 0.001501 0.008675 -0.001777 
0.054031 0.512037 0.037549 0.249163 0.014715 0.123986 0.013198 0.052825 
0.015109 -0.001946 0.019105 0.002357 0.008325 -0.006199 0.016511 -0.002858 
0.021903 -0.001524 0.006977 0.002196 -0.001296 -0.001205 0.004086 0.001636 
0.005653 0.003285 0.005239 -0.003743 -0.002082 0.001435 -0.003570 0.000531 
0.035355 0.012561 0.004605 0.001370 -0.001898 -0.003239 0.001839 -0.009100 
-0.006196 0.001723 0.009567 0.005083 -0.006645 -0.000782 -0.001428 -0.002375 
-0.012899 -0.008116 0.000515 -0.004230 -0.001033 0.001336 0.000035 0.000376 
-0.021031 -0.004311 0.001894 -0.002695 -0.004395 0.001828 -0.002605 0.004511 
-0.013190 -0.001279 0.005186 0.000138 -0.000160 -0.009808 -0.006208 0.002989 
-0.007383 -0.004517 0.002727 -0.000185 -0.002741 0.000543 0.006958 -0.000213 
0.002277 0.004931 -0.000223 0.002737 -0.000063 -0.001517 0.000267 0.001626 
0.009746 0.000301 -0.003311 -0.004731 0.004555 0.004215 -0.000205 0.006265 
-0.008553 -0.007351 -0.003734 0.005078 0.006787 -0.004670 0.001087 0.005932 
0.019279 -0.002187 -0.006181 0.000998 -0.000490 0.003438 0.009772 0.002080 
-0.015397 -0.014515 -0.005362 -0.010749 -0.006073 0.015600 -0.006779 0.000613 
0.003919 0.002754 0.004022 -0.001677 -0.006552 0.008776 -0.005600 -0.001028 
-0.023764 0.005479 -0.004767 -0.006774 -0.002450 0.001717 -0.000292 0.005724 
-0.007135 0.002397 0.001035 -0.011725 -0.008797 0.002824 -0.009523 -0.000084 
-0.043047 0.021586 0.000619 -0.009923 0.004178 0.016753 -0.002963 -0.017316 
0.061311 0.018140 0.000936 0.000980 -0.003265 -0.005686 0.002627 0.001446 
-0.253618 0.025856 -0.026779 -0.001154 0.006832 -0.000014 0.008784 0.012129 
0.114766 -0.014980 0.030083 -0.019559 0.010385 0.004631 0.000279 0.008903 
0.019305 0.010481 0.003616 -0.003914 -0.016564 0.001547 -0.010312 -0.000660 
-0.003560 -0.001890 -0.005182 -0.004432 -0.005664 -0.003157 0.004500 -0.010293 
0.013923 0.004618 0.002105 0.005543 -0.000309 -0.008913 0.007322 0.013077 
0.005384 -0.000416 -0.001363 -0.003768 0.008582 -0.000240 0.012713 0.000730 
-0.004775 -0.006383 0.006368 0.003338 -0.002806 0.000033 -0.005910 0.002716 
0.004050 -0.002934 0.005955 0.003047 0.000068 0.008563 -0.009869 0.007413 
-0.002094 0.002863 -0.003063 -0.007952 0.007504 -0.003323 -0.002023 0.009054 
-0.002939 0.002741 -0.003927 -0.009139 0.000526 -0.004177 -0.001817 -0.007686 
0.004322 -0.007618 -0.000535 0.015601 -0.001265 -0.000736 0.005538 0.001531 
0.009264 0.007339 -0.001203 -0.003485 -0.002043 -0.000556 -0.002293 -0.004405 
-0.019822 -0.003405 0.001606 0.003764 0.002464 -0.002133 0.004320 -0.000191 
0.000241 -0.007937 0.003749 0.002840 0.000349 0.003425 0.003939 0.003851 
0.004574 -0.001411 -0.002862 -0.002825 0.007469 -0.000033 0.001556 -0.001523 
0.007880 0.002471 0.006222 0.003220 -0.001573 0.006748 -0.003024 -0.004786 
0.001241 -0.017625 -0.004752 -0.003528 0.000596 -0.000419 -0.008259 0.003199 
0.008104 -0.001300 0.006038 0.007533 -0.003030 -0.000469 0.012749 -0.007389 
-0.003566 0.024833 0.000732 -0.003835 0.000994 0.003211 -0.001606 -0.002965 
-0.018243 0.003175 0.012267 0.006108 0.004005 0.001693 0.005555 -0.004470 
0.046570 0.275536 0.011806 0.078002 0.017486 0.025569 -0.001705 0.013167 
0.109845 0.007255 0.053267 0.005701 0.010259 -0.002981 0.007271 0.004242 
0.023854 -0.010214 -0.001408 -0.002732 0.003115 -0.001303 0.005978 -0.000386 
-0.003890 0.005865 -0.003777 -0.008403 0.003647 0.003580 0.004454 0.005000 
0.009032 -0.014370 0.006661 0.002907 -0.007593 -0.007685 -0.004740 0.000940 
-0.008518 0.001142 0.004082 -0.003909 0.003109 0.007704 0.007037 -0.004321 
-0.002884 -0.005259 -0.001732 -0.007165 -0.003144 -0.001526 -0.000058 0.002578 
-0.003316 0.009528 0.010089 -0.008947 0.005538 0.000465 -0.005815 0.001006 
-0.002749 0.013355 -0.008660 0.001816 -0.006600 0.008141 0.008003 0.005889 
0.009805 0.006457 -0.003628 0.012227 -0.008630 -0.007578 0.001869 0.003481 
-0.022221 0.006469 -0.006329 0.008646 -0.002820 0.005622 -0.013216 0.000712 
0.001831 -0.007559 -0.005972 -0.002446 -0.013655 0.000984 0.000155 0.001649 
-0.004985 0.007542 -0.003603 0.002507 -0.000357 -0.000251 -0.006210 -0.000116 
0.019179 0.006037 -0.010139 0.006325 0.006689 -0.000284 0.006392 0.001517 
-0.031774 0.001478 0.001846 0.001386 0.002664 0.000853 0.003505 -0.000669 
0.017234 -0.012296 0.006151 -0.006959 0.002792 0.014019 -0.001173 0.000670 
0.012129 0.014078 0.007864 0.007685 -0.004040 0.000647 0.014023 -0.000080 
0.012146 0.001374 0.008188 -0.011782 -0.006735 0.005225 0.003885 -0.008566 
-0.018751 0.010694 0.010029 0.006661 -0.002198 0.007655 -0.002138 -0.009481 
0.091430 -0.017576 -0.008189 0.010837 -0.011321 -0.000521 -0.004570 -0.002430 
-0.028201 0.001986 0.000164 -0.003531 -0.003373 -0.010826 0.012140 -0.003764 
0.283893 -0.000235 0.012576 -0.002870 0.008744 0.011301 0.003990 0.011562 
0.010887 -0.006832 -0.000919 -0.002268 0.008296 0.000252 -0.008323 -0.001349 
0.004968 0.008203 0.002598 -0.001657 -0.006812 0.003291 -0.002042 -0.003495 
-0.010404 -0.009216 0.001976 -0.000017 -0.009646 0.002641 -0.002661 0.009495 
0.007146 0.003314 0.008925 -0.003309 0.002941 0.000362 -0.009404 -0.005174 
0.007724 -0.011155 0.007585 0.003072 -0.003913 0.009914 0.000065 -0.002975 
0.024109 -0.000323 -0.002261 0.011762 -0.000062 -0.007981 -0.000263 -0.002794 
0.006653 0.019051 -0.004522 -0.013066 0.000865 -0.001333 0.000049 -0.003856 
0.005327 -0.001447 0.000025 0.001128 -0.000577 -0.003248 0.010683 0.005385 
-0.011350 -0.012141 -0.009244 0.005573 0.000090 0.001740 -0.003767 0.000553 
-0.011859 -0.003053 -0.005033 -0.010362 -0.002835 0.003638 -0.005053 0.003881 
-0.014211 0.006018 -0.002169 -0.003161 0.005413 -0.001770 0.007622 -0.006655 
0.007788 -0.006409 0.000919 0.003047 -0.004091 0.000968 -0.002883 -0.001230 
-0.043396 -0.001276 -0.000747 -0.001514 0.007324 0.007065 0.003556 0.001324 
-0.007993 -0.003221 0.007597 0.005433 -0.004954 0.001710 0.003594 0.002815 
-0.032301 0.033503 -0.002858 0.014735 0.006171 0.009735 0.003491 0.001712 
-0.022438 -0.006135 -0.009749 -0.000248 -0.006067 -0.003878 0.000976 -0.004125 
-0.036557 -0.038541 -0.000293 -0.018535 0.008450 -0.001844 -0.007487 -0.005315 
0.066046 -0.006551 0.004528 -0.002806 0.019052 0.007930 0.001937 -0.004855 
0.036493 -0.282506 -0.018660 0.089924 0.017597 -0.041688 -0.001979 0.014553 
-0.176997 0.003281 0.070677 -0.001151 -0.041852 -0.002726 0.011936 -0.007697 
-0.005893 0.002716 -0.003270 0.003623 0.003909 0.010662 0.000612 0.001805 
-0.016335 0.005357 -0.001516 0.002347 0.004025 -0.001065 0.009508 0.000394 
-0.000646 0.006121 0.005632 0.005689 -0.006523 0.002090 -0.001142 0.010019 
0.000185 -0.010985 -0.000043 -0.009811 -0.003141 -0.004268 0.002871 0.003265 
-0.002517 0.004349 -0.002730 -0.001323 0.001601 0.005290 -0.005655 0.000863 
0.015604 -0.003659 0.002145 0.004657 -0.005182 0.008754 -0.006152 -0.005558 
0.024662 -0.013837 0.003176 0.006061 0.004417 0.005060 -0.002813 0.001135 
-0.009607 -0.001602 0.006240 0.003407 0.003436 0.003525 0.004581 0.005230 
-0.006294 0.012268 -0.005623 -0.004894 -0.005556 -0.000454 -0.002938 -0.005141 
0.025376 0.005017 0.001420 -0.003069 0.003140 0.000341 0.003221 0.007156 
-0.023479 0.009937 -0.002000 -0.004782 0.006121 0.003173 0.009692 0.006793 
-0.002401 0.002718 -0.001580 0.000561 -0.009858 0.001100 -0.000332 0.008745 
0.004601 -0.015811 0.005945 -0.009137 -0.001711 0.012007 0.006770 -0.005801 
0.007528 -0.005280 -0.004910 -0.003560 0.000360 0.001783 0.003569 -0.006726 
-0.004877 0.003991 0.005487 0.001414 -0.007970 -0.002971 0.001935 -0.011995 
0.019849 -0.005623 -0.000672 -0.001475 0.010122 0.007190 -0.006672 -0.006731 
-0.027946 0.010668 0.003223 -0.001688 0.009437 0.005391 0.001249 -0.002419 
0.033386 -0.010469 0.002772 -0.005453 -0.003627 -0.007762 0.000057 0.012583 
0.056410 0.241710 0.032483 0.052076 0.012540 0.006633 0.008014 0.002380 
0.014566 -0.005217 0.008656 0.018599 0.004347 -0.000106 0.003220 -0.013237 
0.015953 -0.000164 -0.000988 0.001359 0.001754 -0.003948 0.004085 0.000411 
0.002881 0.004690 -0.000783 -0.005617 -0.001550 0.007478 0.009032 0.004621 
-0.003084 0.004673 -0.002333 -0.000405 -0.005339 0.002393 0.007617 0.007610 
-0.000289 0.003539 0.004412 0.003630 -0.000538 -0.006869 -0.000436 -0.007192 
-0.019519 -0.014804 -0.000228 0.004998 0.001784 -0.001409 -0.001766 -0.001073 
0.018491 -0.007583 -0.005844 0.000811 0.000078 0.000167 -0.000391 -0.003931 
-0.011697 0.002862 0.001981 -0.003580 0.002932 -0.009099 -0.011835 0.001977 
-0.025113 0.010150 -0.008998 0.002311 -0.000080 -0.001295 0.004547 -0.002774 
-0.001136 0.008304 0.005293 0.010409 -0.006429 -0.007981 0.004957 -0.001987 
0.017606 -0.005823 0.006441 0.003606 0.006025 -0.003394 -0.003128 -0.003120 
0.009719 -0.022524 0.000239 0.000057 0.000364 -0.003981 -0.002811 -0.005687 
0.021515 0.009196 0.002418 -0.002585 -0.005033 -0.001500 0.005222 0.001304 
0.005458 0.002951 0.009807 -0.009313 0.002578 -0.008895 0.005765 -0.003840 
-0.008883 -0.005124 0.010377 0.003696 -0.007294 -0.008178 -0.002675 -0.004812 
0.016971 -0.006769 -0.010333 0.014679 0.000728 0.001964 -0.009190 -0.001022 
0.004696 0.002683 0.011822 0.002619 0.003403 0.004631 -0.001178 0.000126 
-0.005204 0.052104 -0.008299 -0.013438 -0.004743 -0.001163 -0.003209 0.006269 
0.000555 0.003531 0.010661 0.005698 -0.005926 0.001950 0.007902 -0.001385 
0.065240 0.236638 -0.002179 0.037515 0.007731 0.020583 -0.005437 -0.001606 
0.111121 0.023098 0.019371 0.008171 -0.000925 0.017004 -0.009805 0.004532 
0.000819 0.015202 0.005279 -0.002487 -0.000652 -0.001335 0.004596 0.000390 
-0.009227 -0.004745 0.000485 0.005832 0.004515 -0.006617 0.004105 -0.001719 
0.009226 0.005012 0.000878 -0.001342 0.007408 0.008209 0.005812 -0.003259 
-0.008037 -0.004663 -0.006236 0.003169 0.003940 0.002652 0.003116 -0.005307 
-0.016488 -0.016254 0.003117 0.002471 0.003665 0.001855 -0.007053 0.002430 
0.005408 -0.003782 -0.000174 0.001606 -0.005227 0.005934 -0.005442 0.002288 
-0.005512 0.005376 0.005485 -0.003332 0.002302 0.002469 0.001245 -0.007378 
0.016007 -0.001500 0.007508 0.002120 0.003036 0.004684 0.000186 0.004196 
-0.015918 0.009607 0.002360 0.001791 -0.004208 -0.005397 -0.004830 0.000344 
0.009925 -0.000345 0.014512 0.004488 0.009526 -0.004203 -0.010282 -0.001398 
-0.012089 -0.018216 0.001126 0.004251 -0.000733 -0.003539 -0.003894 -0.002387 
0.010328 0.008676 0.001947 -0.000299 -0.012132 0.010930 -0.003774 -0.000687 
0.008399 -0.029041 -0.004667 0.002665 0.001153 -0.000206 0.009996 0.003378 
0.017211 -0.003238 0.003001 -0.004291 -0.000194 -0.001626 0.016611 0.007411 
0.006955 -0.002106 -0.008074 -0.001179 -0.004586 -0.000613 -0.001353 -0.002416 
0.025066 -0.021964 -0.003552 -0.005003 0.000959 -0.003185 0.000605 -0.006883 
-0.025476 -0.013053 0.007584 -0.001820 0.009693 -0.003060 -0.000127 -0.007603 
0.032742 0.005231 -0.003537 0.012510 0.007772 0.003633 0.000800 -0.001912 
-0.119856 0.054778 -0.032101 0.008437 -0.016366 0.009122 -0.020659 -0.001945 
0.104250 -0.004665 0.020006 0.000665 -0.006704 0.023421 0.005934 0.000251 
0.001019 0.003573 -0.002696 -0.003555 0.001557 -0.005886 0.002953 0.001034 
-0.019542 0.001407 -0.010461 -0.005511 -0.001148 0.003443 -0.003700 -0.008224 
0.008771 -0.009340 0.005125 -0.000324 0.004344 -0.007575 0.003761 0.003594 
0.000307 0.003285 -0.003967 -0.007793 -0.001192 0.001170 0.001390 0.000463 
0.002026 0.004210 -0.012314 0.000275 0.000038 -0.002700 -0.009914 -0.002453 
-0.015298 0.000091 -0.003066 0.000566 -0.007941 0.003142 0.005086 -0.001137 
-0.017799 0.000544 -0.001657 0.001716 -0.000610 0.004633 0.000696 -0.005370 
0.003998 -0.009278 0.009554 0.002214 0.003789 0.007033 -0.001778 -0.003173 
-0.017831 -0.006956 -0.000944 -0.006399 -0.000807 0.010470 0.005552 0.000985 
0.042935 -0.008192 -0.001743 0.004246 0.004815 0.007512 0.002764 0.000895 
-0.026343 0.003912 0.004937 -0.004659 0.003168 0.001632 -0.002063 -0.001060 
0.030778 -0.009719 0.014181 0.006321 0.003144 0.012927 -0.005723 0.003236 
-0.031500 -0.008988 0.005146 -0.013638 0.000770 -0.004801 -0.010345 -0.000453 
0.032848 -0.006833 -0.000959 -0.010878 0.000592 0.000268 -0.001560 0.001407 
0.002758 0.008029 -0.011949 -0.012120 -0.006161 -0.005428 0.004349 -0.011827 
0.012828 -0.003855 -0.002873 -0.003951 -0.006781 0.009065 -0.012574 -0.005042 
0.030784 0.015478 -0.001094 -0.002920 -0.012135 0.003109 -0.008309 -0.006410 
0.024444 -0.003688 0.003023 0.003666 -0.002067 0.001631 -0.000683 -0.001888 
0.023792 0.292605 0.016133 0.084683 -0.008258 0.014800 0.001984 0.003690 
-0.021155 -0.023375 -0.025753 -0.026535 -0.024596 -0.009352 -0.006473 0.002103 
-0.002919 0.006756 0.006238 -0.008496 0.001157 0.000423 -0.001200 0.002643 
-0.037840 0.000329 0.004865 -0.000971 0.003907 0.003287 -0.008133 -0.003969 
-0.013290 -0.012517 0.004556 -0.010744 0.000304 -0.005343 -0.000801 0.003752 
-0.003264 -0.000192 0.001525 -0.015980 0.001948 -0.000959 0.001858 0.001359 
-0.001030 0.005340 0.003975 0.005675 -0.000117 -0.004147 0.013637 0.000421 
0.026113 -0.009199 0.006354 -0.002291 -0.001270 -0.003935 0.007951 -0.003549 
0.001715 -0.003095 -0.000283 -0.004160 -0.002078 -0.005730 -0.000396 0.002243 
-0.009080 -0.016042 0.001089 -0.011884 -0.007308 0.006345 -0.002711 -0.005143 
0.008121 0.006409 -0.000938 -0.008053 -0.012180 0.001090 -0.006636 0.001189 
0.034140 -0.000902 -0.002190 0.001025 0.005294 -0.003935 0.003356 0.002474 
0.028935 0.010558 -0.006288 0.005242 -0.010538 -0.005703 0.000527 -0.008629 
0.016436 -0.008686 0.003578 -0.004001 -0.006589 0.001350 0.001419 0.008429 
0.007838 0.004282 0.009775 0.008884 -0.005940 0.012007 -0.002792 0.001773 
0.019070 -0.006980 0.005883 -0.024224 0.005993 -0.003480 0.004400 0.000304 
0.009050 0.011470 0.011720 0.006908 -0.018442 0.013805 -0.016011 -0.000096 
0.025130 -0.009532 0.003588 -0.016877 0.012145 0.002518 -0.005708 -0.009265 
0.056086 0.046043 -0.003039 -0.006276 -0.012272 0.000554 0.004307 0.002103 
0.092709 0.018328 0.004134 -0.021313 -0.003790 -0.024363 -0.009193 -0.016772 
0.009936 -0.055114 -0.006578 -0.007683 0.001325 0.024201 -0.010286 0.003704 
0.053669 -0.004028 0.007743 -0.030125 -0.007674 0.016397 0.026534 -0.022012 
-0.007655 -0.008091 -0.003990 0.002596 -0.001820 -0.002770 0.008783 -0.000521 
-0.053619 -0.005020 -0.001692 0.007928 -0.003181 0.001254 -0.003710 -0.006312 
0.012710 -0.006419 -0.005629 0.002427 -0.001283 0.012476 0.006002 0.009964 
-0.036484 -0.011878 0.010500 -0.000684 -0.001820 0.013056 -0.000973 -0.000163 
-0.011040 -0.002497 0.005977 -0.005434 -0.008406 0.006644 0.002302 0.000683 
-0.003690 0.001259 0.001019 0.000339 -0.000533 -0.001574 -0.008201 0.002483 
0.011596 -0.007968 -0.004920 0.015542 0.002708 0.013508 0.007187 0.006665 
-0.020937 -0.004978 0.013608 -0.006657 -0.007703 0.004255 0.004106 0.004800 
0.003158 0.006167 -0.000000 -0.011624 -0.007177 0.010393 -0.003939 0.007669 
0.028970 0.007067 0.011961 -0.001955 0.003501 0.008096 0.001297 -0.000147 
0.013399 -0.015416 0.010669 -0.003897 -0.008648 0.009111 0.001732 0.003126 
0.056953 -0.004554 0.003837 -0.014307 -0.003237 0.013049 0.007677 -0.001693 
0.007024 -0.006048 0.006787 -0.001669 -0.020175 0.011588 -0.001063 0.009701 
0.067571 0.002367 0.013996 -0.019069 0.015504 0.008635 0.001210 -0.005809 
0.031694 -0.003047 -0.004197 0.007869 -0.025104 0.010853 0.012440 0.016314 
0.064589 -0.004356 0.024101 -0.010252 0.009877 0.014851 0.012582 0.002423 
0.030478 -0.081094 -0.000634 0.002201 -0.023885 0.002632 -0.005728 0.001561 
0.140277 0.003585 0.016126 -0.036523 0.005808 0.015773 0.016247 0.001586 
0.027406 -0.159866 -0.030026 0.019840 -0.006030 0.020445 0.027952 -0.007163 
0.145352 -0.017915 0.007587 -0.039370 0.035373 0.020944 0.000492 0.003933 
0.002964 0.034113 0.018751 -0.012554 -0.003231 -0.010187 0.015334 0.006018 
-0.008935 -0.039824 0.017176 -0.009344 0.020307 0.008630 0.007735 -0.000636 
0.024663 -0.005134 0.017351 0.002712 0.003763 -0.002957 0.027664 0.020586 
-0.005238 -0.037950 0.031197 -0.014757 0.011605 0.013042 -0.001243 0.004370 
0.014125 0.005315 0.010078 -0.005238 -0.001875 0.018280 0.007242 -0.001140 
0.004579 -0.042907 0.025575 -0.012962 0.021678 0.024291 0.000196 -0.004594 
0.014952 0.006544 0.016064 -0.022636 -0.002594 0.009120 0.008946 0.003548 
0.022248 -0.028635 0.033982 -0.002886 0.029199 0.019617 0.004358 -0.001083 
0.000306 0.004320 0.028236 -0.030032 -0.000309 -0.005354 0.005772 0.007132 
0.063520 -0.049337 0.025515 0.012321 0.038689 0.024958 0.006735 -0.009170 
0.016832 0.013515 0.014142 -0.026265 0.002524 -0.003443 0.023366 0.011984 
0.072067 -0.054195 0.040481 -0.013460 0.030399 0.016162 0.005444 0.020735 
0.020843 0.007467 0.033146 -0.014356 0.008858 -0.004432 0.017291 0.013615 
0.059283 -0.047934 0.032633 -0.005343 0.046838 0.047902 -0.000608 -0.009455 
0.003962 -0.009012 0.030740 -0.030656 0.007757 -0.016121 0.011003 0.005498 
0.072150 -0.042161 0.052801 -0.039022 0.018440 0.036972 -0.003701 -0.006764 
0.023828 -0.082574 0.014865 -0.026237 -0.022256 0.027111 0.024441 0.010573 
0.162177 -0.052401 0.033336 0.024994 0.006298 0.021582 0.026127 0.010071 
0.236377 -0.259626 -0.093200 0.034556 0.025480 0.007925 -0.000025 -0.007263 
-0.367319 -0.012358 0.168665 0.030785 -0.071375 -0.063448 0.026641 0.004479 
-0.041955 0.010375 0.008828 -0.000588 -0.005655 -0.004252 -0.004850 -0.000178 
0.021461 -0.003368 -0.009144 -0.000286 0.005529 0.002921 -0.002673 -0.006880 
-0.039664 0.004134 -0.006328 -0.004478 0.005888 0.001272 0.002470 -0.007084 
0.018467 -0.010730 0.005709 -0.001697 -0.009111 -0.004126 -0.007628 -0.001733 
-0.014789 -0.007891 -0.003188 0.002761 -0.000080 -0.009325 -0.001044 0.003391 
-0.014203 -0.005615 0.001559 -0.002620 0.004087 -0.004649 0.001402 -0.008426 
0.007221 0.002619 0.001158 -0.007706 0.000374 -0.002459 0.004055 -0.002263 
0.008428 -0.006891 0.000679 0.003085 0.006941 -0.004497 -0.010251 -0.000486 
0.006677 0.001693 -0.000980 0.003852 -0.010521 -0.003587 0.003812 -0.003545 
-0.012719 0.000732 0.005447 -0.002047 0.002387 0.000437 -0.001721 -0.001562 
0.026236 0.004142 0.000173 -0.002062 0.010103 0.004248 -0.006217 -0.010509 
-0.023959 0.004088 -0.000176 0.000897 0.000628 0.000030 0.004002 -0.000132 
0.049428 0.025176 0.001531 0.005777 0.001536 0.002636 -0.004166 0.008193 
0.014910 -0.001723 0.003832 0.003419 0.000293 0.003401 0.002482 -0.003083 
0.094516 -0.003533 -0.008554 0.003517 0.001386 -0.002545 -0.005673 0.000266 
-0.035366 -0.009737 -0.001786 -0.001833 -0.010880 -0.001007 0.006040 -0.006415 
0.066764 -0.066488 -0.003237 0.010735 0.000765 0.004158 -0.001141 0.008521 
0.095480 0.005708 -0.009731 0.002137 0.001467 0.003661 0.001686 -0.007391 
-0.074001 -0.001157 -0.004900 0.003256 0.002891 -0.005935 0.007705 0.000449 
0.110515 -0.009782 -0.000091 -0.000657 0.002565 0.007869 -0.004470 0.002434 
-0.025719 0.014514 -0.009156 -0.001212 0.007973 -0.003619 0.005535 -0.003170 
-0.022447 0.006598 0.002999 0.000218 -0.002473 -0.004021 -0.010915 -0.001708 
0.003015 -0.008970 0.005369 0.002060 0.006596 0.008440 -0.003149 0.007283 
0.012266 0.001154 -0.006757 -0.001331 -0.000434 0.001520 -0.003810 -0.004201 
-0.014299 -0.008148 0.005344 -0.004332 -0.010150 0.004348 0.001887 -0.002791 
-0.006375 0.011327 -0.001221 0.003588 -0.005640 -0.002642 -0.004104 -0.002883 
-0.001153 -0.009100 -0.007450 0.000384 0.009995 -0.000536 0.004006 -0.013009 
0.005602 0.004133 -0.005960 0.001218 0.000121 0.005741 0.000408 -0.001180 
0.002162 0.001649 0.000194 -0.002926 0.003273 0.008063 0.000804 0.000300 
0.020542 0.012614 0.006607 0.004258 0.000065 -0.003724 -0.007082 -0.003115 
-0.001249 0.009672 0.002306 -0.006727 -0.006829 0.001377 -0.003263 -0.001927 
0.007741 0.007058 -0.006644 -0.001579 0.005074 0.002941 0.009967 0.000006 
0.047476 0.021763 0.004954 0.001052 0.012341 0.002407 0.013473 -0.003137 
0.012775 -0.004979 -0.009892 0.004042 0.006362 -0.005865 -0.000679 -0.000388 
0.009180 0.021170 0.005888 0.004831 0.010350 0.010907 -0.000103 0.002923 
0.002132 0.004894 0.000304 0.011524 0.015007 0.017290 0.003168 0.009576 
-0.034901 0.061601 -0.018099 -0.003979 0.001065 0.005477 0.026375 -0.006566 
0.013019 -0.000585 0.027522 0.000198 -0.000357 -0.000021 -0.012192 0.009802 
-0.016103 -0.344968 0.017725 0.068512 0.005794 -0.011687 -0.020423 -0.048017 
-0.548961 0.021033 0.174558 0.002065 -0.027221 -0.022150 0.007603 0.004634 
-0.047714 0.010554 0.009795 -0.002495 -0.005082 -0.001757 -0.004272 0.003649 
0.017194 -0.002779 -0.008703 -0.005482 0.001978 -0.004829 -0.004639 -0.008391 
-0.041812 0.003853 -0.004955 0.000095 0.004195 0.012741 0.002551 0.001275 
0.020985 -0.010217 0.006848 0.000188 -0.015470 -0.011399 -0.004672 0.003272 
-0.017280 -0.008957 -0.002825 0.002986 -0.003978 0.000127 -0.005018 0.003397 
-0.014473 -0.002798 0.003439 -0.007928 -0.002800 -0.004616 0.002742 0.000278 
0.005470 -0.003613 0.004173 -0.008693 -0.000423 -0.005635 0.003850 -0.001399 
0.009809 -0.005981 -0.002587 -0.002291 0.000972 -0.001858 -0.002231 -0.002973 
0.007654 -0.001777 -0.001499 0.000985 -0.005638 0.002450 -0.000164 0.002779 
-0.009884 0.001061 0.007730 0.003393 0.003334 0.003379 0.003240 -0.002566 
0.027285 0.001434 0.000616 -0.003741 0.004185 0.004950 -0.005826 0.002890 
-0.022682 0.003720 -0.002398 -0.002050 0.006231 -0.000200 -0.004753 0.000694 
0.060208 0.029568 0.007254 0.003380 -0.000314 -0.000247 0.001413 0.008439 
0.020450 -0.000523 0.002760 -0.000741 -0.004439 0.003160 -0.000641 -0.002304 
0.095798 0.003287 -0.008134 0.006946 0.001266 0.000814 -0.002481 0.002177 
-0.031908 -0.013966 -0.002189 0.002252 -0.006824 -0.000061 0.003262 -0.005435 
0.062289 -0.045977 -0.002391 0.011135 0.001643 0.004047 -0.001823 0.010696 
0.097120 0.005360 -0.002960 0.001251 0.000325 0.003168 0.003068 -0.004119 
-0.076668 -0.059213 0.006583 0.006564 0.006006 -0.010037 0.002148 -0.003873 
0.024612 -0.002640 -0.001703 -0.004558 0.005965 -0.001401 -0.008093 0.007001 
0.016482 -0.000099 -0.004377 -0.007672 -0.003564 -0.008050 -0.002125 0.001329 
0.011621 -0.003341 0.001083 -0.004548 -0.001308 0.002827 0.002243 -0.000804 
0.012660 0.005493 -0.000134 0.007699 0.004732 0.001450 -0.002640 -0.004961 
0.000541 -0.009558 0.007175 -0.004607 -0.000652 -0.000777 0.003558 0.003298 
-0.002005 0.000452 -0.003795 0.002486 0.000345 0.005022 -0.006905 -0.005957 
-0.004859 0.001824 0.001248 -0.003292 -0.004321 -0.001967 -0.003454 -0.001633 
0.003519 -0.011382 -0.004787 0.003648 0.005015 -0.000479 0.003199 0.002180 
-0.006116 -0.002652 0.004087 0.001232 -0.005609 -0.000346 -0.003957 0.000927 
0.012318 0.003831 0.003524 -0.001088 -0.001014 0.001296 -0.001570 0.006458 
0.012215 -0.000986 0.002689 -0.005751 -0.009867 0.003354 -0.002131 -0.003920 
-0.012674 -0.031613 -0.004053 0.005123 0.005072 -0.006790 0.004364 0.002418 
-0.001960 -0.000074 0.002389 -0.002945 0.008003 -0.005317 0.000172 0.016161 
-0.012475 0.010656 -0.006222 -0.008340 -0.000002 -0.013487 -0.007946 -0.004529 
-0.012774 0.001921 -0.003874 0.008596 0.007351 -0.011904 0.000081 0.001014 
-0.032361 0.004776 0.000984 -0.001378 0.002278 -0.020972 -0.004640 -0.008214 
-0.015947 -0.003810 0.004035 0.007900 -0.002214 -0.037375 0.017847 0.002661 
0.003231 0.045354 -0.008945 0.011702 0.002966 -0.022216 0.001792 -0.010025 
-0.007054 -0.006409 0.012983 0.008071 -0.003983 -0.046337 -0.009612 -0.008457 
0.017826 -0.002121 -0.002223 0.011603 0.025831 -0.012923 0.033126 0.028761 
0.169799 0.005564 -0.009052 0.007290 -0.016538 -0.016836 -0.043092 0.033033 
0.001633 -0.012145 -0.000061 -0.005560 0.012304 -0.004353 0.001246 0.004782 
0.016529 -0.001807 0.005389 -0.005211 0.001037 0.005868 0.002292 -0.001495 
0.013615 0.002686 -0.006670 0.002046 0.009751 -0.000433 -0.000575 0.002954 
-0.007571 -0.006664 -0.006942 0.005073 0.005119 0.007744 0.004529 -0.003869 
-0.003776 -0.007710 0.006325 0.007288 0.004218 -0.000365 -0.007115 -0.003196 
-0.000503 -0.007213 -0.002508 0.004860 -0.005950 0.003093 0.000525 -0.005284 
-0.001182 0.002320 -0.000055 -0.008152 -0.005931 -0.002315 -0.000677 0.006659 
0.009660 -0.005776 0.000243 -0.007213 -0.002805 -0.005724 0.014245 -0.007306 
-0.009725 0.011448 -0.008636 -0.008376 0.000082 -0.001860 -0.001099 0.006502 
-0.010987 -0.000978 0.005563 0.002487 0.009168 -0.000730 0.002990 -0.005358 
-0.013255 -0.027437 0.002876 0.000872 0.009782 -0.006639 0.003861 0.003235 
0.000626 -0.006851 0.005210 -0.003975 -0.005739 0.001531 -0.006639 0.004992 
-0.008348 0.011722 0.003251 0.003988 0.003533 0.002966 -0.008126 0.004374 
0.002243 -0.003229 -0.003539 0.006725 0.002564 0.010452 -0.003990 0.004123 
-0.003183 0.008119 -0.009230 0.000044 -0.001458 0.006468 -0.002546 0.001174 
-0.013998 0.004703 0.012033 0.005429 -0.000044 -0.005080 0.005678 -0.003360 
0.050121 0.027038 -0.003824 0.004716 0.002140 -0.002280 -0.003303 -0.001763 
-0.049276 -0.003570 0.003084 0.002898 -0.002034 -0.008453 -0.009736 -0.008086 
0.056220 0.186805 0.016220 0.054277 0.019058 0.019878 -0.002440 0.011539 
-0.175709 -0.013450 -0.044376 0.008697 -0.018084 -0.006180 -0.002314 0.001406 
-0.028511 0.008445 -0.005243 0.001083 0.003905 0.006639 -0.000039 -0.003754 
0.050904 -0.000880 0.001503 -0.006449 -0.001690 0.000816 -0.003885 -0.001423 
-0.010401 0.009000 0.007290 0.008634 0.001542 -0.000394 -0.001040 0.011055 
0.002358 -0.001677 -0.003746 -0.003258 -0.006778 -0.001860 -0.001315 -0.006445 
0.007283 -0.002468 -0.000749 0.001952 -0.000949 0.007959 0.004950 -0.001939 
0.005171 0.000202 0.000648 -0.005870 0.009025 0.003367 0.002030 -0.007076 
-0.002393 0.007545 0.001391 0.002376 -0.000236 0.004701 -0.002916 0.005178 
-0.004549 0.003692 -0.006893 -0.004649 0.000511 -0.006077 0.002218 0.008534 
0.001791 0.020156 -0.004385 -0.001991 -0.006350 -0.007514 -0.003538 -0.009167 
-0.008955 0.004768 -0.007864 0.003563 0.006381 -0.000519 0.001675 0.000020 
0.015797 -0.012853 -0.000305 -0.003752 -0.004708 -0.004072 0.001606 -0.008240 
-0.037266 -0.005302 -0.007565 0.005942 0.003528 0.003296 -0.008814 -0.007307 
0.002282 0.011058 -0.008833 -0.005744 0.001857 0.003633 0.004982 0.003675 
-0.026193 -0.007037 0.001751 -0.000438 -0.007811 0.010276 0.001719 0.009931 
0.018374 -0.003746 0.002748 -0.000828 0.006746 0.008231 0.001569 -0.002363 
-0.077930 -0.007885 0.001407 0.009266 -0.004215 0.003320 0.001128 0.006172 
0.020899 -0.044480 -0.004370 0.002749 0.007917 -0.001162 -0.011911 -0.002363 
-0.087679 -0.009343 -0.000093 0.004127 0.003246 -0.007357 -0.000506 0.007960 
0.003097 -0.250999 -0.002292 0.066647 -0.009493 -0.026473 0.011780 0.015305 
-0.201170 0.006899 0.074408 -0.004050 -0.024257 0.008972 0.020099 -0.001193 
-0.005966 0.008075 -0.005941 -0.002909 0.005170 0.000787 0.005567 0.007171 
-0.004522 0.000766 -0.002642 0.001872 -0.002822 0.005944 -0.001589 0.007544 
-0.005140 0.006655 0.001586 0.004571 -0.002226 0.000030 -0.011430 0.007432 
-0.002934 -0.000292 0.001577 -0.008327 -0.012588 -0.004630 0.004394 -0.002503 
-0.003169 -0.023466 0.005685 -0.001399 0.003766 0.010080 0.001084 -0.001380 
0.010226 -0.005665 0.006213 -0.003070 -0.006600 -0.000486 0.005741 0.003511 
0.003731 -0.005248 -0.005092 0.008224 -0.001540 -0.000773 0.004743 -0.013937 
-0.000849 0.002454 -0.000357 -0.002689 -0.003241 0.000326 0.001619 -0.001931 
0.017617 0.019170 -0.001703 0.002794 -0.001424 0.001917 -0.002904 -0.001918 
0.003223 -0.001052 0.002044 -0.011280 -0.002513 -0.001190 -0.005497 0.000372 
-0.003572 -0.020585 0.001697 0.005288 -0.004585 -0.002829 -0.001884 -0.000992 
0.006608 0.005420 -0.001544 0.000063 0.000947 0.005516 -0.003285 0.008114 
-0.019361 -0.021053 -0.006647 -0.017506 -0.000501 0.001731 -0.003945 -0.002731 
-0.003259 -0.002156 0.003214 0.005693 -0.006539 0.007017 0.001111 -0.002967 
-0.008049 -0.004522 -0.005023 0.003636 -0.014033 0.004512 -0.000066 0.002592 
-0.025224 0.007370 0.003228 -0.008188 -0.000474 -0.004656 0.001089 -0.000856 
0.024475 -0.130599 0.007241 0.008061 0.004068 -0.006015 0.003399 0.010402 
-0.016828 -0.002293 0.000658 0.001345 0.000371 0.009444 0.003877 0.002423 
0.120636 0.039131 0.008004 0.006969 0.000114 -0.000472 0.000572 -0.013063 
-0.032076 -0.008173 -0.013472 -0.002711 -0.005940 0.000018 0.003825 0.000214 
0.017090 0.006394 -0.006387 -0.003956 0.006889 -0.001961 -0.004107 -0.001222 
0.000528 -0.004407 -0.004695 0.006701 0.009281 0.003131 -0.005102 -0.002212 
0.008545 0.001355 -0.001212 -0.002906 0.002008 -0.004034 -0.003039 0.003305 
-0.015822 0.000803 0.011885 -0.003060 -0.011471 -0.008603 0.002326 -0.002188 
-0.009644 0.005359 0.006848 0.003258 0.002241 0.008146 0.003685 0.000066 
0.000988 -0.001114 0.000769 -0.005995 0.004995 -0.006237 -0.007625 -0.000121 
0.006793 -0.028700 0.003939 0.003456 0.002743 0.000797 -0.006365 -0.003776 
0.009874 0.002217 0.007853 0.001401 -0.011830 0.008167 -0.004853 -0.008093 
-0.006196 -0.015497 0.000090 0.003147 0.000886 -0.008285 0.006443 0.002310 
-0.020382 -0.006500 -0.003171 -0.001059 0.006347 -0.002697 -0.001489 -0.012183 
0.004233 -0.006884 0.007187 -0.000967 0.001408 0.004214 0.006803 0.001699 
-0.001208 -0.006762 -0.004597 -0.000270 0.005719 -0.002164 -0.002334 -0.001969 
-0.014366 -0.022456 0.000850 -0.005203 0.010640 0.002046 -0.006231 0.001199 
0.023472 -0.008414 0.004316 0.008201 -0.008122 -0.004771 -0.003533 0.000783 
0.012290 -0.012280 0.010647 0.004373 0.005894 -0.012036 0.006529 -0.002394 
-0.009166 -0.001689 -0.000113 0.001297 0.002550 -0.009759 -0.000855 -0.000954 
-0.033904 -0.056874 -0.001362 -0.000355 0.005626 0.000682 -0.007803 0.003224 
-0.013273 -0.004771 0.009348 -0.003279 0.002512 0.006150 0.001661 0.000595 
0.198637 -0.179671 -0.056720 0.025640 0.017257 0.006563 -0.002133 -0.007519 
0.251834 0.041322 -0.051956 -0.018166 0.005321 -0.001632 0.010888 0.005581 
-0.010533 0.006247 0.001571 -0.000172 0.006269 -0.000036 0.009419 0.004135 
0.042241 0.002057 0.009815 -0.004530 -0.000305 -0.000271 -0.000091 0.008857 
0.006803 -0.009282 -0.001360 0.001811 -0.008228 0.010243 0.006956 0.000146 
-0.012656 -0.008282 -0.002128 -0.008413 -0.002989 -0.004661 -0.005399 -0.005966 
-0.005763 -0.011524 0.017255 -0.001826 0.002552 0.004574 0.009595 -0.000017 
0.012144 0.003219 -0.001985 0.003637 0.004677 0.002839 0.001203 0.000904 
-0.002074 -0.025283 0.003561 -0.003293 0.000012 0.001915 -0.008767 -0.001572 
0.001894 -0.001878 -0.005520 -0.003772 -0.003736 0.004650 0.000396 -0.012973 
0.007725 0.011728 0.003019 0.002704 0.009748 0.001072 -0.004954 -0.004162 
-0.012839 0.004623 0.000253 0.005413 -0.001482 -0.000490 -0.004327 -0.007362 
-0.003368 -0.010002 -0.005560 0.002474 -0.000239 -0.002347 -0.002896 -0.002976 
-0.021049 -0.002122 0.002435 0.000012 0.000621 0.003290 0.000788 -0.001948 
-0.014916 0.007875 0.004016 0.005478 0.000751 0.008534 -0.003258 0.009655 
-0.005677 -0.015109 0.005332 0.009275 0.001486 -0.002048 -0.004578 -0.006143 
0.004301 0.008706 0.001155 -0.004425 -0.004916 0.001480 -0.006024 0.007073 
-0.080476 -0.001105 0.000728 -0.010756 0.009970 0.002363 0.004279 -0.001847 
0.043160 -0.074042 -0.009738 0.003122 0.009598 0.006867 -0.007230 0.005980 
-0.091568 -0.002783 0.010164 0.005388 0.006957 -0.001111 -0.002090 0.004464 
0.198454 0.079756 0.015054 0.006648 0.001254 -0.001140 -0.002403 0.001031 
-0.076181 -0.019780 -0.012214 -0.000556 0.008492 0.002126 -0.002880 0.013245 
0.004942 0.004610 0.012357 0.001147 -0.004739 -0.005669 -0.000891 -0.004896 
0.020667 0.002521 0.004360 0.002114 -0.011610 -0.004520 -0.006270 0.000703 
0.000410 -0.020245 -0.001582 -0.009597 -0.003738 0.000047 -0.006260 -0.004714 
-0.003676 -0.007548 -0.000011 -0.002980 0.006838 0.008331 -0.007282 -0.007630 
0.027125 0.004453 0.002525 0.004697 0.002310 -0.002527 -0.001018 0.001918 
0.004749 0.005142 0.008895 -0.000081 0.004303 0.001520 -0.003363 0.000958 
-0.001595 -0.009560 -0.003365 -0.000105 0.002988 -0.001979 -0.011218 0.005110 
0.007287 -0.008095 -0.000270 -0.003471 0.002231 -0.001335 -0.002516 0.006581 
-0.012225 0.005264 -0.002368 0.004708 -0.000940 -0.006200 -0.001427 0.004555 
-0.022042 -0.000528 -0.006431 -0.006425 -0.006935 -0.000644 0.003713 0.008471 
0.007109 0.006566 -0.000105 0.001714 -0.004255 0.010437 -0.013164 -0.004702 
-0.015983 -0.002470 -0.000999 -0.006841 0.003256 -0.008533 0.001248 -0.001967 
0.021724 0.006435 -0.000141 0.002763 0.005492 -0.011039 0.001328 0.004258 
-0.020170 -0.006581 0.004291 0.006500 0.009616 0.003668 0.007409 0.001400 
-0.004149 0.024840 -0.008243 -0.002154 -0.000761 0.006756 0.000797 0.000219 
0.000267 -0.001607 0.012737 0.011800 0.001545 -0.000779 -0.005349 -0.002773 
0.039249 0.009397 -0.003378 -0.005527 -0.001990 -0.009534 -0.007352 -0.001747 
-0.053525 -0.013396 0.000829 -0.011026 -0.001954 0.002003 -0.000706 -0.001918 
0.082967 0.146761 0.011691 0.010571 0.011764 0.002806 0.002862 -0.002325 
0.070683 0.011620 0.032279 0.009571 0.011142 -0.004255 -0.011404 -0.010384 
-0.022924 -0.001702 -0.003286 -0.000762 -0.000260 -0.004052 -0.003012 -0.009778 
0.015394 -0.004244 0.001288 -0.006959 0.009370 -0.006286 -0.001133 0.002691 
-0.024037 0.017130 -0.009002 -0.000479 -0.005602 -0.001571 0.006453 0.000415 
-0.003976 -0.007916 0.004010 -0.005763 -0.002889 -0.006340 0.006008 0.008556 
-0.010600 -0.009354 -0.005966 0.002171 -0.004084 -0.010713 -0.008692 -0.004550 
0.003692 -0.005205 -0.000188 0.010233 -0.005223 0.001163 -0.007802 0.004748 
0.008839 0.015012 0.005563 -0.006243 -0.002928 0.004115 -0.005915 -0.004814 
0.010799 0.000535 -0.001215 -0.005452 -0.001485 0.002394 0.000681 -0.003520 
-0.001161 0.014004 0.002983 -0.001024 0.007962 0.004977 0.009315 0.001699 
-0.000216 0.001193 0.001832 -0.001379 -0.009272 -0.003805 -0.009956 -0.006217 
0.011648 -0.007287 -0.005427 -0.010788 -0.003832 -0.006394 -0.002347 0.005332 
-0.020980 0.000932 -0.001461 -0.002226 0.007739 0.000766 0.005891 0.000856 
-0.003432 -0.000123 -0.001785 -0.003487 0.005323 -0.004042 -0.002186 0.002417 
-0.021276 0.004330 0.010524 -0.002716 0.005074 -0.006333 0.000305 -0.000406 
0.013209 0.000372 0.006620 -0.005655 -0.002591 -0.011409 0.001399 0.002488 
-0.014648 -0.011840 0.011930 -0.001852 -0.000138 0.005710 -0.001914 0.004852 
-0.015295 -0.095264 -0.000122 0.018934 -0.007790 -0.010329 -0.003659 -0.007134 
-0.018680 -0.000077 0.015419 0.004374 0.008561 -0.013524 0.005449 -0.000202 
-0.003874 -0.046610 0.016749 -0.002423 0.008404 -0.016606 0.017581 -0.009778 
-0.082134 0.018630 0.026727 -0.009249 -0.010128 -0.011211 0.020501 0.001115 
-0.028052 0.004253 0.000885 -0.002287 0.008962 -0.000304 -0.003577 -0.008372 
0.034300 -0.002303 -0.002425 -0.000777 0.004892 0.010236 0.001449 -0.007013 
0.002990 -0.004097 0.001111 0.003782 0.002389 -0.009183 0.003384 -0.001272 
-0.003517 0.007775 -0.004526 -0.003045 -0.000159 -0.001504 0.000850 -0.001905 
-0.011526 -0.012585 0.008140 -0.002107 0.000858 -0.005047 -0.003325 0.001998 
-0.001163 0.003831 -0.013689 0.001376 0.001453 -0.003148 -0.002798 -0.000390 
0.001399 0.008855 -0.000786 -0.002594 -0.004762 0.011591 -0.008596 0.005069 
-0.007808 -0.001179 0.002167 -0.008488 -0.005573 -0.007589 -0.001642 0.004943 
0.027249 0.010359 0.002169 -0.000804 -0.005104 0.005396 0.001311 -0.002900 
-0.006462 -0.000024 -0.006004 0.001771 0.004152 0.000713 0.000701 -0.006268 
-0.008131 0.003941 0.000060 0.000426 -0.004501 -0.000382 -0.002142 0.013272 
-0.009819 0.002684 -0.006020 -0.001635 -0.001320 -0.000011 0.008026 -0.008727 
-0.001798 -0.000806 0.001933 0.003026 0.007512 -0.013998 0.006762 -0.000893 
0.017819 -0.005635 -0.007943 0.000083 -0.002848 0.002606 -0.009793 -0.009876 
-0.001335 0.005728 0.015026 0.004644 0.002737 0.001512 -0.005557 0.004434 
-0.054968 0.001475 0.003494 -0.005863 -0.010518 0.001562 -0.003145 -0.003434 
0.083945 -0.026820 -0.005198 0.002308 -0.000701 0.002511 0.003072 0.002137 
-0.002966 0.006391 0.007648 -0.010520 -0.004747 0.006540 -0.010422 -0.010678 
-0.076460 -0.096211 0.012789 0.009862 -0.009797 -0.001304 0.012860 -0.002042 
-0.331023 0.002892 0.034200 -0.009657 -0.014165 -0.007258 0.000902 -0.009544 
-0.007522 -0.002867 -0.001567 -0.001238 -0.004864 -0.005737 -0.005338 -0.004568 
0.023968 -0.014588 -0.003330 0.001670 -0.007692 0.007833 -0.008093 -0.011471 
0.000164 0.007542 -0.001633 -0.000462 0.000918 0.000931 0.002365 -0.003211 
0.007374 0.007701 0.007190 0.000336 0.004562 -0.005325 0.002725 -0.008028 
0.012248 -0.005828 -0.011059 0.000373 -0.001757 0.001878 -0.006162 -0.001644 
0.004452 0.000676 -0.008444 0.001138 -0.003045 -0.004140 0.005696 -0.005366 
0.010410 0.001146 0.004956 -0.000402 -0.003909 -0.006228 0.006073 0.004419 
-0.003756 -0.004735 -0.000948 -0.002569 -0.001430 0.002575 -0.001296 0.008824 
-0.000500 0.001571 0.000659 0.004429 -0.002013 0.005733 -0.008623 -0.004100 
-0.007060 0.001383 -0.002156 0.004948 -0.004201 -0.009959 0.001950 -0.002750 
0.014928 -0.003628 0.005274 -0.003432 -0.003690 0.001403 -0.003476 0.001291 
-0.022237 -0.001047 0.008840 0.002208 -0.002902 -0.002185 -0.001923 0.000641 
-0.000867 -0.014089 -0.002507 0.005498 -0.007700 -0.008814 0.009131 -0.002549 
-0.027486 0.005484 -0.010568 -0.000833 0.003237 -0.012991 0.002183 0.001527 
0.008033 0.007086 0.002442 0.001298 -0.000975 0.010509 0.000499 -0.000409 
-0.044919 -0.010765 0.001701 -0.009554 0.005263 -0.003702 0.011620 0.008593 
-0.023657 -0.006523 0.010768 -0.004446 -0.003950 0.001404 -0.008346 -0.009515 
-0.047042 0.003352 -0.001344 -0.000634 -0.001170 -0.019050 -0.020399 0.026755 
0.005104 -0.126149 0.012303 0.008090 -0.006935 -0.008484 0.003120 -0.005505 
0.021377 0.002976 0.003354 0.002516 -0.007689 -0.013867 -0.012426 -0.007495 
-0.000731 0.009216 -0.005382 -0.003601 -0.005946 0.002732 0.005868 -0.008022 
0.021876 -0.001383 0.007480 -0.008482 0.001332 -0.001448 0.000624 -0.003977 
0.002049 0.017939 0.004007 -0.001196 0.008677 0.001478 0.001197 -0.006739 
0.005679 -0.006016 0.006279 0.009845 -0.001018 -0.000841 0.000716 -0.008994 
-0.002863 0.001560 0.003772 -0.005716 -0.003995 -0.001787 -0.006535 -0.000251 
0.010171 0.012583 -0.004151 -0.003498 0.002032 -0.007254 0.005126 -0.001942 
-0.011268 -0.009773 -0.000015 0.005819 0.000469 0.008600 0.002286 0.004397 
-0.012814 0.006094 0.006532 0.000658 -0.000010 0.000460 0.000188 -0.004865 
0.005626 -0.005205 -0.007847 -0.003536 0.004646 0.005033 -0.008045 -0.010148 
-0.006765 -0.008867 0.005860 0.004252 -0.006795 -0.001633 0.000125 0.000641 
0.005914 -0.000528 0.004421 0.009257 -0.007418 -0.009103 -0.003287 0.002240 
-0.021721 0.002959 -0.004792 0.001307 0.004336 -0.009573 -0.008152 0.001851 
-0.016115 -0.014549 0.013125 -0.004072 0.003578 -0.007693 -0.003101 -0.007657 
-0.008976 0.002813 -0.004835 -0.006993 0.004643 -0.017615 -0.006465 -0.000237 
0.028349 0.003663 -0.004965 0.006929 -0.003985 0.001323 0.000823 -0.006221 
-0.032636 -0.016749 -0.000567 0.003083 0.002298 -0.009500 -0.014996 -0.002506 
-0.021992 0.003197 0.011924 -0.009361 0.013851 -0.003266 -0.008357 0.001977 
-0.042422 -0.005738 -0.002373 -0.003955 0.017379 -0.020583 -0.000150 -0.016921 
0.092254 -0.172043 -0.013602 0.028757 0.000675 -0.004658 -0.003759 -0.001199 
-0.036654 -0.000058 0.019549 -0.014413 -0.013471 -0.015409 -0.004613 0.009884 
0.008344 0.018307 0.002454 0.008961 0.009465 -0.002792 0.000366 0.001775 
-0.005723 -0.005706 0.002664 -0.007786 -0.003104 0.006489 -0.000709 0.005299 
-0.004821 0.001922 0.004321 -0.004018 0.003637 0.000081 0.008980 0.005098 
-0.012121 0.005165 -0.000867 -0.003489 -0.004927 0.002522 0.003649 -0.000268 
-0.020954 -0.006627 0.006552 0.001560 -0.000743 0.002403 -0.003163 0.004683 
-0.017809 -0.004786 0.002267 -0.004613 -0.002486 -0.004473 0.002538 0.004795 
0.008482 0.006251 -0.001997 0.006449 0.002146 -0.002703 -0.000403 -0.000681 
0.007527 0.012459 0.002883 -0.010221 -0.000796 -0.000093 0.006093 -0.004238 
-0.000526 0.001939 -0.002695 -0.005293 0.003894 0.001075 0.002272 0.004381 
0.006283 -0.007192 0.001521 -0.010783 -0.000994 -0.003249 0.001990 0.002566 
0.010593 -0.010208 0.001909 -0.004424 0.007327 -0.002333 -0.005331 -0.013140 
0.009730 0.004977 -0.003386 -0.003270 -0.007093 -0.003651 0.003624 -0.003176 
-0.007914 0.003706 0.007349 -0.007386 0.001902 -0.005826 0.000035 -0.000160 
-0.012238 0.001258 0.000242 0.000820 0.003079 -0.012657 -0.001647 0.000952 
0.009681 -0.002180 -0.002472 0.003626 0.014720 0.000335 -0.005853 0.005082 
0.022735 0.006356 0.008647 -0.004605 -0.001632 -0.008883 -0.001486 -0.013314 
0.047226 -0.018757 0.001863 -0.003507 0.001811 -0.000018 0.004984 0.005859 
0.023277 0.007988 0.009670 -0.001598 0.008031 -0.012232 0.000293 -0.017166 
0.155873 0.129954 0.015695 0.019057 -0.012623 0.008160 0.014194 0.006245 
0.124196 0.015652 0.021269 -0.009490 0.009691 -0.002197 -0.004495 -0.016056 
-0.014614 0.009264 -0.008971 0.007963 -0.003818 -0.002619 0.004838 -0.005391 
-0.016255 -0.001238 -0.004130 0.004446 -0.003711 -0.006571 0.004492 -0.002155 
-0.012728 0.001460 0.007071 -0.002952 -0.000491 -0.006420 -0.011972 0.005713 
0.002845 0.006591 0.003971 0.000538 -0.010294 -0.004605 0.002861 -0.004649 
0.008267 0.004720 -0.005720 0.000189 -0.003144 -0.001580 0.001555 -0.002274 
0.015275 0.000155 -0.005066 -0.000111 0.003550 -0.002742 0.009259 0.001510 
-0.023249 -0.015016 0.002729 0.001513 -0.002297 0.005061 0.003180 -0.004165 
0.003681 0.002959 0.001806 -0.007686 -0.004977 0.004126 0.003318 -0.004888 
0.029973 -0.004885 0.003548 0.000302 -0.000183 0.008248 -0.002133 0.005717 
-0.001443 0.001484 -0.010564 -0.000701 0.003637 0.004785 0.010060 -0.012389 
-0.005207 -0.022496 -0.000426 0.007495 0.001523 0.006344 0.019571 0.004013 
-0.000500 0.003996 0.009242 0.004469 0.001087 0.000017 0.004996 0.001582 
-0.019868 -0.003994 -0.006132 0.000461 0.014564 -0.004903 0.001342 -0.002210 
0.020611 -0.007667 0.013047 0.001474 -0.016087 -0.012624 -0.004773 0.012182 
-0.006401 -0.017990 -0.000723 0.000030 0.006346 -0.012769 0.011280 -0.001499 
-0.026750 -0.010774 0.006373 -0.013132 0.004888 -0.002051 -0.002987 -0.003031 
-0.007134 -0.130803 0.009188 0.007172 -0.000446 -0.001545 -0.003613 0.009033 
-0.015348 0.004441 -0.008008 -0.002339 -0.001112 -0.001308 0.006715 0.006996 
-0.070602 -0.420733 0.054569 0.180851 -0.039931 -0.076214 0.027188 0.016070 
-0.101328 -0.004553 0.051435 -0.008188 -0.026112 0.003413 -0.000112 -0.009465 
-0.006257 -0.010481 0.006551 -0.003182 -0.001816 -0.000855 -0.001934 -0.004029 
0.009191 0.000147 -0.000403 0.000689 0.004676 -0.008999 -0.005244 0.008473 
0.015999 -0.001667 0.012715 -0.002038 0.002967 -0.006443 -0.011697 -0.002641 
0.003890 0.003909 -0.001379 0.004563 0.011067 -0.007276 -0.000351 -0.000754 
0.001252 -0.000233 0.000633 -0.002472 0.000752 -0.011074 -0.002779 0.005675 
0.004802 0.007306 -0.004822 -0.001357 0.001587 -0.012207 0.002068 0.002481 
0.010700 -0.001000 -0.009466 0.004186 0.003515 0.000117 -0.010211 -0.002769 
-0.005801 -0.006046 -0.007754 -0.003469 0.003607 0.004408 0.003322 0.003265 
0.011998 0.006652 -0.004381 -0.002201 -0.006217 -0.004776 -0.004163 0.002187 
-0.012863 -0.000332 0.001653 0.001659 0.002775 -0.008051 -0.004654 0.009266 
0.006233 -0.003444 -0.003935 -0.011258 0.003980 -0.009618 -0.002607 -0.003932 
-0.013669 0.001018 0.000813 -0.002860 -0.007838 -0.001194 0.002624 0.001156 
0.006540 -0.002740 -0.001022 0.002410 0.000727 -0.012097 0.000477 0.005333 
-0.015898 0.005052 0.003583 0.008382 0.009211 -0.008052 -0.001735 0.000296 
-0.008703 0.004876 0.000036 0.003380 0.003587 0.000013 0.000086 0.004768 
-0.028201 0.000255 -0.006132 0.004489 0.009946 -0.002794 0.003060 0.001004 
-0.024013 -0.040054 0.007022 -0.001183 -0.004366 0.003320 -0.001398 0.000679 
-0.053941 -0.007894 0.006211 -0.002840 -0.009698 -0.004646 -0.005715 0.006065 
-0.180553 -0.124435 0.038518 0.015209 -0.014061 -0.012529 0.009236 -0.016363 
0.046544 -0.004207 0.001798 0.014508 -0.004790 0.007678 0.002797 -0.026251 
0.002650 -0.000938 0.006340 -0.001389 -0.004541 0.000081 -0.005652 -0.005729 
-0.002329 0.002326 0.000626 -0.004279 -0.001215 0.002340 0.000460 -0.003465 
-0.010350 -0.003127 -0.000478 0.005712 -0.004701 -0.000385 0.009108 -0.000590 
0.010396 0.001274 0.001912 0.007356 0.004581 -0.001739 -0.001057 -0.002566 
0.009032 -0.010520 -0.000001 0.001728 -0.000583 0.003891 0.000066 -0.000105 
0.017909 0.006540 0.007679 0.001622 -0.000684 0.006639 0.006435 -0.004538 
0.000670 0.001762 -0.002482 -0.000360 -0.004867 0.002412 -0.006895 0.006025 
0.016980 -0.003201 -0.000815 -0.002095 0.009526 -0.002121 -0.003662 -0.006512 
-0.013679 0.009691 -0.000074 0.000935 0.005743 0.004055 -0.000327 0.002690 
0.002139 -0.011972 -0.000700 0.003468 -0.010623 -0.005998 0.001189 -0.000216 
0.011329 0.008176 -0.002319 0.004483 -0.003566 -0.009084 -0.004567 0.004110 
0.005230 0.005985 -0.009220 0.007018 0.003850 0.002469 0.000192 -0.006489 
0.003658 -0.015038 0.004616 -0.008669 0.003440 -0.001343 0.010514 0.001748 
0.007096 -0.007871 -0.000119 -0.007140 0.012209 -0.002366 0.016079 -0.004314 
0.001210 -0.008469 -0.003360 -0.010612 -0.012374 0.003100 -0.006607 0.003033 
0.001618 0.001864 0.003468 -0.009232 -0.009622 0.006633 -0.001737 0.009961 
0.041261 0.018337 0.013513 0.002571 -0.014364 -0.020809 -0.000086 -0.005254 
0.013047 0.002861 -0.009446 0.009762 -0.001931 -0.006964 -0.014442 -0.010555 
0.229531 0.159807 0.044154 0.028027 0.017195 0.010018 0.009313 -0.013347 
-0.040556 0.012646 -0.015710 -0.006774 -0.013953 -0.006485 -0.011735 -0.024154 
-0.006049 0.003670 -0.003245 0.008728 0.001394 -0.000552 0.000912 0.001484 
0.004910 0.004179 -0.001493 -0.007574 -0.008380 0.004371 -0.006480 0.006622 
-0.005370 0.006228 -0.006556 -0.005890 0.002321 -0.003419 -0.009921 -0.006846 
-0.011972 0.002933 0.001327 0.004712 0.002358 -0.001432 0.007885 -0.002837 
-0.012377 -0.012264 -0.002234 -0.004651 0.000090 -0.000278 0.000962 0.001216 
-0.006680 -0.001974 -0.000466 -0.000770 -0.000295 0.001059 -0.001209 0.001004 
-0.008979 -0.013824 0.001054 0.002662 0.001719 0.007307 0.002540 0.000128 
-0.010809 0.007986 0.007503 0.001804 -0.004564 -0.017421 -0.004492 -0.007612 
0.020772 -0.008778 -0.007411 -0.000672 -0.000848 0.001164 0.004787 0.009640 
0.002235 -0.002528 -0.013028 -0.003557 -0.009819 -0.010463 0.004466 0.000351 
-0.027114 -0.007728 -0.004250 -0.000100 0.000151 -0.002688 0.005431 -0.017623 
0.003853 -0.002247 0.015388 -0.004629 -0.000706 -0.011214 -0.002342 0.003790 
-0.007587 0.002305 -0.005725 0.000104 0.008774 -0.004959 -0.000920 -0.001681 
-0.003531 0.001756 -0.005034 -0.000976 0.003224 -0.002692 -0.001848 -0.006715 
-0.002203 0.019215 0.000660 0.008245 -0.004148 0.000294 0.005640 -0.004572 
-0.027846 0.006405 0.007295 0.007718 -0.001490 0.001230 0.004975 0.009850 
-0.017962 -0.040121 0.002132 0.015554 0.002459 -0.005428 0.002648 -0.001239 
0.009388 0.004737 0.006265 -0.007073 -0.008443 -0.018755 -0.009489 -0.004092 
0.221423 0.348369 0.099766 0.118322 0.041018 0.026019 0.024513 0.009272 
-0.000779 -0.001712 0.003153 0.014268 0.010514 0.018841 0.001445 0.007207 
0.015964 0.008666 0.005970 0.000388 0.002533 -0.004089 -0.004839 0.010401 
0.003659 0.004615 -0.002115 -0.000316 0.006271 0.009759 0.000583 0.002983 
0.009869 -0.002225 -0.006298 -0.001844 0.001523 0.001678 0.003329 -0.003010 
-0.023273 -0.000420 -0.000172 -0.002564 -0.000456 -0.006120 -0.006079 -0.003850 
-0.019769 0.001855 -0.006295 -0.002050 0.004465 -0.001906 0.012630 -0.006058 
-0.001943 0.013310 0.001823 0.007266 0.002390 -0.004376 -0.002604 0.006077 
0.016282 -0.007883 -0.005054 0.005726 0.005682 -0.000336 0.004944 -0.000694 
-0.001804 -0.000635 -0.005324 0.005388 0.002730 0.005649 -0.008909 -0.006034 
-0.016110 0.009397 -0.004398 0.002819 0.006235 -0.005922 0.008523 -0.011133 
-0.001714 -0.002042 -0.007957 0.003862 -0.000561 -0.002428 0.010211 -0.002625 
0.015031 0.019362 -0.002241 0.001620 0.004353 -0.006372 -0.004485 0.007651 
0.013425 -0.001932 0.012494 0.006761 0.002689 -0.001351 0.001634 0.008036 
-0.004112 -0.014488 0.002175 0.000469 -0.005282 -0.014833 -0.007634 0.006769 
-0.009755 -0.008346 -0.003100 -0.005132 -0.006720 0.000159 -0.003119 0.003785 
-0.002658 0.021567 -0.002628 0.003800 -0.002105 -0.010862 -0.003945 0.004467 
-0.010557 -0.002652 -0.005567 -0.007011 0.002499 -0.002409 0.005951 0.002218 
0.016329 0.022031 0.003040 -0.008243 -0.002156 -0.010695 0.001317 -0.002809 
-0.010983 0.005654 0.000645 -0.002748 -0.006615 0.017643 0.004852 0.004512 
-0.142488 -0.168936 0.033303 0.025620 -0.005913 -0.001498 0.004210 0.002548 
0.154141 0.016738 -0.042152 -0.001198 0.008456 0.014285 -0.001657 -0.018058 
-0.001836 0.012123 -0.001584 -0.005032 0.007914 0.000539 0.009792 -0.000253 
0.008822 -0.000328 -0.008449 -0.001724 -0.008511 0.003197 0.000692 0.001183 
0.005252 0.003762 0.002453 0.003135 -0.003248 -0.006478 -0.001451 0.001075 
0.007854 -0.005528 0.007223 -0.002171 0.000828 0.000944 -0.001185 0.006482 
-0.010003 0.015950 -0.003394 -0.009014 0.009121 -0.001197 -0.000530 -0.002988 
0.013603 0.000137 -0.004837 -0.003316 -0.008423 -0.003627 0.000137 -0.000062 
-0.010468 0.001517 0.001979 0.003794 -0.008537 0.002225 0.002090 -0.008667 
0.010014 -0.001644 -0.000035 -0.006903 -0.002029 -0.002420 -0.007228 -0.000112 
0.007127 -0.015805 0.014688 0.001404 -0.000325 -0.005339 -0.005409 -0.002080 
-0.026658 0.001212 0.008435 0.004777 -0.001578 -0.006475 0.002920 0.001301 
-0.008893 -0.011149 0.003308 0.002515 0.005269 0.003441 0.003298 -0.003701 
-0.024682 0.009083 0.005303 0.013902 -0.005494 -0.004966 -0.002177 0.004493 
-0.013633 -0.012297 0.005813 -0.008852 -0.001295 0.002413 -0.005326 0.010551 
0.023115 -0.010937 0.001743 0.002184 -0.001748 0.009950 -0.005558 0.004208 
0.026782 -0.021152 -0.003565 -0.010954 0.002189 -0.009126 0.001108 0.003658 
-0.027806 -0.008098 0.011538 -0.003150 0.009321 -0.000808 -0.003524 -0.000051 
0.029036 0.016582 0.007600 -0.000568 0.002705 -0.000355 0.005925 0.004826 
-0.045449 -0.001917 0.005522 0.001340 -0.002288 -0.002894 0.001556 -0.014872 
0.111521 -0.134918 -0.029191 0.027025 0.008298 0.004849 0.008615 -0.008340 
-0.059986 -0.018124 0.007717 -0.004553 -0.017054 0.002522 0.013578 -0.022280 
0.008942 -0.010008 0.002995 0.000446 0.008060 0.004128 0.001572 -0.001150 
0.001286 -0.004338 0.003446 -0.002674 -0.009724 -0.002663 0.000135 -0.004126 
-0.000956 -0.006765 -0.005244 0.001892 0.009033 -0.004041 -0.003524 0.006390 
-0.022450 -0.010311 -0.010832 0.004801 0.000975 -0.009094 -0.003243 0.001956 
0.009358 0.021662 0.001524 0.006454 -0.004049 -0.002173 -0.002758 0.003433 
0.011518 -0.007243 -0.000649 -0.002039 0.004418 0.003468 -0.009045 -0.009153 
-0.000770 -0.011893 0.002955 0.001653 0.000477 -0.004780 0.013519 -0.015376 
0.008060 -0.000050 0.008646 0.004907 0.000112 -0.003689 0.000320 -0.009554 
0.006749 -0.001616 0.000094 -0.000255 -0.005098 -0.003317 -0.013598 0.001265 
-0.019701 -0.006971 0.000932 0.002157 -0.000829 -0.000174 0.001241 -0.004116 
0.008947 -0.000848 0.007978 -0.004766 0.006453 -0.003907 -0.002858 -0.005707 
0.005812 -0.011316 -0.004528 0.000871 -0.001533 -0.003591 -0.011266 -0.004106 
0.007322 0.000558 0.008752 0.000878 0.001887 0.008218 0.001922 0.006526 
0.019993 -0.026892 -0.010964 0.002947 -0.002691 -0.007293 -0.005987 0.011533 
0.004635 0.033662 0.001612 0.003630 -0.003956 -0.003251 0.003925 -0.012463 
-0.019790 -0.019216 -0.000499 -0.011706 0.013652 0.003159 -0.014435 0.011788 
0.003867 -0.014702 0.004780 0.003522 0.019884 0.000439 0.004507 0.005690 
0.031036 -0.024654 -0.013967 0.000797 0.012790 -0.011481 -0.003463 -0.011780 
0.197359 -0.164451 -0.007189 0.041666 0.004888 -0.021210 0.003169 -0.015022 
0.323918 -0.001656 -0.067204 0.006744 0.022713 0.000227 -0.008601 0.013580 
-0.005884 -0.006995 0.017076 -0.000168 -0.011349 0.001612 -0.003662 -0.001349 
0.011217 -0.005144 0.006753 -0.002216 0.001821 -0.004236 -0.002993 -0.004132 
0.007099 0.007915 0.006790 0.005657 0.000426 0.008348 -0.001467 0.008261 
0.009791 -0.011410 0.006079 -0.003899 0.005488 -0.002369 -0.001773 0.007991 
-0.002189 0.007483 0.000468 0.000886 0.008433 0.001026 0.002937 -0.003700 
-0.010974 -0.002668 -0.008916 0.004361 0.000334 0.002275 -0.001560 0.001106 
0.011633 0.003954 0.000869 0.004799 -0.002463 -0.004883 0.000541 0.003205 
0.012414 -0.004032 0.010140 0.002608 0.013931 -0.010227 0.005539 -0.007571 
-0.018314 -0.001124 0.009456 0.007972 -0.001609 -0.006647 0.006053 0.008008 
0.007409 -0.010912 0.000137 0.001264 0.000767 -0.002524 -0.000689 -0.001687 
0.004764 0.000419 0.007579 0.005899 -0.002527 -0.007628 0.005814 0.008397 
0.004123 -0.017602 0.010785 0.004961 0.012865 -0.007447 0.001800 -0.001453 
-0.003985 -0.007961 0.010079 0.004274 -0.006500 -0.005510 0.010953 0.008015 
0.009793 -0.020607 -0.013611 -0.008107 0.001440 -0.015200 -0.000599 -0.004951 
0.010325 -0.004883 0.018964 0.019515 0.005204 -0.002563 -0.004822 0.006200 
0.018699 -0.008172 -0.001353 0.000720 0.007131 -0.016528 -0.010577 0.001640 
-0.071603 -0.070092 0.023337 0.002725 0.008878 0.009909 -0.003582 -0.000326 
0.038346 -0.034428 0.026880 0.001596 0.019885 -0.025523 0.007522 -0.009546 
0.236668 0.312319 0.109449 0.128990 0.075654 0.063969 0.034283 0.045323 
0.033535 -0.028823 0.001864 -0.017350 -0.011832 -0.001872 0.010279 -0.000134 
0.049075 0.000811 -0.023687 0.006062 -0.012463 -0.018005 -0.004515 -0.012634 
-0.026411 0.000591 0.011301 -0.001484 -0.002982 0.004561 -0.001842 0.000379 
-0.004493 -0.013070 -0.004111 0.021205 -0.011997 -0.035749 -0.001354 -0.000941 
-0.011973 -0.004070 0.010735 0.019618 0.005107 0.017599 -0.021131 -0.009212 
0.018697 0.004421 -0.008373 -0.006707 0.016315 -0.025842 0.003808 0.006124 
-0.031880 -0.006802 0.023874 -0.000411 -0.012030 0.018821 -0.022024 0.001253 
0.000059 -0.018946 -0.004153 0.002077 0.001750 -0.025692 -0.022847 0.001804 
-0.018638 0.003889 0.015911 0.009428 0.010266 0.024977 -0.013777 -0.002337 
-0.031211 -0.030442 -0.011438 -0.000720 -0.001612 -0.034947 -0.007997 -0.000521 
-0.021656 0.012370 0.030212 -0.010286 -0.003523 0.016017 -0.014301 -0.017287 
-0.007289 -0.018265 -0.010780 0.003702 -0.036328 -0.016593 -0.000401 -0.008973 
-0.022821 -0.009194 0.024700 0.018160 0.010910 0.017613 -0.009089 -0.003866 
0.007031 0.010849 -0.009248 0.013115 -0.009021 -0.022518 -0.000902 -0.005471 
-0.000853 -0.001012 0.046056 -0.007667 0.001396 0.025408 -0.034959 -0.014077 
-0.017244 -0.028790 -0.008674 0.000421 -0.027067 -0.013601 0.002374 0.039520 
0.009717 -0.037457 0.036326 -0.018840 -0.012998 0.023451 0.001763 -0.008155 
-0.026469 -0.083557 0.039046 0.030664 -0.000185 -0.042586 0.018331 0.002322 
-0.125783 0.019483 0.034645 -0.000234 0.003588 0.031711 0.002360 -0.027013 
-0.167815 -0.209796 0.071627 0.043637 -0.019460 0.046746 -0.040262 0.019813 
0.135007 -0.001906 -0.036119 -0.036917 0.009737 0.024601 -0.017279 0.020532 
