0.153594 1.080694
0.206285 1.213954
0.158139 1.268744
0.140610 1.284600
0.117629 1.247321
0.094481 1.188663
0.083350 1.103294
0.059314 1.011130
0.045251 0.988731
0.352378 1.158958
-0.386945 1.096075
-0.322406 1.221078
-0.197373 1.268643
-0.092016 1.272151
-0.031658 1.252180
-0.004468 1.202396
0.032806 1.093794
0.064405 1.015427
0.052914 0.996540
0.030923 0.976539
0.016200 0.900546
0.023973 0.948688
0.025346 0.966778
0.012268 0.968221
0.029796 0.975421
0.033040 0.961571
0.019188 0.951286
0.018828 0.945608
-0.020419 0.930014
0.051785 0.871814
-0.003362 0.898382
0.010518 0.946240
0.002285 0.973316
-0.007167 0.978022
-0.002392 0.984616
-0.017683 0.971088
-0.024673 0.963064
-0.027431 0.952203
-0.003978 0.947385
-0.136216 1.052927
0.150775 1.081181
0.201535 1.212605
0.152420 1.266558
0.137372 1.281241
0.111009 1.244815
0.088003 1.185445
0.079364 1.101325
0.056752 1.012587
0.049977 0.986217
0.329949 1.129494
-0.385841 1.095750
-0.322465 1.218869
-0.196432 1.266408
-0.090219 1.269099
-0.030889 1.249443
-0.002102 1.200630
0.036032 1.091577
0.067326 1.015342
0.053067 0.995951
0.047331 0.953174
0.026810 0.704640
0.022751 0.702563
0.023430 0.698603
0.022391 0.702200
0.023186 0.700813
0.012951 0.699339
0.018316 0.696541
0.019547 0.700000
0.061439 0.687792
-0.029389 0.629504
-0.055625 0.710268
-0.052299 0.707886
-0.075863 0.712902
-0.096069 0.714984
-0.126501 0.721017
-0.136318 0.727439
-0.171061 0.726893
-0.189401 0.724384
-0.183630 0.739511
-0.271259 0.761824
0.021003 0.705680
0.018182 0.702361
0.017401 0.698506
0.025927 0.691474
0.031548 0.685616
0.030742 0.682834
0.029350 0.681967
0.038935 0.676126
0.056807 0.678419
0.042357 0.653744
-0.021415 0.702265
-0.009582 0.703207
-0.011118 0.701288
-0.019315 0.695117
-0.027390 0.694178
-0.032597 0.687173
-0.028094 0.693498
-0.028664 0.693271
-0.073304 0.682042
0.029608 0.667768
0.005672 0.702553
0.023999 0.695121
0.044746 0.702071
0.057469 0.707209
0.074924 0.705368
0.092936 0.709691
0.088078 0.700753
0.093087 0.702591
0.118319 0.684472
0.292550 0.669591
-0.022413 0.693842
-0.029950 0.695521
-0.038489 0.704072
-0.047452 0.708026
-0.056985 0.718973
-0.058896 0.711717
-0.075874 0.708553
-0.076904 0.690070
-0.065382 0.694667
-0.124538 0.690186
0.004260 0.698875
0.008998 0.716576
0.026362 0.756300
0.029720 0.785647
0.031443 0.809378
0.035597 0.814634
0.038798 0.793094
0.045555 0.754167
0.046903 0.746746
0.030960 0.785116
-0.012510 0.692852
-0.019483 0.719031
-0.028304 0.756402
-0.027590 0.787265
-0.029453 0.810976
-0.023495 0.812654
-0.031321 0.799408
-0.023908 0.755746
-0.019762 0.755347
-0.199384 0.695075
0.014379 0.709838
0.021152 0.738336
0.029156 0.786887
0.027344 0.828741
0.038502 0.848039
0.032465 0.836912
0.022498 0.791814
0.028807 0.759001
0.006414 0.751266
-0.060318 0.821789
0.049657 0.696125
0.066336 0.733248
0.055505 0.788044
0.043707 0.818543
0.037261 0.843712
0.023193 0.827259
-0.002710 0.792406
0.016666 0.757931
0.010975 0.744249
0.052180 0.722032
0.025145 0.661559
0.040857 0.695597
0.063090 0.740745
0.074682 0.770265
0.092189 0.777531
0.098345 0.765627
0.095754 0.704881
0.109437 0.669612
0.140350 0.627789
0.171426 0.719379
-0.021940 0.662960
-0.018972 0.699862
-0.042406 0.747810
-0.062534 0.771725
-0.084722 0.784902
-0.095772 0.762710
-0.125745 0.721850
-0.124066 0.674168
-0.137903 0.678299
-0.215614 0.808248
0.006187 0.711283
0.012064 0.704301
0.012493 0.705709
0.018843 0.703131
0.025583 0.704446
0.031738 0.700707
0.025332 0.693185
0.012066 0.696611
0.035024 0.685476
0.160393 0.616451
-0.012202 0.702965
-0.015304 0.707246
-0.019010 0.707954
-0.022761 0.703272
-0.028360 0.707603
-0.024888 0.702411
-0.048971 0.699225
-0.044109 0.694667
-0.032134 0.711103
0.030225 0.736001
0.005301 0.710195
0.006740 0.705287
0.017690 0.708859
0.023496 0.707361
0.035180 0.698891
0.036214 0.697440
0.042559 0.695251
0.044614 0.694981
0.061180 0.708000
0.002740 0.780748
-0.016982 0.700661
-0.016948 0.706400
-0.017694 0.709437
-0.027785 0.708190
-0.026422 0.706487
-0.023534 0.708998
-0.038479 0.704110
-0.038815 0.702345
-0.032461 0.720874
-0.071110 0.695368
-0.000863 0.710569
0.014546 0.706804
0.016389 0.705512
0.029616 0.706209
0.026856 0.703102
0.034225 0.704396
0.039286 0.701079
0.048410 0.696563
0.022252 0.701677
0.287717 0.672422
-0.015774 0.700215
-0.016745 0.707190
-0.015513 0.703781
-0.022442 0.707164
-0.025808 0.710027
-0.026272 0.702512
-0.028448 0.701474
-0.028686 0.702926
-0.059303 0.715272
-0.081980 0.642481
0.004347 0.707112
0.011921 0.706826
0.025170 0.707406
0.028875 0.707382
0.040802 0.700722
0.061428 0.704664
0.043887 0.702685
0.053671 0.700253
0.107237 0.694466
0.058656 0.654538
-0.008817 0.706894
-0.013846 0.705216
-0.021570 0.708017
-0.021673 0.711551
-0.023786 0.713018
-0.031788 0.706522
-0.022166 0.714487
-0.027431 0.714300
0.001959 0.700626
-0.158954 0.720435
0.005957 0.707553
0.010388 0.700011
0.022956 0.708047
0.026228 0.706801
0.037888 0.713672
0.041975 0.719763
0.046165 0.705497
0.045169 0.712920
0.046426 0.704334
0.170511 0.632723
-0.013034 0.702335
-0.012173 0.707326
-0.010841 0.711167
-0.009923 0.712280
-0.019397 0.718432
-0.019477 0.716304
-0.026439 0.718315
-0.030722 0.704222
-0.022934 0.716660
0.000976 0.689657
0.004530 0.708682
0.003918 0.705746
0.009491 0.709175
0.018790 0.714596
0.020894 0.716075
0.022693 0.716775
0.037337 0.715932
0.030696 0.716406
0.071129 0.715553
0.137068 0.730730
-0.004897 0.703714
-0.011073 0.708463
-0.013759 0.706795
-0.007923 0.711166
-0.009343 0.718365
-0.003996 0.717595
-0.017464 0.723753
-0.021111 0.711843
0.005374 0.719863
-0.062908 0.680175
-0.000949 0.709585
0.001076 0.706766
0.009288 0.712029
0.010787 0.718089
0.009726 0.719899
0.011554 0.725517
0.022153 0.721970
0.021558 0.718618
-0.012802 0.706138
-0.053395 0.702267
-0.011343 0.703631
-0.007664 0.708083
-0.017359 0.714974
-0.013236 0.719517
-0.019354 0.729695
-0.005920 0.724331
-0.014216 0.723374
-0.011444 0.714907
-0.008343 0.728187
-0.077833 0.655369
-0.000634 0.708780
0.001210 0.710400
0.013032 0.717970
0.006585 0.722397
0.006349 0.727024
0.011680 0.723794
0.005285 0.727344
0.013148 0.722395
0.010675 0.700815
0.018668 0.712637
-0.013892 0.702572
-0.008845 0.709361
-0.006421 0.714207
-0.014199 0.724711
-0.013522 0.726806
-0.014786 0.728926
-0.020874 0.723729
-0.012678 0.716870
-0.006173 0.743787
-0.080774 0.619895
0.001490 0.711065
0.003984 0.713154
0.018262 0.719508
0.014297 0.728323
0.012610 0.729070
0.013267 0.732515
0.005017 0.725610
0.009733 0.724221
-0.003122 0.737567
-0.068876 0.635163
0.002215 0.702214
-0.001029 0.709033
-0.003118 0.718312
-0.002845 0.725229
-0.010784 0.736508
-0.007586 0.735115
-0.003101 0.730746
0.000407 0.719577
-0.020374 0.719724
-0.070321 0.646983
0.011736 0.706776
0.015868 0.710729
0.009030 0.720847
0.014456 0.727303
0.014173 0.735372
0.020745 0.734435
0.012752 0.723675
0.022253 0.705280
0.054318 0.722166
0.011297 0.748556
-0.013421 0.704951
-0.015405 0.709545
-0.019930 0.720269
-0.018744 0.726805
-0.012273 0.736416
-0.017729 0.733119
-0.010665 0.733477
-0.004968 0.726885
-0.002103 0.687238
-0.130648 0.751140
-0.001124 0.709099
0.008128 0.707279
0.005857 0.716464
0.005850 0.728591
0.018496 0.740214
0.014087 0.730703
0.012527 0.729610
0.018470 0.721268
0.037301 0.728223
-0.063285 0.749816
-0.002524 0.703066
-0.008407 0.713788
-0.018937 0.723074
-0.014103 0.731233
-0.017962 0.733549
-0.012605 0.730203
-0.025622 0.728109
-0.017373 0.719015
-0.009177 0.727636
0.014694 0.689773
0.004573 0.712629
0.007015 0.716862
0.011522 0.723535
0.012890 0.736027
0.013217 0.744673
0.018323 0.739698
0.007322 0.719709
0.008946 0.716748
0.017712 0.729672
-0.025998 0.799947
0.012357 0.701544
0.016509 0.709255
0.004876 0.721156
0.002127 0.728029
0.015597 0.732689
0.000678 0.736428
-0.006949 0.724960
0.015009 0.714717
-0.043106 0.702934
0.016416 0.641434
0.032430 0.714722
0.020574 0.716293
0.030521 0.727726
0.027860 0.732368
0.028481 0.736834
0.022138 0.731595
0.019018 0.732911
0.021844 0.715381
-0.010621 0.737206
-0.002461 0.706672
0.051205 0.696868
0.052065 0.706268
0.047347 0.713905
0.041687 0.725061
0.033706 0.732257
0.021373 0.728722
-0.000197 0.727276
0.022123 0.713030
0.014814 0.707289
0.039036 0.688073
0.001458 0.707516
0.003550 0.710903
0.001280 0.724745
-0.001025 0.731875
0.008396 0.733919
0.002551 0.729684
-0.003758 0.726059
-0.000139 0.718381
-0.029626 0.703115
-0.048728 0.807022
0.077801 0.703114
0.080016 0.709755
0.071513 0.715505
0.051891 0.724885
0.036043 0.730334
0.025642 0.730718
0.013597 0.719582
0.003536 0.713479
0.062681 0.698505
0.104116 0.742622
0.034029 0.705250
0.039517 0.712479
0.034864 0.709043
0.028784 0.720509
0.036445 0.713344
0.029850 0.715124
0.037633 0.719430
0.030095 0.720558
0.025144 0.715289
-0.018104 0.727428
0.127672 0.699910
0.120776 0.696011
0.096357 0.703639
0.068847 0.702014
0.069787 0.706213
0.061088 0.709873
0.069985 0.700416
0.062963 0.700322
0.095441 0.671633
0.010852 0.638338
0.054269 0.951345
0.074187 0.938351
0.060908 0.936540
0.043469 0.937424
0.037318 0.937754
0.026708 0.921177
0.013073 0.906738
0.009000 0.903488
-0.023533 0.878287
-0.000740 0.893334
-0.010239 0.948602
-0.017959 0.936317
-0.016308 0.935373
-0.003711 0.928488
-0.003594 0.928876
0.001208 0.919949
0.006800 0.902506
-0.004278 0.901545
0.028109 0.903882
-0.042920 0.966274
-0.000362 0.894954
0.003387 0.953617
-0.010256 0.979357
-0.018098 0.981710
-0.012581 0.972489
-0.031062 0.966304
-0.028876 0.960099
-0.026536 0.956649
-0.022527 0.936975
-0.051718 1.122263
-0.000534 0.894534
-0.002028 0.946314
0.000987 0.961446
-0.009173 0.971216
0.009012 0.974157
-0.011275 0.968630
-0.017398 0.957922
-0.013414 0.962045
-0.007583 0.930560
-0.053488 0.886022
0.054188 0.952023
0.074070 0.941021
0.059075 0.938004
0.040841 0.937345
0.034629 0.942362
0.021216 0.924205
0.007872 0.909261
0.004246 0.909451
-0.025862 0.881022
-0.019128 0.906116
-0.010009 0.949783
-0.017919 0.938332
-0.015871 0.938292
-0.005485 0.931453
-0.002084 0.930296
-0.001272 0.923223
0.003814 0.906002
-0.006726 0.903535
0.027741 0.902248
-0.053161 0.964734
-0.009048 0.700903
-0.000682 0.699709
0.007753 0.702077
0.004057 0.704644
0.012323 0.697902
0.016590 0.702572
0.020025 0.702103
0.010037 0.693347
-0.012031 0.719535
0.081836 0.667945
-0.017559 0.720551
0.015909 0.713609
0.020114 0.705819
0.026667 0.708137
0.044987 0.710467
0.050897 0.707112
0.060584 0.706602
0.045066 0.707273
0.004195 0.712745
0.034895 0.710144
0.015783 0.702970
0.020481 0.710103
0.027930 0.712811
0.028594 0.711613
0.026393 0.707745
0.043109 0.705541
0.040285 0.702278
0.012733 0.691294
0.062617 0.677167
0.030947 0.653713
-0.012428 0.713386
0.012058 0.713819
0.019676 0.713588
0.029563 0.712730
0.029410 0.717307
0.057169 0.709648
0.052161 0.706723
0.064620 0.701561
0.103038 0.710227
0.171843 0.648351
0.021576 0.710434
-0.003961 0.710193
-0.014978 0.709112
-0.027945 0.710662
-0.034416 0.703783
-0.039632 0.706332
-0.048433 0.711843
-0.056145 0.705363
-0.069115 0.700520
-0.075826 0.676886
0.012403 0.705618
0.025032 0.709060
0.027649 0.712811
0.029081 0.713039
0.035258 0.710769
0.042547 0.714028
0.050778 0.710683
0.046943 0.705384
0.080983 0.697237
-0.028036 0.711430
0.013232 0.703853
0.003804 0.702249
0.000757 0.698702
-0.001426 0.704527
-0.004484 0.713482
-0.002469 0.713056
0.005140 0.706733
-0.003899 0.713391
-0.012885 0.705832
-0.051135 0.603468
0.006648 0.708734
0.004826 0.705663
0.005321 0.709271
0.009447 0.708618
0.007597 0.708963
-0.004704 0.709193
-0.000698 0.706768
0.018667 0.713106
0.020832 0.703610
-0.028033 0.682901
0.018177 0.702067
0.009615 0.704880
0.026341 0.700438
0.017363 0.707046
0.020571 0.704311
0.014133 0.713548
0.013717 0.711261
0.036492 0.713773
0.025342 0.728226
-0.079960 0.668721
-0.011126 0.704636
-0.009130 0.702538
-0.016436 0.700614
-0.010046 0.702865
-0.013678 0.708698
-0.010439 0.714080
-0.012227 0.711374
-0.013291 0.714181
-0.001892 0.703032
-0.084329 0.660257
0.031732 0.703659
0.013317 0.700598
0.018545 0.713518
0.005780 0.714004
0.002231 0.718920
0.008525 0.712397
0.006622 0.708560
-0.014427 0.692967
-0.009203 0.698357
-0.031891 0.732292
-0.006331 0.705616
0.024170 0.705095
0.028150 0.711491
0.041090 0.714942
0.046560 0.726305
0.064721 0.716379
0.071420 0.708972
0.080169 0.710989
0.116147 0.698635
0.044964 0.629005
0.013491 0.709549
-0.000290 0.706328
-0.001457 0.708720
-0.012418 0.705821
-0.014812 0.707399
-0.009448 0.707441
-0.020269 0.705443
-0.019199 0.712783
-0.001439 0.695706
-0.030852 0.676907
0.006104 0.704359
0.010024 0.712369
0.008379 0.711164
0.008736 0.711851
0.012185 0.710108
0.009675 0.714141
0.018725 0.711728
0.018237 0.708728
0.033270 0.711924
0.054263 0.678767
0.014705 0.704630
0.001415 0.706510
-0.007915 0.702817
-0.005635 0.704135
-0.011449 0.704814
-0.018465 0.702657
-0.022838 0.701897
-0.012511 0.703752
-0.058896 0.693642
-0.049460 0.640974
0.002012 0.711309
0.008420 0.708582
0.006662 0.705790
0.009136 0.711011
0.012186 0.703007
0.020515 0.709662
0.029949 0.707536
0.018357 0.711230
0.000472 0.687633
-0.172094 0.703471
0.017333 0.708378
0.004121 0.706490
-0.001705 0.705026
-0.009661 0.700986
-0.020481 0.707240
-0.017484 0.703369
-0.011661 0.701261
-0.025681 0.704901
-0.065987 0.707646
0.029547 0.734416
0.004151 0.707901
0.005974 0.708612
0.013016 0.709940
0.010766 0.713466
0.014799 0.709676
0.017853 0.707973
0.015100 0.706514
0.025283 0.705892
0.071510 0.678400
0.007493 0.639739
0.002764 0.707723
-0.008238 0.707251
-0.014676 0.705741
-0.013184 0.704689
-0.018022 0.701781
-0.021893 0.707833
-0.032993 0.702824
-0.034048 0.698088
-0.006419 0.678727
-0.074967 0.697590
0.012391 0.707674
0.015060 0.703593
0.018614 0.710085
0.017501 0.709423
0.015749 0.710010
0.023168 0.713639
0.026516 0.714379
0.024557 0.710299
0.037143 0.686546
0.098272 0.723063
0.007177 0.709839
-0.007886 0.707399
-0.008380 0.708312
-0.018028 0.709318
-0.012595 0.706187
-0.022119 0.710786
-0.018361 0.699603
-0.032728 0.702013
-0.011923 0.712001
-0.032317 0.689892
0.013013 0.705753
0.019301 0.709122
0.013883 0.707721
0.017321 0.705501
0.019876 0.703141
0.019413 0.703172
0.024205 0.706433
0.020096 0.699067
0.047655 0.686328
-0.027753 0.730093
0.007803 0.703484
0.003022 0.707572
-0.000959 0.706317
-0.002683 0.703904
-0.000946 0.709935
-0.007261 0.704745
-0.003826 0.704822
-0.013361 0.705440
0.011435 0.693955
-0.044152 0.759584
0.004786 0.709658
-0.003028 0.708060
0.004002 0.712066
-0.003729 0.709241
0.002716 0.710925
0.008823 0.699860
-0.000027 0.710117
0.026814 0.701108
0.000479 0.704465
-0.143787 0.731582
0.006389 0.707047
0.003433 0.708099
0.001486 0.706964
-0.005765 0.698563
-0.006119 0.709149
0.004478 0.703734
0.008844 0.708577
0.004313 0.709251
-0.023518 0.705457
-0.044021 0.757613
0.001466 0.706775
0.003139 0.706291
0.001244 0.706714
0.004984 0.712946
-0.004179 0.709026
-0.011233 0.709884
-0.003563 0.707447
0.002602 0.716338
0.052904 0.713475
0.150847 0.778858
0.006341 0.705176
0.000874 0.707426
0.002836 0.707067
-0.004051 0.707699
0.004126 0.708622
0.005291 0.711911
0.003750 0.702545
-0.003707 0.701140
0.009472 0.691276
0.025996 0.692132
0.001888 0.706365
-0.000066 0.711099
-0.001956 0.704133
0.006655 0.709606
0.007949 0.706677
-0.007941 0.703422
-0.002075 0.708813
-0.000507 0.711242
0.003302 0.680927
0.054934 0.609110
0.012424 0.707741
0.007898 0.703917
0.001469 0.702730
0.008931 0.708704
-0.003888 0.708765
0.000162 0.705480
0.009156 0.709061
-0.012251 0.708766
-0.024331 0.713773
-0.086202 0.642780
0.002144 0.704500
0.000936 0.705434
-0.001612 0.709318
0.001265 0.709338
0.004883 0.706507
0.001968 0.707735
0.005430 0.704083
0.005837 0.711592
0.001482 0.731618
-0.130513 0.618859
0.003632 0.709444
-0.004001 0.705968
-0.000314 0.703707
-0.002869 0.705838
-0.004718 0.708138
-0.007191 0.712859
-0.008090 0.709795
0.014946 0.711914
0.002775 0.709962
0.044347 0.746803
0.006916 0.706108
0.010664 0.707101
0.008850 0.707358
0.013308 0.707849
0.001823 0.707596
-0.000904 0.702899
-0.002302 0.710910
0.006277 0.719222
-0.014496 0.693501
-0.002289 0.714093
0.006134 0.706488
-0.004221 0.704262
0.002183 0.707444
-0.002474 0.708051
0.005021 0.707268
0.004998 0.708391
-0.009824 0.708972
0.022654 0.715698
0.026879 0.709502
-0.201009 0.624488
-0.001635 0.707320
0.001308 0.707672
-0.001687 0.706151
-0.006184 0.705823
0.000336 0.712630
-0.001887 0.714965
0.002081 0.703914
0.003410 0.707189
0.036288 0.705071
0.075010 0.669240
0.018078 0.705206
0.008020 0.707723
0.023146 0.702997
0.013200 0.706868
0.021240 0.704501
0.004537 0.704046
0.008378 0.707026
0.015012 0.705778
-0.004178 0.707529
0.026484 0.750774
-0.007796 0.707140
-0.001990 0.707513
-0.004899 0.705597
0.011132 0.708725
-0.005452 0.708021
0.003559 0.708890
0.008746 0.707875
-0.010046 0.704037
0.013239 0.700970
-0.029921 0.647032
0.023579 0.704942
0.017414 0.706292
0.023909 0.708163
0.018557 0.706323
0.007798 0.706488
0.013803 0.713483
0.009889 0.706151
0.009799 0.708976
-0.009889 0.736179
0.078130 0.743749
-0.013917 0.707170
-0.004659 0.709078
-0.016301 0.705493
-0.006034 0.712950
-0.006761 0.700606
-0.014060 0.712649
-0.017392 0.703383
-0.015311 0.706129
-0.027594 0.700455
-0.124581 0.675207
0.005124 0.707745
-0.003003 0.706068
0.009262 0.706046
0.000617 0.706172
0.005777 0.700015
0.005447 0.709968
0.004138 0.713804
0.014433 0.703688
0.063799 0.714088
-0.015410 0.667682
-0.005325 0.706788
-0.004699 0.704631
-0.003023 0.705665
-0.004465 0.706484
0.000805 0.703777
0.010243 0.709902
-0.003505 0.707561
-0.002079 0.712676
-0.012204 0.688842
-0.095226 0.677057
-0.003500 0.695014
0.012169 0.696968
0.004084 0.693364
0.021505 0.694366
0.007268 0.693735
0.005343 0.697950
0.027082 0.697366
0.030744 0.709165
-0.013969 0.714609
-0.017878 0.701819
-0.035308 0.719865
-0.035621 0.716240
-0.038653 0.719539
-0.056288 0.716353
-0.044141 0.716646
-0.057105 0.714263
-0.059796 0.710622
-0.026251 0.707812
-0.066547 0.692880
-0.181286 0.643508
-0.043777 -0.029680 -0.003639 -0.009610 0.010914 0.006886 -0.001564 -0.001183 
0.238448 -0.002845 0.005551 -0.008668 -0.006091 0.006203 0.000894 -0.003071 
-0.047093 -0.015385 0.003931 0.001091 0.005101 0.005620 0.002644 0.004409 
0.155037 -0.008186 -0.002522 0.003045 0.006742 -0.003145 0.000710 0.001023 
-0.021601 -0.000272 -0.001737 0.000818 -0.005466 0.000504 0.004678 -0.001929 
0.056254 0.001098 -0.006894 0.000567 0.001442 -0.000692 -0.002367 0.007328 
0.003089 -0.001444 -0.005391 0.000257 -0.000595 0.004643 -0.005465 -0.002494 
-0.017383 -0.006067 -0.000947 0.006730 0.007286 0.003210 0.000879 -0.008425 
0.021529 0.004582 0.004967 0.008627 -0.002102 -0.000441 -0.001373 -0.001518 
-0.094043 -0.004278 -0.002864 -0.001988 -0.006297 0.001727 -0.008241 0.002621 
0.045071 -0.013032 -0.004058 0.002889 -0.006624 -0.004833 -0.007407 -0.003299 
-0.152880 -0.012332 -0.003343 -0.004262 0.005187 0.002939 0.001757 0.010766 
0.061944 -0.028126 -0.007134 -0.004493 -0.006457 -0.003199 -0.005610 -0.000981 
-0.203718 -0.028563 0.003834 0.005187 -0.001887 -0.001160 -0.000832 0.003315 
0.056109 -0.040091 -0.010365 -0.000579 -0.007674 0.001155 0.001846 0.000604 
-0.233670 -0.021318 0.002989 -0.004101 0.003271 0.003680 -0.000915 0.004162 
0.045446 -0.037725 -0.005903 -0.011394 -0.004628 0.001656 -0.004196 -0.002299 
-0.241071 -0.021743 -0.002941 -0.004368 -0.004814 -0.000549 0.003853 0.004239 
-0.010063 -0.051037 0.004287 -0.002469 0.000118 -0.001396 0.000313 0.002883 
-0.265014 -0.003452 0.007707 0.002210 0.002029 -0.002707 0.000143 -0.002328 
0.002973 -0.006028 -0.002622 0.009171 0.000213 0.004038 -0.003962 -0.003297 
-0.011818 -0.002287 -0.004120 -0.008467 0.003842 0.000165 0.007501 0.002848 
0.011506 -0.006986 0.003975 -0.003709 0.001397 0.003920 -0.002326 -0.007578 
-0.023098 -0.005714 -0.000398 -0.002786 -0.004127 -0.003638 0.005324 -0.002794 
0.005387 -0.008417 -0.007542 -0.005203 -0.005380 -0.003277 0.006970 -0.000407 
-0.005660 0.002395 0.008872 0.000049 0.003960 0.002530 -0.005622 0.002881 
-0.005561 -0.010095 -0.008288 0.012399 -0.003829 0.002224 0.002995 0.009483 
-0.003326 -0.002453 -0.003897 0.006910 0.002854 0.001614 -0.000072 -0.001024 
0.005705 -0.003860 -0.001164 0.002618 -0.001953 0.001719 -0.002999 -0.003655 
0.001319 0.003393 -0.008227 0.003221 0.006548 -0.001220 0.002069 0.007753 
0.001184 0.005922 -0.009659 0.009601 -0.001585 0.005818 -0.007234 0.003298 
0.017523 0.001989 0.000689 0.002309 0.000922 -0.008507 -0.001275 -0.013335 
-0.002625 -0.003898 0.006793 0.004621 -0.004337 -0.004481 -0.006439 0.000595 
0.011826 -0.007054 0.002352 0.000882 0.000386 0.010470 -0.003156 0.010771 
0.003208 0.005294 -0.007900 -0.001780 -0.006227 -0.006982 0.000815 0.009661 
0.012793 0.003202 0.000677 -0.004269 -0.003396 0.002942 -0.001978 0.003377 
0.000578 0.008656 0.002457 0.004633 0.001320 0.006131 -0.004473 -0.019290 
0.014905 -0.005714 -0.012928 0.014926 -0.003166 0.003959 -0.002558 -0.002342 
0.023274 0.018249 -0.008429 0.003604 -0.005125 0.015823 -0.007171 -0.021166 
-0.019522 0.003427 -0.004239 -0.017239 -0.002986 -0.000321 -0.001561 0.002345 
-0.044525 -0.029249 -0.000391 -0.010697 0.003292 0.003170 0.002519 0.005952 
0.239766 -0.004542 0.007116 -0.005975 -0.006610 0.008995 -0.002519 -0.003211 
-0.049209 -0.015845 0.005067 -0.006545 0.003955 0.005963 -0.000192 0.002902 
0.156936 -0.009835 0.001485 0.005109 0.006905 -0.003135 0.002192 -0.001262 
-0.022053 -0.001752 -0.000345 0.004325 -0.009166 -0.004602 0.002929 -0.004508 
0.057174 -0.000252 -0.003640 -0.001063 0.003317 0.003940 -0.004675 0.006076 
0.004588 -0.000685 -0.002126 0.001124 0.001195 0.001345 -0.001712 0.001166 
-0.017160 -0.006109 0.001343 0.009374 0.003671 0.006780 0.000735 -0.011811 
0.020300 0.004328 0.003098 0.005657 -0.001484 -0.000108 -0.001276 -0.001602 
-0.093540 -0.003408 -0.002186 -0.000271 -0.005151 0.001290 -0.008375 0.001655 
0.045108 -0.009863 -0.004962 0.005007 -0.010082 -0.008828 -0.007591 0.001376 
-0.154522 -0.011268 -0.002589 -0.005329 0.005138 0.003012 0.002503 0.005583 
0.062227 -0.027509 -0.007265 -0.002432 -0.003210 -0.001871 -0.006759 0.000967 
-0.204515 -0.028789 0.007379 0.007707 0.001648 -0.000058 0.005503 0.002433 
0.057600 -0.040894 -0.009112 -0.000930 -0.003671 0.001165 0.003989 0.002394 
-0.235444 -0.021133 0.000820 -0.005269 0.003037 0.001703 -0.001132 -0.001430 
0.046081 -0.039873 -0.004752 -0.008435 -0.004717 0.001264 0.001116 -0.000197 
-0.242902 -0.020650 -0.003063 -0.005381 -0.003826 0.003940 0.002823 0.002756 
-0.011591 -0.046014 0.005341 -0.001146 -0.001627 -0.002957 -0.002699 0.005225 
-0.266347 -0.003275 0.006287 0.001647 0.001392 -0.000805 -0.001241 0.001293 
-0.008014 -0.021061 -0.008512 -0.003408 -0.005567 -0.001235 0.005824 0.007568 
-0.099959 0.008589 0.008525 -0.003304 0.005760 -0.003810 0.004084 0.002528 
-0.010854 -0.016208 -0.003011 0.000270 -0.002707 -0.005159 -0.000070 0.002477 
-0.054496 0.004340 0.005985 -0.000434 -0.007650 0.000080 -0.001178 0.010149 
-0.009603 -0.008599 -0.005977 -0.001215 -0.006536 -0.004665 0.001990 0.003558 
0.000263 0.004364 -0.005649 0.002192 -0.006193 -0.009331 0.003014 -0.001914 
-0.015192 -0.013021 0.000437 0.002567 -0.000382 0.002005 -0.004152 0.004110 
0.034763 0.005161 0.002923 0.003630 0.000421 0.006314 -0.006618 0.006667 
-0.015858 -0.006906 0.009854 -0.004647 0.003061 0.000997 -0.000748 0.002446 
0.084417 -0.001923 0.001265 -0.000375 -0.003722 -0.006363 0.002458 0.003101 
-0.015060 0.000671 0.005863 0.002052 0.000508 -0.008028 -0.007857 -0.003662 
0.118924 0.007192 0.003220 0.001815 0.006297 -0.002728 0.005335 -0.001218 
-0.018111 -0.006362 0.014377 -0.000963 0.003136 -0.017768 0.004611 0.004346 
0.136467 -0.004471 -0.005906 0.009354 0.000650 0.005265 -0.001914 0.001499 
-0.017491 -0.004264 0.014165 -0.011207 -0.000110 -0.010160 0.002265 -0.002413 
0.145119 -0.003936 -0.003548 -0.000191 0.001108 -0.000587 -0.001943 -0.003610 
-0.019342 -0.005825 0.006769 -0.011459 -0.020490 -0.015779 0.018340 -0.002542 
0.124028 -0.006047 -0.010832 0.004430 0.010999 -0.000304 -0.006982 0.004658 
0.015136 -0.007262 -0.003801 -0.044823 -0.004938 -0.013024 0.024588 0.007061 
0.075701 -0.040857 -0.030682 -0.004358 0.037191 0.014389 0.000277 -0.017611 
0.018490 -0.008711 0.006663 0.006230 0.002412 -0.011165 0.007038 -0.006868 
-0.012683 0.006075 -0.008145 -0.007865 -0.003689 -0.001435 0.001993 -0.005238 
0.010899 -0.003338 -0.001317 0.001773 0.002120 0.006041 0.009131 0.002772 
-0.010254 0.002162 0.003108 0.005393 -0.001856 -0.005503 0.000236 0.003827 
0.003096 -0.000583 0.001438 -0.004493 0.000524 0.001298 -0.001678 -0.001117 
0.002315 0.006536 0.001394 -0.001129 -0.002194 0.003414 -0.000078 0.002542 
-0.000126 0.001435 -0.002222 0.001754 -0.001234 0.004320 -0.001437 -0.008062 
0.024132 0.008774 -0.002629 0.000545 -0.002196 0.000199 -0.004311 -0.003740 
-0.015606 0.008026 -0.002949 -0.003004 0.001594 -0.000171 0.000333 -0.003642 
0.031764 -0.000035 -0.005309 -0.004827 -0.000737 -0.000945 0.000710 -0.001946 
-0.012518 -0.001521 -0.006493 0.004344 0.002358 -0.007829 -0.000342 -0.000101 
0.040727 0.005942 -0.004984 0.005094 0.001112 -0.008081 0.003227 -0.009430 
-0.020330 0.013284 0.001764 -0.002846 0.003234 0.004554 -0.000873 0.004951 
0.054224 0.002738 0.010010 0.000335 -0.003466 -0.003608 0.004996 0.001772 
-0.015099 -0.000844 0.001713 0.004306 -0.005239 0.002053 0.011826 -0.003197 
0.044088 -0.005416 -0.008890 0.004742 -0.004915 -0.007166 0.003046 -0.005796 
-0.024482 0.005205 0.002612 -0.007490 0.001394 0.002612 0.004659 0.001765 
0.048559 -0.005432 0.001299 0.004064 0.004344 0.005748 -0.005223 -0.002343 
-0.027439 0.021485 -0.020824 -0.012902 0.004114 0.008332 0.007937 0.007056 
-0.017190 -0.024786 -0.001044 -0.006055 0.013743 0.015888 -0.011862 -0.012679 
0.075651 0.001775 0.002026 0.005791 -0.004515 0.002672 -0.008908 -0.008097 
-0.051379 -0.004967 0.006177 0.004317 0.003143 0.003550 -0.000969 -0.000700 
0.064801 -0.006495 -0.002861 -0.003908 0.005635 -0.001503 0.005097 0.007086 
-0.025444 -0.002731 -0.001881 0.006384 -0.004432 0.007742 -0.001408 -0.004943 
0.030780 0.000596 -0.004751 0.002393 -0.009843 0.000787 -0.005908 0.010541 
-0.013840 -0.000077 0.003804 0.000981 -0.002878 -0.008062 0.003637 -0.003472 
0.004780 -0.003072 0.005157 -0.005376 -0.006103 0.001306 -0.005304 -0.001722 
-0.004926 0.004616 0.005099 0.000263 0.001706 0.003362 0.009256 0.003405 
-0.010125 -0.003081 0.001078 0.011673 -0.003255 -0.003668 -0.000841 -0.001761 
0.020934 0.003556 0.002439 -0.001152 -0.005261 0.009852 -0.005843 -0.011773 
-0.026706 0.000659 0.006627 -0.006058 -0.000559 0.002186 -0.006159 0.011968 
0.023549 0.003309 0.000864 0.001410 -0.001166 -0.004821 -0.005473 -0.007055 
-0.049019 -0.000095 -0.007803 0.002170 -0.008622 -0.007858 0.002051 0.001718 
0.034805 0.004164 -0.009852 0.007292 0.000856 -0.005443 0.001664 0.003057 
-0.047850 0.001723 -0.005747 0.002235 -0.004614 -0.007132 0.000115 -0.004351 
0.045417 -0.004384 0.001382 0.001108 -0.006629 0.009985 0.000248 -0.002513 
-0.077818 0.020313 0.000033 0.000482 0.005777 -0.006188 -0.007090 0.000904 
0.046930 -0.001675 0.004942 0.000261 -0.002350 0.008380 -0.000953 -0.004673 
-0.122513 0.039599 -0.000423 0.005027 0.001636 0.009841 -0.008156 0.007438 
0.064896 -0.015361 0.020749 0.001686 -0.005442 0.002263 0.000301 -0.003423 
0.032744 -0.006408 0.000813 -0.003567 -0.004949 0.003005 -0.002373 0.005754 
-0.014112 0.008218 0.003194 -0.003997 -0.004496 -0.003887 -0.005233 0.000069 
0.011951 -0.000453 0.006232 -0.006324 -0.002381 0.001523 -0.002030 0.001985 
-0.001957 0.006097 -0.002069 0.009531 0.002280 0.006713 0.004405 0.000722 
0.012488 -0.004478 0.006501 -0.008910 -0.003517 -0.004330 0.003661 0.003287 
-0.003977 -0.001956 0.002008 -0.002025 -0.001870 0.001549 0.007144 0.000957 
0.003755 -0.005371 0.002732 -0.003862 0.000408 -0.006160 -0.004330 -0.004616 
0.000766 -0.001733 -0.001554 -0.003912 0.000759 -0.001476 0.012153 0.010201 
-0.004773 -0.001958 -0.005593 -0.004325 0.001962 -0.003334 0.007590 -0.000610 
0.002730 0.001456 -0.006708 -0.011405 0.003119 0.002122 -0.004799 -0.003096 
-0.020289 0.000079 -0.003176 -0.005321 0.004329 -0.005213 -0.006128 0.001585 
0.002413 0.002201 -0.000982 -0.000365 0.002337 0.004510 0.003820 0.000819 
-0.026381 -0.000463 -0.000826 -0.002381 0.007572 0.002575 0.005604 -0.000155 
0.014142 -0.000293 -0.006513 -0.006927 -0.001122 0.007642 0.005109 0.003347 
-0.014355 -0.000602 0.001541 -0.000624 0.000036 0.004236 0.007294 -0.001328 
0.015802 -0.007986 -0.002084 -0.002630 0.004553 -0.003943 0.001080 0.005237 
-0.021115 0.010811 -0.002563 -0.002103 -0.000441 0.009185 -0.004514 -0.001381 
0.029334 -0.004521 0.006247 -0.001907 0.007697 0.003372 -0.001407 0.004088 
-0.033347 0.015363 -0.004608 -0.011651 -0.007307 -0.004718 -0.002153 0.003645 
0.029028 -0.000526 -0.004467 0.002412 0.001601 0.003657 -0.007236 -0.003443 
0.008197 -0.004350 -0.003103 0.003327 0.003195 0.001890 0.006021 -0.002885 
-0.038059 -0.004949 -0.001612 -0.002607 0.002257 0.002864 0.007370 -0.003124 
0.010695 -0.002296 0.011843 -0.005994 -0.002273 -0.000269 0.004021 -0.009408 
-0.025632 -0.005750 -0.004189 -0.003376 0.004660 0.002880 0.003390 0.004243 
0.004740 0.001617 0.003221 0.005476 -0.005781 -0.004448 0.006029 0.003606 
-0.011969 0.003921 0.000649 -0.002199 0.005596 -0.005604 0.003341 0.003585 
0.004002 -0.004687 -0.006767 -0.002089 -0.000140 0.009506 0.010428 0.005549 
0.004384 -0.002856 0.000177 -0.001446 0.000604 0.009290 0.001518 0.012704 
-0.001240 0.000981 -0.004953 0.003315 0.000719 0.003863 -0.001002 -0.000393 
0.013345 0.000723 -0.004411 -0.008717 -0.004747 -0.001178 0.002719 0.003791 
-0.002795 0.003589 -0.000811 0.005741 -0.005143 -0.002934 -0.001468 -0.000190 
0.036017 -0.004231 -0.000135 0.002109 -0.002697 0.001965 0.006835 -0.011285 
0.002728 0.000860 -0.006337 -0.004287 -0.010030 0.003583 0.001538 -0.002645 
0.045922 0.002090 0.002816 -0.000768 0.002141 -0.001634 -0.007450 0.003687 
-0.007732 0.003921 0.000169 -0.000795 -0.008834 0.002170 0.004835 0.005972 
0.040727 -0.004262 0.016582 -0.012405 -0.005544 -0.003058 -0.001998 0.008949 
0.002160 0.009399 0.002276 -0.005085 0.002110 0.003532 -0.002583 -0.000151 
0.031918 -0.007360 -0.000572 -0.001380 -0.008384 0.004288 -0.003767 -0.006148 
-0.028913 -0.008502 -0.003633 -0.001445 -0.012339 0.011397 -0.008618 0.002075 
0.049838 -0.001060 -0.000611 -0.007019 0.001558 0.012596 -0.002816 -0.001099 
0.071582 -0.010100 0.005163 -0.001522 -0.006532 0.000753 0.008287 0.004617 
-0.098204 -0.002275 0.002393 -0.001896 0.001017 -0.001920 -0.001567 -0.001977 
0.037269 -0.000601 0.002665 0.006139 -0.003658 0.003459 0.008025 -0.004650 
-0.043383 -0.004425 -0.005862 -0.001585 -0.007231 -0.001800 0.000611 -0.004896 
0.019234 0.000785 0.002725 0.001861 0.003557 -0.002500 -0.003620 -0.001617 
-0.011647 0.002621 -0.000332 0.000672 0.004778 0.006532 -0.001034 -0.004480 
-0.000076 -0.005185 0.005028 0.003620 0.007934 0.004337 -0.001222 -0.004089 
0.019035 0.009107 0.000816 0.005845 -0.002666 0.000326 -0.002569 0.002718 
-0.019554 -0.008689 -0.003084 -0.002631 0.003701 -0.005655 0.003919 0.004984 
0.056299 0.002689 0.004586 0.004553 0.000248 0.003177 0.000338 -0.001925 
-0.039445 -0.004203 -0.004200 -0.000351 -0.001383 -0.001731 0.002375 -0.000756 
0.094696 0.002037 -0.004440 0.001194 -0.007656 -0.015074 -0.000001 -0.002664 
-0.060035 -0.009156 0.002900 -0.005385 -0.009152 0.010224 -0.006038 0.004007 
0.130884 0.001247 0.005741 0.005569 -0.013745 0.001198 0.002218 0.002005 
-0.055951 -0.008314 -0.007682 0.000971 -0.008824 -0.004260 -0.001889 0.008096 
0.141416 -0.008726 0.000008 -0.007461 -0.003430 -0.000405 0.002978 0.002082 
-0.082938 -0.001335 -0.004073 0.008525 -0.003816 0.005317 0.000909 0.004217 
0.150032 -0.005812 0.003366 0.000334 0.001040 0.002531 -0.002185 0.000201 
-0.139596 0.031823 -0.006471 -0.005739 0.001487 0.003994 -0.000835 -0.000771 
0.122378 -0.026466 0.010164 -0.000477 -0.002402 -0.001197 0.002948 0.003599 
0.017196 -0.007363 -0.007523 0.003219 -0.001886 0.000388 -0.001276 -0.004083 
-0.031929 0.001269 0.001238 -0.000312 -0.004640 0.000416 -0.002737 -0.001972 
0.015071 -0.007169 -0.006722 0.007163 -0.002567 0.000159 -0.003341 -0.008177 
-0.011336 0.005303 -0.009501 0.004178 0.002975 -0.001903 -0.004281 -0.001671 
0.010015 0.006453 0.002890 -0.002687 -0.000081 0.003038 -0.005416 0.006303 
-0.008679 -0.002217 0.005628 0.006454 -0.002342 0.000679 0.000375 -0.008374 
0.002422 -0.005775 -0.000148 0.002549 0.002947 -0.001698 -0.004287 0.005535 
0.000277 -0.004091 -0.001325 -0.006533 -0.000959 -0.004590 0.005984 0.008244 
-0.007461 0.005642 0.000828 -0.002449 -0.004088 0.006258 -0.007931 0.005629 
0.010608 0.006899 0.002934 -0.000709 -0.003596 0.004192 0.001091 -0.004446 
-0.007604 0.002849 0.002102 -0.003321 -0.003645 0.004369 -0.008245 0.007767 
0.014881 -0.007711 -0.006445 0.000741 -0.013693 0.000342 -0.001916 0.005977 
-0.009895 -0.012989 0.010458 -0.007604 0.002233 -0.010921 0.000070 -0.001768 
0.019031 -0.000563 0.012624 0.014087 0.004122 0.000603 0.001684 -0.003427 
-0.012839 -0.000688 -0.000109 0.005837 0.002704 0.002547 -0.005301 0.006208 
0.018295 0.000094 0.000483 0.004151 -0.004965 -0.001198 0.000121 -0.014483 
-0.009689 0.024697 0.008596 0.005074 0.009695 0.004407 -0.002300 0.009578 
0.023802 0.002622 0.000665 0.002192 0.001964 0.004286 -0.001734 -0.009225 
-0.074408 0.071458 -0.028504 0.011890 -0.002459 -0.008590 -0.016488 -0.011457 
0.012976 -0.005974 0.006709 -0.005681 0.023540 0.014843 -0.006921 -0.014455 
0.030995 -0.012355 0.003230 -0.006820 -0.001283 -0.000514 0.006091 -0.002761 
-0.024637 0.001626 -0.003373 0.006069 0.000748 -0.001740 -0.003442 -0.003925 
0.028562 0.000485 -0.007940 0.003905 -0.001170 0.002921 0.007688 -0.004024 
-0.012692 0.002972 0.004676 0.001932 0.000194 0.002199 0.004584 -0.000159 
0.012476 -0.007181 -0.000920 0.005524 0.002521 -0.000755 0.001416 -0.007037 
-0.007711 0.001150 0.002977 0.009995 0.005297 0.010968 0.003534 -0.004127 
0.006477 0.015080 -0.002227 0.000210 0.000811 -0.003315 0.005222 -0.000807 
-0.004662 0.009704 -0.006827 -0.006768 -0.002849 -0.006655 0.001907 0.002523 
-0.004943 -0.003428 0.009095 -0.002090 -0.006910 0.001051 -0.006152 0.001545 
0.005733 0.004306 0.001000 -0.004724 0.004399 0.000461 -0.005043 0.000252 
-0.023686 0.003136 -0.001202 0.001298 0.006162 -0.001024 -0.002687 0.002980 
0.008315 0.004375 0.004481 0.000030 -0.004677 -0.001318 -0.000020 0.003236 
-0.015112 0.003658 0.000907 -0.008947 0.004116 0.001660 0.011601 0.006636 
0.014602 -0.007791 -0.001477 -0.001631 0.001704 0.005030 -0.002105 0.002172 
-0.010202 -0.002364 -0.003661 -0.014960 -0.001526 0.001857 -0.007900 0.011837 
0.013486 -0.001523 -0.002786 -0.001721 -0.014819 0.006494 0.000518 0.003050 
-0.027257 0.021452 -0.003340 -0.006280 0.005669 0.003932 -0.006207 -0.000480 
0.008383 -0.005968 -0.007022 -0.005635 0.007874 -0.004652 -0.000569 0.001421 
-0.043144 0.026544 -0.011108 0.001576 -0.002102 0.010514 0.005184 0.004737 
-0.001710 0.007113 0.007411 -0.001753 -0.010574 0.006398 0.002659 -0.022741 
0.035997 -0.007323 -0.003576 -0.001828 -0.007796 0.001449 -0.001082 0.005477 
-0.018391 0.003625 0.000115 0.004128 0.003302 -0.000330 -0.000597 0.002519 
0.018278 0.003184 -0.004350 -0.006091 0.002559 -0.004089 0.012030 -0.007057 
-0.010212 0.010220 -0.004349 -0.001343 0.004049 0.001531 -0.007581 -0.007292 
0.020280 -0.002744 -0.003321 0.005870 0.011982 -0.001872 0.001469 0.001347 
-0.004246 -0.001567 0.005934 -0.002250 0.000584 -0.002445 -0.003353 -0.007676 
-0.000237 0.000071 0.003890 0.000609 0.005305 -0.002246 0.006089 -0.003103 
-0.001816 0.000031 -0.005497 -0.007116 0.003862 0.001463 0.000316 0.004186 
-0.005671 0.004753 0.006707 -0.001179 -0.004027 -0.000124 0.003009 -0.004522 
0.009692 0.006011 0.007361 -0.002790 0.001557 0.005019 0.000815 0.002087 
-0.010052 -0.005363 0.001227 0.000557 0.001167 -0.000505 0.003167 -0.006031 
0.010433 -0.003695 0.000914 0.002830 -0.001910 0.009569 0.007421 -0.002322 
-0.024452 0.011500 -0.000337 -0.008419 -0.001918 0.004877 -0.000685 0.006674 
0.012268 -0.005137 -0.006447 0.002887 -0.003745 0.005097 0.000649 0.006537 
-0.022933 0.010318 -0.005434 0.003017 0.001495 0.000511 -0.007856 -0.003405 
0.014384 0.002020 0.012049 -0.008263 -0.001751 0.001884 -0.008609 -0.006652 
-0.041094 0.000949 -0.000641 -0.003030 0.007138 0.005358 -0.011548 -0.005336 
0.007247 0.013285 0.012455 0.007264 -0.006569 0.014663 0.004968 0.019914 
-0.047048 0.058264 -0.009047 -0.002254 -0.014435 -0.007085 -0.017658 0.005575 
0.013818 -0.014038 0.010870 -0.021795 -0.017407 0.013778 -0.002305 -0.016609 
0.040245 -0.016397 -0.007167 0.003627 -0.006668 -0.000968 0.006101 0.003799 
-0.012018 0.007905 0.007781 0.002147 0.007257 -0.000712 0.001937 -0.005216 
0.041398 -0.003220 -0.007909 -0.003582 0.000412 0.001805 -0.000857 -0.001337 
-0.010740 0.003008 -0.009029 -0.005730 -0.000582 -0.008682 0.006864 0.003952 
0.014403 -0.006582 0.006516 0.002333 0.004650 0.002210 0.001523 -0.000621 
-0.007803 -0.006642 -0.000579 0.000858 -0.001451 -0.002689 -0.003738 -0.001172 
0.003125 0.004347 0.003339 0.001698 -0.004689 -0.005404 0.000152 0.005046 
-0.008556 -0.000497 -0.002877 -0.003075 -0.002856 0.000345 0.002966 0.002431 
-0.004174 0.006374 0.003276 0.002787 0.000477 -0.009053 -0.005317 -0.006146 
0.006154 -0.003459 0.002854 -0.003746 -0.003385 0.000239 0.005166 0.007569 
-0.015604 0.011809 0.000092 -0.000516 0.006504 -0.000586 -0.005728 0.001505 
0.009328 -0.000795 0.005142 0.001759 0.009869 0.005362 0.000167 0.001083 
-0.024402 0.005870 0.003479 0.004156 0.004865 -0.002203 -0.005414 0.004299 
0.008771 0.000815 0.008223 0.002438 -0.002677 -0.003719 0.001205 0.000974 
-0.020086 -0.004247 -0.008844 -0.001071 0.006144 0.000404 -0.009922 0.000161 
0.017592 0.001887 0.006267 -0.009082 -0.014135 -0.002499 0.004521 0.001626 
-0.033081 -0.003163 0.000012 -0.000622 0.002317 0.008488 -0.011484 0.010130 
-0.000861 0.001381 0.002434 0.008980 -0.003756 0.012481 -0.001989 -0.005282 
-0.029780 0.026900 -0.009887 -0.000433 -0.001381 0.017807 0.002553 -0.001597 
0.029553 0.006282 0.012757 0.005369 -0.009697 0.009732 -0.007297 0.011646 
0.035672 -0.010316 0.001111 0.006430 0.001210 0.005896 0.002604 0.004877 
-0.016703 0.009019 0.006016 0.001301 -0.002352 0.000690 0.009158 -0.006158 
0.028428 0.002500 0.001740 -0.000881 -0.004145 -0.006524 0.002644 0.004144 
-0.009117 0.004820 0.001994 0.005388 -0.000687 -0.001229 -0.001543 0.007015 
0.021516 0.001097 0.003761 0.009391 0.005940 0.001053 -0.001958 0.006323 
-0.001814 0.004711 -0.001864 0.002357 0.003396 0.002578 -0.005535 0.002063 
0.007182 -0.005467 -0.001540 0.005339 0.004828 -0.006632 0.002372 0.000031 
0.004134 0.003533 0.001980 -0.000774 0.004968 -0.002048 -0.001011 -0.005579 
-0.009999 0.004196 -0.002531 0.000394 -0.002814 -0.002266 0.000264 -0.002151 
0.008901 0.006930 -0.004357 -0.003306 0.000056 0.007247 0.004949 -0.001714 
-0.005699 -0.008475 0.010244 -0.002295 -0.000979 -0.004168 -0.014649 -0.006121 
0.012473 -0.006390 -0.006686 0.005005 0.001580 0.004526 -0.007814 0.001348 
-0.026883 -0.000646 -0.003442 -0.003198 -0.002392 -0.001128 -0.004395 -0.002001 
0.004341 0.004713 0.010008 -0.003857 -0.005326 0.016620 0.000051 0.002166 
-0.014061 -0.002572 0.009574 -0.004982 0.015522 -0.005020 -0.002999 0.005358 
0.012727 0.007618 -0.001049 -0.000284 0.015853 0.005520 0.000740 -0.004600 
-0.022232 0.005281 -0.013217 0.007249 -0.000038 -0.011381 -0.000377 0.002928 
0.017750 0.005657 0.004022 -0.009919 0.000687 0.011775 0.004408 0.007612 
-0.040031 0.037765 -0.008820 0.002436 0.005601 0.012331 0.001549 0.007821 
-0.021438 0.016801 0.005673 -0.006847 -0.024262 0.004680 -0.014220 0.005837 
0.027986 0.002272 0.000911 0.003233 0.005415 -0.003701 -0.001547 0.005222 
-0.007933 -0.003251 0.001928 0.006567 -0.005459 -0.000650 0.002940 -0.001138 
0.009522 -0.001513 -0.002580 -0.007982 -0.006456 -0.005453 0.000414 -0.005645 
0.002804 0.006137 -0.002036 0.000214 -0.003923 -0.012108 0.001391 0.003167 
0.005085 -0.002189 -0.004517 -0.000837 -0.001002 -0.002801 -0.003886 -0.010577 
0.005781 0.000485 -0.008528 0.001256 -0.009191 -0.003909 -0.008181 -0.004384 
-0.000756 0.003388 0.000653 0.003515 0.001336 -0.003355 0.001560 -0.001573 
-0.001339 -0.006688 -0.000921 -0.010825 -0.000091 0.007806 -0.007347 -0.009042 
-0.007786 0.002178 -0.006119 -0.002895 -0.001817 -0.004262 -0.001142 -0.002019 
0.002491 0.008965 -0.007007 0.000828 -0.000046 0.004320 0.005261 -0.002531 
-0.013335 -0.007154 -0.000268 0.002421 0.002080 -0.005425 0.001149 0.004422 
-0.002717 -0.002604 0.009401 -0.013535 -0.000080 0.002899 -0.002494 0.006052 
-0.015730 0.003193 -0.002096 -0.000794 -0.007870 -0.007720 0.003559 -0.006568 
0.014885 -0.006195 0.005678 -0.004857 -0.001309 -0.000306 0.003103 -0.004416 
-0.010220 -0.008219 0.003358 -0.011894 -0.000965 -0.008166 0.003251 0.012628 
0.012134 -0.004410 -0.000583 -0.000224 -0.002611 0.000592 0.000795 0.007538 
-0.018954 0.025174 0.004873 0.002977 0.003047 -0.002283 -0.002387 0.005837 
-0.002429 -0.001267 -0.011139 0.002790 0.012348 -0.004564 0.009587 -0.010982 
0.001038 0.005316 -0.000809 -0.007501 0.007543 -0.001099 -0.016281 0.006714 
0.032669 0.005395 0.012023 -0.003017 0.003926 0.002306 -0.008333 -0.006293 
0.018241 0.001105 0.006074 0.000165 0.004162 -0.000465 -0.006655 -0.001171 
-0.003953 0.008114 -0.005274 0.004127 -0.007498 0.005496 0.001511 0.000116 
0.007258 -0.002877 0.002796 0.000814 -0.002044 -0.001367 0.000801 -0.003625 
0.001406 -0.002134 0.000613 -0.003210 0.007839 0.000243 -0.005985 0.005266 
0.008794 -0.008728 -0.000389 -0.001997 0.001281 0.000954 0.001005 -0.003479 
-0.007317 -0.004983 0.008005 0.005030 0.000508 0.003016 -0.001052 0.002295 
-0.003211 0.000175 -0.003863 -0.003810 -0.002718 0.002731 -0.002467 0.010734 
-0.000711 0.002232 0.000005 0.003159 -0.001606 0.004021 -0.005987 -0.003254 
0.003685 -0.001008 -0.008925 0.001802 0.002925 -0.003840 -0.001896 -0.001430 
0.002450 -0.006724 -0.002735 -0.002258 -0.000040 -0.006128 0.002603 -0.007372 
-0.009463 0.005803 0.008219 -0.001358 -0.003891 0.003872 0.005186 -0.001839 
0.002857 -0.004033 -0.003627 -0.002577 -0.001515 0.006928 0.008465 0.000090 
-0.015168 -0.007350 -0.001490 -0.002698 0.006986 0.006494 -0.009418 -0.000010 
0.007323 0.007920 -0.009604 0.001684 -0.002168 -0.003424 -0.001576 -0.009832 
-0.004954 0.005007 -0.000639 -0.001381 -0.003758 -0.000736 -0.006176 -0.000317 
-0.000940 -0.003741 0.002390 0.005681 -0.003634 0.007738 -0.000334 -0.000136 
-0.019155 -0.000116 -0.004068 0.000668 -0.009157 -0.001852 -0.006501 0.006374 
0.015896 0.002229 -0.011094 0.000919 0.014374 0.004818 0.005462 -0.003868 
-0.016680 0.014863 -0.012223 0.000004 -0.017758 0.010371 0.008523 0.010394 
0.001913 0.018339 0.000023 0.019487 0.012609 -0.006913 -0.012387 0.002095 
0.009758 -0.000443 0.002488 0.002918 -0.001803 0.005363 0.003925 0.002772 
-0.008548 -0.001188 0.007814 -0.002808 0.001447 0.000988 0.003858 0.002448 
0.007800 -0.005074 0.007897 -0.004053 0.003435 0.005084 0.005029 0.007192 
-0.001361 0.001958 -0.003443 0.003862 0.001340 -0.000495 0.002987 0.000462 
0.007358 -0.001449 0.007165 0.001893 -0.001554 0.004246 0.007663 -0.009724 
-0.002274 0.001306 -0.002869 -0.001143 0.006092 -0.009356 -0.008716 0.006814 
0.005053 -0.000067 -0.002956 -0.006119 0.003729 0.002192 -0.002710 0.000943 
0.004335 -0.001674 -0.005456 0.003039 0.007785 0.003103 -0.003587 -0.002445 
-0.002478 -0.001227 -0.002607 0.000767 -0.006659 -0.000725 -0.000243 0.001662 
0.006966 -0.000337 0.002916 0.000640 0.003702 0.000060 0.001656 -0.000718 
-0.013005 0.000787 -0.007834 -0.000039 -0.001086 0.000396 -0.000719 -0.006186 
0.010329 -0.000858 -0.003852 0.004922 -0.005982 0.008209 0.004354 -0.006040 
-0.002976 0.001824 -0.004203 0.002496 -0.003375 0.003445 -0.000820 -0.004417 
0.009096 0.003929 -0.001405 0.001425 -0.000748 0.005054 -0.001752 0.001251 
-0.008279 0.001775 -0.001189 0.000914 0.006350 0.000194 0.001808 -0.005824 
0.003829 0.000440 0.002599 -0.008549 -0.009869 -0.006887 -0.006913 -0.000095 
-0.010335 -0.000013 0.001044 -0.005361 -0.013903 -0.000171 -0.001947 0.001769 
-0.002480 0.007051 0.005059 0.005750 0.002643 -0.001577 0.006813 0.006317 
-0.018759 0.014703 0.008576 -0.005877 -0.006355 0.002558 -0.012050 0.001872 
-0.019828 -0.001639 0.005594 0.001787 0.004444 0.014763 0.002173 -0.025604 
0.003086 0.001844 0.000171 -0.002920 -0.003296 -0.004220 0.006584 -0.001368 
-0.008895 0.008938 -0.002872 -0.002214 0.000715 0.005608 -0.002181 0.006183 
0.005159 -0.010288 0.005533 -0.000053 -0.006702 -0.003078 -0.004359 -0.002938 
-0.003990 -0.010620 -0.004148 -0.005675 0.007931 -0.005372 0.000411 -0.000234 
0.008659 0.001086 -0.007735 0.006707 -0.006907 0.000052 -0.000262 0.003347 
-0.003151 -0.000844 0.003126 -0.005636 -0.002468 0.004844 0.002907 0.000056 
0.000641 -0.003010 -0.001817 0.001867 -0.004467 -0.000765 -0.000860 -0.001896 
-0.001232 0.004799 -0.000674 0.000393 0.006834 -0.003593 0.004064 0.005484 
0.008650 0.002101 0.001590 -0.000609 -0.000611 0.004166 0.002922 0.000337 
0.007569 -0.005476 0.004986 -0.005984 -0.009542 0.003468 0.003355 -0.005678 
-0.003553 0.002930 0.007205 -0.005397 0.000591 0.004936 -0.007727 0.001666 
0.004727 -0.001534 0.002595 0.001223 -0.000866 -0.000092 -0.004270 -0.004040 
-0.007900 0.003277 0.005763 -0.000982 -0.000441 -0.002945 0.001510 0.007210 
0.004458 0.000817 0.000282 0.006516 0.003441 0.001408 -0.005567 -0.006597 
-0.006833 0.007986 0.001196 0.006747 0.008068 -0.004702 -0.001459 -0.007857 
0.007288 -0.002129 0.009345 -0.010162 -0.002856 0.007390 0.000209 -0.008792 
0.001916 0.018119 0.004963 0.002252 0.001177 0.002637 -0.005133 0.001629 
0.013884 -0.001773 0.016358 0.006775 -0.002477 0.014273 0.007567 0.002390 
-0.032297 0.036420 -0.013987 0.000115 -0.009583 0.000503 0.003481 0.000296 
0.001372 -0.004177 -0.011313 0.014656 0.006428 -0.005557 -0.004149 0.003539 
0.005652 -0.011698 0.001132 -0.000079 -0.004083 -0.001896 -0.004324 -0.000013 
0.001370 -0.000999 -0.007797 -0.000504 0.001809 0.002920 -0.012712 0.001423 
0.006448 0.001182 0.004893 0.005838 -0.004386 0.004168 0.005521 0.001891 
-0.004261 0.005729 -0.003787 0.003007 0.001754 -0.003591 0.010649 -0.001974 
0.003205 -0.001298 0.000756 0.002363 -0.005764 0.004981 0.003431 -0.000552 
0.003889 -0.002736 0.000314 -0.002868 0.000847 0.002260 -0.006464 -0.001777 
0.000108 -0.005221 0.001942 -0.009169 0.003155 -0.006360 0.002075 -0.002847 
-0.001131 0.004284 -0.006885 0.004830 0.007263 0.003040 0.003587 0.001774 
-0.008865 0.000798 -0.004892 -0.006012 -0.000302 -0.002018 0.003552 0.018007 
-0.002568 0.009187 0.000165 0.002338 0.003126 0.002940 0.006424 -0.006163 
-0.000008 -0.000850 -0.000751 -0.001419 -0.004334 0.011214 0.000513 0.004354 
0.004951 0.000752 0.000836 -0.002106 -0.006546 0.004251 0.002049 -0.002440 
-0.002420 0.005069 -0.005071 0.001816 0.004650 -0.005159 -0.006242 0.003320 
-0.004147 0.001490 -0.007994 -0.005907 -0.005887 0.006265 0.003246 -0.003571 
0.002474 0.001773 0.001284 -0.004125 0.001068 -0.001939 -0.009937 -0.002155 
0.000381 -0.007241 0.000872 -0.011972 -0.007185 -0.011948 0.005435 -0.008006 
-0.002710 0.005826 0.000106 0.007126 -0.010962 0.001593 0.007959 -0.006118 
0.008431 -0.000623 0.014007 0.003547 0.004650 0.005665 0.007738 0.010219 
0.007210 0.009457 -0.010174 0.001406 0.002146 0.003957 0.024917 0.012584 
-0.003760 0.009066 -0.010346 -0.011849 -0.008208 0.012922 0.008580 -0.003247 
0.008459 -0.000663 0.001942 0.003615 0.003926 -0.000335 0.005362 0.002993 
-0.005916 0.005704 0.004787 -0.007417 -0.015765 0.000593 0.002016 -0.003658 
0.006264 -0.001194 -0.000804 0.002608 0.002007 0.001050 -0.005287 0.002811 
-0.009912 -0.008200 0.000922 0.008821 -0.008091 0.002838 0.004592 0.007559 
0.005325 0.007076 -0.001073 -0.001278 -0.001231 -0.000693 -0.006143 -0.000604 
-0.005757 0.001744 -0.000664 0.001052 -0.000418 -0.004655 -0.002131 0.000245 
-0.000214 0.001772 -0.010314 0.004481 0.005004 0.005949 0.007052 0.004659 
0.002538 -0.000586 -0.000901 0.006445 -0.004126 -0.001562 0.000917 0.006349 
-0.006784 -0.010161 0.001096 -0.005272 -0.002814 -0.006392 -0.003755 -0.001308 
-0.005136 -0.004921 0.004131 0.004986 -0.000652 0.003767 0.000264 -0.006830 
0.001489 -0.006728 0.000908 -0.008346 0.003578 -0.001818 -0.002084 -0.003732 
0.007013 0.000172 0.000376 0.003431 0.003558 0.001454 0.004441 -0.003514 
-0.001980 -0.003213 0.000920 -0.002140 0.010160 -0.004111 0.002505 0.003047 
0.008814 -0.002753 0.004570 0.007320 -0.005478 0.000878 0.000454 -0.008971 
-0.008714 0.000455 0.001906 -0.006641 0.004715 0.006027 0.005088 -0.014237 
0.007728 -0.004641 -0.001355 -0.003272 -0.008529 -0.006860 0.001876 0.000416 
-0.001362 0.009372 -0.012826 0.001667 -0.018489 0.011928 0.000974 0.001891 
0.010680 0.003899 -0.001893 -0.002592 -0.003104 -0.000509 0.005290 -0.006641 
-0.015068 0.035826 -0.021765 0.007982 -0.007805 0.019097 -0.010675 0.006795 
0.033676 0.009594 0.009505 -0.009596 -0.012712 0.004610 0.011956 -0.004031 
0.002263 -0.005972 0.000833 0.006887 -0.003521 -0.000648 0.004760 -0.000295 
-0.017890 0.003081 -0.010290 0.003141 -0.009698 0.000203 0.001227 0.003049 
0.007535 -0.005464 -0.000477 -0.005037 -0.001916 -0.000501 0.002174 0.004624 
-0.008143 -0.000725 -0.003360 -0.000066 -0.008211 -0.005896 0.000769 0.004331 
0.002808 0.007243 -0.006767 -0.000972 -0.005024 0.005139 -0.004001 0.000480 
0.002959 -0.000945 0.005574 -0.000118 -0.000949 -0.006132 0.003378 0.003550 
0.001952 -0.005028 -0.006507 0.008309 -0.004107 -0.006173 -0.003745 0.002750 
-0.006708 0.007618 -0.005945 -0.000846 0.002017 0.003245 -0.004075 0.002839 
-0.004032 0.003331 -0.007387 -0.008756 -0.007562 0.004607 0.007203 0.004138 
0.002759 -0.001302 0.001366 0.002345 0.008245 0.010142 0.002973 -0.000191 
-0.008671 0.006650 0.010401 0.001444 -0.006578 -0.000890 -0.003065 -0.005814 
0.015363 -0.000248 0.000526 0.007788 0.009899 0.008837 0.000864 -0.000990 
0.002903 -0.001929 -0.001012 -0.001646 -0.002040 0.002297 -0.000756 -0.000477 
0.026356 -0.004827 0.005471 -0.005329 0.011856 0.001987 -0.000302 -0.007701 
-0.001869 0.018210 0.000178 -0.006490 -0.005876 0.003494 0.001822 -0.010593 
0.007684 0.004343 -0.009546 0.002008 -0.005342 0.013025 0.001720 0.008036 
-0.004273 0.008437 -0.005088 0.004374 0.007033 0.010191 -0.006520 -0.011055 
0.014743 -0.011906 -0.000929 -0.000198 -0.009475 0.004858 0.000693 0.003944 
-0.012877 0.018189 -0.010860 -0.007000 -0.008306 -0.006242 0.000204 -0.003006 
0.044171 -0.001776 -0.011227 -0.005284 -0.001123 0.024115 0.007192 -0.000254 
-0.008998 -0.001428 0.001499 0.000073 -0.007033 0.005903 0.000127 0.002311 
-0.042471 -0.001000 0.001227 -0.005083 0.002281 0.000090 -0.000415 0.006338 
0.000625 -0.011116 0.000513 0.002873 -0.014872 -0.008045 -0.004618 -0.003843 
-0.021914 -0.003889 0.005826 -0.005281 0.003816 0.001380 0.004758 0.002985 
0.002174 -0.000258 -0.005301 0.003426 -0.013047 -0.004459 0.003534 -0.001730 
-0.000263 0.008076 0.001467 -0.001717 0.003297 -0.001699 0.002442 0.002201 
0.003475 -0.001549 0.004411 0.001413 -0.003480 0.002429 0.002562 0.004590 
0.004549 0.005626 -0.001165 -0.003494 0.008087 0.016776 -0.001622 0.007675 
0.006724 0.004795 0.002433 -0.007070 -0.006399 -0.003838 -0.002254 -0.007656 
0.017666 0.005842 -0.000951 -0.000741 -0.001840 0.000067 -0.004307 0.001972 
0.000951 0.000309 0.000661 -0.007066 0.001171 0.004443 0.000811 -0.005233 
0.023057 0.000241 0.008979 -0.010800 -0.003946 0.007376 0.004596 -0.003063 
0.008282 -0.003307 0.003769 -0.011943 0.005002 -0.004809 0.009911 -0.011169 
0.040255 -0.008878 0.003923 -0.011242 0.001230 0.000413 -0.001191 -0.011581 
0.019480 0.015806 0.002195 0.001829 -0.001800 0.015180 -0.001202 -0.003370 
0.036222 -0.008594 0.003684 -0.019203 0.002297 0.000634 0.001548 0.001735 
0.012159 0.021532 0.006374 -0.007398 -0.013789 0.000891 -0.008753 0.003978 
0.039507 -0.010347 0.000120 -0.028261 -0.000527 -0.007341 -0.008706 -0.003315 
0.023418 0.007237 -0.007108 -0.004096 -0.003465 0.022192 -0.015059 0.012613 
0.057427 -0.001023 0.005871 0.001544 0.004039 0.017053 -0.012298 -0.004604 
-0.009775 -0.009866 0.003524 0.015867 -0.007550 0.009651 0.005471 -0.006001 
-0.059913 0.005198 0.003128 0.003338 0.003977 0.008855 -0.003656 0.002570 
0.000025 -0.008333 0.001324 -0.000930 -0.013585 0.005634 0.004808 0.001829 
-0.040579 -0.002760 0.000201 -0.006087 0.004264 0.012455 0.006542 -0.002112 
-0.005506 -0.002937 -0.001657 0.002809 -0.003263 0.011199 0.001539 0.000435 
-0.019679 0.005097 0.010093 -0.002978 0.003027 0.002425 -0.002750 0.001663 
-0.001606 -0.008050 0.003669 0.006952 -0.010853 0.007346 0.012139 0.002758 
0.009693 0.005369 0.015168 -0.009025 0.000450 0.006978 0.003980 -0.005043 
-0.003054 0.010057 -0.002267 0.005917 -0.015764 0.009309 0.004582 -0.006490 
0.024821 -0.003048 0.021339 -0.007097 0.007121 0.016266 0.006541 0.007309 
0.002876 -0.013139 -0.001559 0.004124 -0.006841 0.010899 -0.005122 0.005337 
0.051675 0.001513 0.013469 -0.007754 0.000104 0.010446 0.015401 0.001285 
0.004664 0.001256 -0.003477 -0.000752 -0.008603 0.005298 -0.002626 0.011245 
0.052703 -0.001422 0.020409 -0.015486 0.009484 0.011713 0.000489 -0.003300 
0.001481 0.004012 0.014172 0.004734 -0.018031 0.009615 0.003030 -0.001296 
0.059389 0.000465 0.024835 -0.021991 0.016457 0.013388 0.009043 0.000270 
0.019306 -0.008135 0.007759 0.004554 -0.022498 -0.000501 0.001083 0.017979 
0.067008 -0.010014 0.027835 -0.018612 0.016802 0.032229 0.004125 -0.008332 
-0.012268 -0.017279 -0.006498 0.011207 -0.022820 0.018928 -0.000570 0.013345 
0.067627 -0.019063 0.006151 -0.023118 0.011237 0.025298 -0.000243 0.003629 
0.010672 0.016627 0.024629 0.008221 -0.009730 0.009966 0.014504 0.018757 
-0.014267 -0.042578 0.021802 0.000747 0.027785 0.009599 -0.007203 0.006939 
0.003126 -0.000801 0.004443 -0.012330 0.000413 0.008260 0.016623 0.004971 
-0.016352 -0.042055 0.008474 -0.020374 0.031374 0.021337 -0.008754 -0.003930 
0.008879 0.010561 0.012609 -0.018389 -0.006345 0.000806 0.022445 0.021138 
0.003539 -0.034402 0.019533 -0.010737 0.023790 0.017903 -0.001268 -0.005938 
0.011680 0.009533 0.005059 -0.023137 0.001936 -0.000783 0.012582 0.016204 
0.025687 -0.036791 0.021318 -0.003119 0.034906 0.023140 -0.003889 -0.013326 
0.014641 -0.001804 0.021214 -0.022265 -0.000551 -0.002002 -0.001482 0.012352 
0.052476 -0.035579 0.042397 -0.002175 0.017336 0.034096 0.010408 -0.004415 
0.030805 0.006440 0.018486 -0.011479 0.011739 -0.012849 -0.002541 0.003337 
0.082500 -0.034769 0.042104 -0.000896 0.037878 0.020827 0.007642 0.005049 
0.012221 0.008004 0.012164 -0.016730 0.004225 0.005610 0.026283 0.008566 
0.088527 -0.032103 0.043406 -0.004268 0.029641 0.031788 0.012440 -0.009639 
0.010019 -0.013644 0.011536 -0.024913 0.000478 -0.006063 0.023816 0.004461 
0.102673 -0.044616 0.031367 0.004956 0.052493 0.042779 0.022225 0.001983 
-0.003493 -0.001520 0.046423 -0.027610 0.039783 0.004830 0.027529 0.015761 
0.087557 -0.046843 0.033653 0.002678 0.022824 0.033851 -0.000947 -0.010269 
0.028592 -0.012857 0.015161 -0.017692 0.004450 -0.001073 0.039070 0.015702 
0.100277 -0.037036 0.072249 0.021300 0.041953 0.062135 0.019216 -0.006357 
-0.034094 0.005374 0.004542 -0.009364 -0.001133 0.004557 0.001895 -0.001575 
0.014195 -0.001956 0.002687 -0.011120 -0.004754 -0.009428 -0.001590 -0.003763 
-0.020957 0.003847 -0.001550 -0.002509 0.008524 -0.002154 -0.003234 -0.005897 
0.010014 -0.004486 -0.000093 -0.001472 0.004789 -0.003301 0.002840 -0.010053 
-0.016187 -0.003518 0.001201 0.003237 0.000202 -0.000676 -0.001295 -0.004455 
0.012726 -0.000953 0.005539 -0.004778 0.000116 0.000492 0.005549 0.003936 
0.001944 0.001086 0.001364 0.005230 -0.004401 0.005734 0.003043 0.005810 
-0.000402 0.006028 0.005528 -0.001186 -0.009182 -0.001589 -0.003203 -0.007093 
0.029045 0.000177 0.005125 -0.004916 -0.009974 0.003637 -0.002772 0.000247 
-0.012206 0.002660 0.003748 -0.003200 -0.002296 0.003922 -0.000243 -0.001879 
0.035788 -0.005317 -0.005844 -0.001420 0.000782 0.005855 -0.005873 -0.002895 
-0.013744 -0.003689 -0.001220 -0.001112 -0.003804 0.004112 0.000546 -0.009852 
0.033693 0.002912 0.000617 0.007908 -0.000065 0.004806 -0.000947 -0.002072 
-0.012278 0.006471 -0.004607 0.001202 -0.006197 -0.002723 0.001453 -0.005475 
0.041408 0.001061 -0.008077 -0.001919 -0.005016 -0.002173 -0.006282 -0.004365 
-0.006734 -0.006345 -0.004048 0.001439 0.003628 -0.003306 -0.000349 0.004456 
0.035129 -0.000194 0.003570 0.004320 0.001411 0.001371 -0.005443 0.000598 
-0.011489 -0.000302 -0.000364 0.005582 -0.005121 0.003438 -0.003638 0.001780 
-0.010003 0.019862 0.003489 -0.011039 -0.010083 -0.005794 0.004539 0.003116 
0.012319 -0.006117 0.000753 -0.003574 0.003938 -0.001472 -0.001580 0.005410 
-0.016762 -0.005354 0.008906 0.004107 0.003496 -0.011874 0.000495 -0.001168 
-0.007475 -0.000546 -0.000962 0.002175 -0.000227 -0.000440 0.006948 0.005457 
-0.012123 -0.016263 0.013790 -0.005332 -0.007746 0.006098 0.005520 0.005745 
0.001007 0.002232 -0.004269 -0.003912 0.006777 -0.008518 -0.002979 -0.000540 
-0.006217 -0.006107 -0.001671 -0.003476 0.001064 0.000127 0.008229 -0.000834 
-0.000438 0.005626 -0.004427 -0.000838 0.000683 -0.001804 0.000278 -0.003827 
-0.009569 0.006178 0.007312 0.005097 0.005776 0.005633 0.002131 -0.001723 
0.001949 0.011436 -0.006441 -0.001649 0.006290 0.000813 -0.000279 0.002632 
0.002559 0.007798 0.005557 -0.007330 -0.002000 0.002278 0.007126 -0.001736 
0.008852 0.000631 0.007083 0.000955 0.010472 0.001271 -0.001925 0.013103 
0.009964 0.001982 0.009818 0.005970 0.007991 0.008372 0.006114 -0.001862 
0.004234 0.002860 -0.010529 -0.006886 0.002398 0.003951 -0.002686 -0.000097 
0.010324 0.003308 -0.007461 -0.006654 0.005006 0.014784 0.004858 -0.006325 
-0.000213 -0.004520 0.001012 0.004013 0.010545 -0.002519 0.002945 0.005810 
0.007583 -0.007061 -0.000145 0.003056 0.015961 0.010586 0.012501 -0.010363 
0.012243 0.004600 0.007753 0.001246 0.003639 -0.000282 -0.006466 0.011016 
0.015682 0.001075 0.005718 -0.021048 0.008362 0.004424 0.014290 0.009146 
0.003577 0.008608 0.004912 -0.004385 0.011561 -0.008279 0.000143 0.010040 
0.022894 0.000003 0.009467 -0.022096 0.011903 0.022058 0.015346 0.013613 
0.026727 -0.017479 -0.002743 0.009385 0.013471 0.016145 -0.002638 0.002326 
-0.036682 0.006689 0.005882 -0.004137 -0.002330 -0.002344 0.001651 0.004842 
0.011463 0.000337 0.001438 -0.006547 0.000394 -0.001817 -0.000827 0.002087 
-0.023839 0.001932 -0.002810 -0.000964 0.001446 -0.001013 0.001100 -0.001442 
0.009017 -0.003487 0.003044 -0.001318 -0.002814 0.002536 0.000315 -0.006194 
-0.016941 -0.001564 -0.003202 -0.003341 -0.006331 0.007232 -0.000988 -0.004575 
0.011670 0.001673 0.004070 -0.007626 0.004031 0.002197 -0.004954 0.006648 
0.001057 0.000190 0.001286 0.007018 -0.003336 0.005546 0.000344 0.002374 
-0.000015 0.011199 0.004340 0.002645 -0.003259 -0.001435 -0.001581 -0.008692 
0.030730 -0.000199 0.001450 -0.000445 -0.000123 -0.001882 -0.005237 0.002112 
-0.009863 0.001404 0.000121 -0.004048 -0.001176 0.004704 -0.000884 -0.003506 
0.036538 -0.001765 -0.008184 -0.001501 -0.001549 0.006239 -0.008087 -0.003642 
-0.012178 -0.003159 0.001715 -0.000601 0.000565 0.003207 -0.002252 -0.005228 
0.036551 0.003709 0.003405 0.008914 0.001710 0.000481 -0.001598 0.000968 
-0.011489 0.003687 -0.006706 0.002188 -0.007065 -0.005686 0.000183 0.000173 
0.043853 0.000708 -0.009495 0.001413 -0.002176 -0.000645 -0.002634 -0.006615 
-0.003808 -0.003877 -0.005382 0.001693 0.003127 -0.000523 0.001035 0.005048 
0.039475 -0.001908 0.001740 0.003069 0.000311 -0.001682 -0.001429 -0.002760 
-0.010014 0.000162 0.000591 0.005987 -0.003857 0.005608 0.000424 -0.003523 
-0.003570 0.022279 0.006391 -0.008258 -0.007593 -0.007327 0.003562 0.003128 
0.016981 -0.007693 0.001646 -0.008903 0.002032 -0.004107 -0.002946 0.000777 
0.025591 0.003040 -0.002828 0.002096 -0.009733 0.005226 -0.001713 -0.003871 
0.062112 -0.011628 0.006539 -0.001346 0.002840 0.006088 0.008329 0.000663 
0.024118 0.005442 0.003555 0.000692 0.003322 -0.000585 0.010965 0.002686 
0.049546 -0.013735 -0.007388 -0.008980 0.004819 -0.007556 -0.000275 -0.007076 
0.013578 -0.004004 0.004625 0.003748 -0.000427 0.001359 0.000159 0.000601 
0.037600 -0.016395 -0.005534 -0.001730 -0.001314 -0.004321 -0.003301 -0.004324 
0.016220 -0.001056 -0.001544 0.002991 0.005824 -0.001965 0.002985 -0.001644 
0.021966 -0.017164 0.003671 0.003915 -0.004718 0.004894 0.004084 0.005212 
0.010045 0.005433 0.001193 0.006627 0.000251 -0.001096 0.004852 -0.005479 
0.011720 -0.018290 0.000408 -0.008248 0.007971 -0.001166 -0.007592 -0.004477 
0.008620 -0.008301 0.002496 0.004959 -0.006862 -0.004596 0.007268 -0.001324 
0.019880 -0.021269 0.000281 -0.004249 0.003021 -0.016719 0.007160 -0.004126 
-0.002907 -0.009310 -0.000406 0.004651 0.000610 -0.001032 -0.005239 -0.001957 
0.006240 -0.009947 -0.001399 -0.005447 -0.003359 -0.017253 -0.000278 -0.000743 
0.001669 -0.013614 0.003576 0.001624 -0.008460 -0.014588 -0.007628 0.000410 
-0.002600 -0.022856 0.004295 -0.002578 -0.000620 -0.032416 0.001670 0.006816 
0.003926 0.006891 -0.001160 0.002164 -0.008938 -0.019629 0.009749 -0.006173 
-0.002626 -0.000844 0.011809 -0.006630 0.005081 -0.040611 -0.012120 0.007266 
-0.020266 -0.040524 0.017486 0.001657 -0.019744 -0.017839 -0.001769 -0.019061 
-0.048860 -0.005390 0.009846 -0.026416 0.007005 -0.044686 -0.027929 0.013066 
0.017921 -0.003718 0.000844 -0.003440 -0.003188 -0.002670 -0.005453 0.002861 
0.056012 0.000185 -0.002664 -0.000177 0.002895 0.001301 -0.004755 -0.004474 
0.020297 -0.000572 -0.001673 -0.007192 -0.005409 -0.008559 0.001157 0.001872 
0.042128 -0.008497 -0.006359 -0.003934 0.009183 -0.002203 -0.004417 0.004159 
0.004052 -0.005197 -0.004184 -0.008806 -0.008573 -0.000287 -0.006689 0.002307 
0.014537 -0.006764 -0.001503 0.002100 0.003341 0.003287 0.005792 0.000815 
0.012352 0.003244 -0.004422 -0.008577 -0.003398 0.002051 0.004914 0.009106 
0.007627 -0.009789 -0.000303 -0.000600 0.000547 -0.009452 0.000694 -0.004198 
0.001824 -0.000283 -0.005255 0.005928 0.003795 0.004983 -0.006619 0.000681 
-0.002247 -0.008651 0.006432 0.000364 0.002774 -0.007907 -0.006378 0.002320 
-0.005436 0.002760 -0.001167 0.001208 0.005982 -0.002395 -0.003760 0.000597 
-0.015042 -0.001678 0.009380 -0.005050 0.003574 0.000303 -0.001619 0.000924 
-0.014728 0.001704 0.000647 -0.000626 -0.000136 -0.004801 -0.002418 -0.001522 
-0.014762 -0.006136 0.004880 -0.004176 -0.005546 0.000770 0.001505 0.001750 
-0.012090 -0.011188 -0.005679 -0.002878 -0.002145 -0.002296 0.000870 0.008681 
-0.036749 0.004138 -0.001972 -0.003490 -0.002573 -0.001693 -0.000222 0.004807 
-0.017676 -0.001396 -0.001508 -0.003340 -0.000823 -0.000063 0.003662 0.001378 
-0.037764 0.001957 0.002221 -0.005247 0.012552 -0.012734 -0.001429 -0.001002 
-0.011378 -0.010259 0.011908 0.002699 -0.011865 0.000864 -0.000930 -0.007370 
-0.070733 0.006766 0.012590 -0.016316 0.002646 -0.010347 -0.000566 0.006251 
-0.063608 0.002315 -0.005539 -0.002857 0.003585 0.011152 -0.000330 0.000884 
0.037050 -0.002324 -0.003406 -0.001798 0.003578 -0.002260 0.002956 -0.003080 
-0.030679 -0.005825 0.000098 -0.004351 -0.008139 -0.004376 0.003446 -0.005480 
0.020606 0.002024 -0.007908 0.002740 -0.000526 0.000150 -0.002876 0.001482 
-0.013146 -0.005317 -0.000822 0.002098 -0.002629 0.003515 -0.000036 -0.000078 
0.012963 0.003682 0.002606 0.005607 0.002131 0.002477 0.002847 0.005918 
-0.008772 0.000352 0.002398 -0.000717 -0.003814 -0.000870 0.004263 0.001363 
-0.004311 -0.003499 -0.003795 0.000358 0.010979 0.000192 -0.003997 -0.005511 
0.002288 0.001557 0.005071 0.011067 0.002118 -0.000047 -0.003690 -0.006099 
-0.005044 -0.005881 -0.000801 0.005102 -0.002791 -0.003949 0.004148 -0.003396 
0.012570 0.003957 -0.000194 0.005831 0.001906 0.011140 0.006146 0.003559 
-0.008510 0.010283 0.004128 0.003301 -0.001308 -0.000392 -0.001899 -0.002798 
0.028664 0.003987 0.005694 -0.007680 -0.000848 -0.004012 -0.007176 0.008339 
-0.021978 -0.005551 -0.000694 0.009197 0.000848 -0.002206 -0.001180 0.005053 
0.033577 0.004033 -0.009849 -0.010470 0.003181 0.003256 -0.008862 -0.001977 
-0.022539 -0.002791 0.000754 -0.003217 0.014340 0.003935 0.000384 0.002797 
0.050706 -0.005035 -0.010580 -0.002467 -0.001398 0.003123 0.005823 0.005453 
-0.027402 -0.009972 -0.000085 -0.003104 -0.000649 -0.005870 0.002681 -0.006052 
0.065503 0.036407 0.011007 0.003035 0.018190 0.000197 -0.007285 0.002141 
-0.032428 -0.002395 0.000676 -0.001284 0.001334 -0.015644 -0.004831 -0.000206 
-0.011535 -0.002415 -0.004209 0.004016 -0.003063 0.004054 -0.003096 -0.002685 
0.002260 0.000938 0.006894 -0.000310 0.003755 0.004730 -0.003146 -0.000690 
-0.004949 0.006438 -0.005654 -0.002076 -0.004941 0.004143 -0.007676 0.002013 
-0.006266 0.002768 -0.000709 -0.003631 0.000421 -0.005217 -0.000379 -0.004159 
-0.004034 -0.000951 -0.001418 -0.010054 -0.006148 0.000601 0.001561 0.002760 
0.005874 -0.003778 0.000401 0.004418 -0.001709 -0.007248 0.002203 0.000498 
-0.003710 -0.006188 0.010077 -0.008603 -0.001819 0.003449 0.003468 -0.007179 
0.001235 0.011962 -0.002296 -0.008133 0.000013 -0.009097 -0.005142 -0.008453 
-0.007048 -0.000963 -0.006025 0.000531 -0.003268 -0.002960 -0.003528 -0.009842 
0.004709 0.009142 -0.004196 -0.000595 -0.001753 -0.001105 0.000038 0.003439 
0.001096 -0.002030 -0.001914 -0.000483 0.003788 -0.002660 -0.006780 -0.003425 
0.006828 0.002644 -0.002879 0.006525 -0.002233 -0.007559 -0.006479 -0.004188 
-0.000458 -0.002117 -0.004208 0.004562 -0.002236 0.005465 0.000123 0.003478 
-0.003221 -0.003122 -0.002601 0.005689 -0.002219 -0.007228 0.005338 0.000652 
0.002544 -0.012904 -0.003934 -0.001548 0.003476 -0.003793 -0.005646 -0.007383 
-0.004757 -0.003019 0.007971 0.002419 -0.005764 -0.010302 -0.004306 -0.001338 
0.016369 -0.002095 0.003071 -0.005011 0.003011 -0.002039 -0.003475 -0.002726 
0.015682 0.000370 -0.000675 0.003804 0.003169 -0.002176 0.003560 -0.008973 
0.022330 0.005589 -0.003545 0.009731 -0.003552 -0.013274 0.008754 0.008466 
-0.027243 -0.000551 -0.000721 -0.000689 -0.000441 -0.007321 0.003413 0.004522 
0.009489 0.009264 -0.000545 0.002911 0.005207 -0.006453 -0.002878 -0.003726 
-0.003855 -0.002609 0.000880 -0.001957 -0.000509 -0.003215 -0.000314 -0.002027 
-0.005308 0.000113 0.001322 -0.001643 0.000835 -0.007952 0.010693 0.000547 
-0.002155 -0.008105 0.002508 0.003191 0.009964 -0.000413 0.002249 0.000052 
-0.003962 0.002905 0.004819 -0.000854 0.001123 0.001972 -0.006211 -0.004619 
0.004294 0.000207 -0.002631 0.004941 -0.007269 0.001543 0.000856 -0.001816 
0.005777 0.001624 -0.003061 0.003200 -0.004257 0.006832 -0.003925 0.004633 
0.004857 -0.004154 0.005099 0.005070 -0.006316 0.002222 0.003092 -0.002429 
0.003148 0.004270 0.003009 -0.001128 0.003893 0.006921 0.006957 0.004640 
0.002181 -0.006157 -0.004346 0.006686 -0.001482 -0.002497 -0.004988 -0.005610 
-0.010943 0.012658 0.000629 0.000247 0.004708 -0.000954 0.010717 0.001107 
0.001208 -0.000539 0.003776 -0.011017 0.002883 0.001622 -0.001274 -0.002242 
-0.006510 -0.006092 -0.003576 0.004401 0.011944 -0.000035 0.000922 0.005267 
0.002539 -0.006213 0.000017 -0.003203 0.004195 0.001892 -0.004202 -0.007087 
-0.001863 -0.000790 -0.003024 -0.005902 0.000986 0.001637 -0.000273 -0.002734 
-0.000872 -0.011624 -0.002086 0.005660 0.006666 -0.000978 0.001562 -0.003030 
-0.001270 -0.001055 0.003430 0.002847 0.004455 0.002830 -0.000359 -0.002065 
-0.001015 -0.003793 0.002748 -0.005683 0.000792 -0.001960 -0.010011 0.001112 
-0.004719 0.009127 0.003163 0.001572 -0.000594 -0.003515 0.001822 -0.000389 
0.007134 -0.008106 0.008522 -0.002800 -0.001993 -0.002354 -0.005131 -0.005248 
-0.025474 0.001459 0.006022 -0.012544 0.001516 -0.005600 -0.005411 0.000403 
0.070569 -0.007288 0.000711 -0.003493 0.006669 -0.001665 0.000920 -0.005150 
-0.005734 -0.002442 -0.000005 -0.006081 0.010115 -0.008002 0.000568 -0.007451 
0.047895 -0.015811 -0.000446 -0.000348 -0.000372 0.001398 -0.000157 -0.005465 
-0.007542 -0.005041 -0.005796 -0.004232 0.000042 -0.000694 0.001707 0.008929 
0.025679 -0.005201 0.000564 0.000173 0.001510 0.005610 -0.006706 0.002903 
0.003780 -0.005507 0.000232 0.004123 -0.003562 -0.000547 -0.001697 0.003971 
0.010563 0.002015 -0.000944 0.004575 -0.004813 0.001582 0.007518 0.000163 
0.002758 0.009238 0.004134 0.001050 0.008574 -0.001700 0.001668 -0.003079 
0.006614 -0.002222 -0.008786 0.003244 -0.001755 0.005563 0.001729 0.002506 
0.006523 -0.004697 0.003370 -0.000769 -0.001839 -0.001125 -0.006442 -0.003738 
-0.008388 -0.004737 0.001525 0.006734 0.001501 0.006223 -0.004893 -0.000146 
0.002829 -0.001630 -0.009804 -0.006508 -0.002433 0.003279 -0.000268 0.007574 
-0.020582 -0.007062 -0.004618 -0.003681 0.004216 -0.003315 -0.001136 -0.002039 
0.017416 0.000113 0.006840 0.008458 -0.001615 -0.002733 0.002923 -0.004522 
-0.037875 -0.011132 0.001084 0.003036 0.000375 0.002180 -0.005112 0.001862 
0.026356 -0.006072 -0.003174 0.004573 0.005583 -0.003960 0.006395 0.000908 
-0.034584 -0.004592 -0.002144 -0.003103 0.007178 0.003397 -0.000815 -0.001330 
0.026077 0.012322 0.008184 0.000139 0.005281 0.004499 0.004204 0.002843 
-0.070520 0.001949 0.000328 0.000486 0.002758 0.003263 -0.000335 0.000782 
-0.023356 -0.001446 0.009322 -0.008627 0.000966 0.004066 0.000927 -0.003244 
0.012716 0.001819 0.002453 -0.005232 0.005413 0.001320 -0.000716 0.001663 
-0.012793 0.006037 -0.007072 -0.004252 0.010348 -0.004832 0.003369 -0.007421 
0.000749 -0.000616 0.004294 -0.002936 0.005622 -0.010475 -0.008551 0.001430 
-0.003748 -0.003699 0.005713 0.001303 0.006108 0.005133 -0.001024 0.003183 
-0.001685 0.005091 -0.005322 0.006429 -0.000646 0.004309 0.002110 -0.006667 
-0.011710 -0.003573 -0.007141 0.004487 -0.002891 -0.010529 -0.008837 0.000238 
-0.009308 -0.004053 -0.003242 0.000773 -0.002888 0.001776 -0.005983 -0.002890 
0.003498 0.000554 -0.000285 0.000768 -0.004635 -0.001068 -0.000778 0.005143 
0.003488 -0.004020 -0.002787 0.000775 0.004065 0.002727 -0.005800 0.004243 
0.008279 -0.006849 0.010748 -0.000823 0.004432 -0.003700 0.005814 0.003520 
-0.005825 -0.004822 -0.003557 0.006875 0.004469 -0.002496 -0.000361 -0.004843 
0.008829 -0.001769 -0.006445 0.003594 0.000003 -0.003088 0.008260 0.008483 
-0.004013 0.007592 0.003257 -0.001373 0.005369 -0.009402 -0.000957 -0.005157 
0.013664 0.009358 -0.001436 0.004264 0.009021 -0.006068 0.002829 -0.010963 
-0.013451 0.000934 -0.004083 -0.013046 -0.000513 -0.000068 -0.009440 -0.009579 
0.024707 0.016312 0.004833 0.006757 0.005218 0.010218 0.005861 -0.007444 
-0.009859 -0.003242 0.002899 -0.008984 -0.005350 -0.008466 -0.010670 -0.003433 
0.050075 0.008869 -0.006479 -0.021724 -0.004019 -0.001288 0.014643 -0.010436 
-0.021853 -0.007680 0.020096 -0.010396 -0.009751 0.000257 0.005673 -0.008391 
-0.030434 -0.001318 0.000504 -0.003555 0.009971 -0.000958 0.004870 0.004461 
0.016547 -0.002016 -0.002869 -0.003630 -0.000093 -0.000378 -0.002829 -0.004904 
-0.015353 -0.006760 -0.003352 0.004024 -0.001188 -0.001061 0.002741 -0.004420 
0.007018 0.003763 0.002652 -0.001890 0.004005 0.001160 -0.005534 0.005656 
-0.003178 0.004042 -0.008264 -0.003433 0.001915 -0.000011 -0.004190 0.006704 
-0.000300 0.003142 -0.008830 -0.002530 -0.000932 0.001244 0.003105 0.000154 
-0.002438 -0.004643 0.005430 -0.002352 -0.006690 -0.005228 -0.003228 0.000996 
0.000631 0.001896 0.003285 -0.000116 -0.004340 -0.001910 -0.006740 -0.006661 
-0.001008 -0.000934 0.006283 -0.006605 0.011999 0.013004 0.002241 0.001620 
-0.008043 -0.000034 0.007326 0.001243 0.005566 -0.000065 0.005038 0.002366 
0.010108 0.002153 0.002678 -0.001721 0.002925 0.011781 0.005548 -0.000484 
-0.007884 0.006020 0.004395 -0.000877 -0.000874 -0.002462 0.002382 0.004068 
0.021590 -0.007202 -0.001933 0.005491 0.006066 -0.000849 0.005729 -0.001353 
-0.009773 -0.002367 0.012424 0.002448 -0.002832 -0.007218 -0.016217 0.001111 
0.008674 -0.006413 0.005022 0.005299 0.004087 -0.011117 -0.000459 -0.006845 
-0.006174 -0.001586 0.004257 -0.000245 -0.010554 -0.009377 -0.000980 -0.002536 
0.038888 -0.003940 0.012014 -0.007194 -0.011158 0.002250 0.005130 -0.000627 
-0.019579 -0.009068 -0.001614 0.000433 0.001099 -0.009491 -0.003325 -0.010625 
0.047974 -0.014766 0.004686 0.007995 0.004995 -0.011110 -0.000454 0.000201 
0.015002 0.001365 0.005485 -0.020164 -0.015632 -0.001672 -0.005480 0.003798 
-0.021474 0.000990 -0.004509 -0.013050 -0.006751 0.001797 -0.005000 0.004576 
0.015815 -0.005537 -0.005652 0.004543 -0.007734 -0.002061 0.000617 0.008062 
-0.015106 0.001477 0.003066 0.001527 0.000387 -0.001535 0.004486 -0.002858 
0.008570 -0.001266 0.001535 0.007200 0.002059 -0.003545 -0.007699 0.006533 
-0.015109 -0.001422 -0.005144 -0.000686 0.008629 -0.006102 -0.002304 0.002207 
0.002475 -0.001347 -0.004430 0.002206 -0.002182 0.002154 -0.001193 -0.000056 
0.007973 0.000559 -0.004608 -0.000284 0.001293 0.006588 0.004081 -0.002978 
-0.003518 -0.010154 -0.000218 0.004485 0.006124 -0.002000 0.007142 -0.000823 
0.005985 -0.002402 -0.007021 -0.003990 0.000517 -0.001080 0.001210 -0.003881 
-0.000088 -0.003939 -0.002024 -0.004387 0.002195 -0.002895 0.000289 -0.000724 
0.004443 0.001674 0.000557 0.001084 0.006767 0.001886 0.003839 0.000989 
-0.010988 -0.001323 0.008066 0.000999 -0.002722 -0.002625 0.002473 0.001021 
0.017095 0.000163 0.002338 0.002312 0.005566 0.002531 0.008337 -0.002067 
-0.010761 -0.001555 -0.005166 0.006097 -0.000669 -0.016205 0.000963 0.005145 
0.017019 0.008244 -0.003566 -0.006221 0.004236 -0.004326 0.001328 0.009942 
-0.010625 -0.008461 -0.002080 -0.004028 -0.006394 -0.010089 -0.006949 -0.001980 
0.016465 -0.007367 0.007205 -0.004204 0.001743 0.005584 -0.004111 0.003572 
-0.006852 0.008059 0.008332 0.019191 0.002948 -0.010247 0.011433 -0.006044 
0.071650 -0.004216 -0.011044 0.000103 0.013868 -0.002476 -0.015655 -0.003625 
-0.041593 -0.021529 0.013574 -0.017961 -0.002572 -0.012715 0.004037 -0.004920 
-0.040762 -0.001725 -0.002287 -0.006129 0.005478 0.001447 0.001035 0.004749 
0.019089 -0.001511 -0.000249 -0.003891 -0.003940 -0.007785 0.006285 -0.001731 
-0.013682 -0.001203 -0.006628 -0.006143 0.007954 -0.001370 0.001750 -0.001572 
0.010526 0.003490 0.001957 -0.004342 0.000938 -0.004236 -0.011240 -0.000945 
-0.004293 -0.000308 -0.004509 0.001109 -0.003053 -0.006216 0.003170 0.001891 
0.003244 0.000757 0.010759 0.002659 -0.007118 -0.005817 0.000724 -0.000471 
-0.001385 0.002717 0.001471 -0.003676 -0.000733 -0.001290 0.001149 0.001060 
0.006210 -0.008741 -0.002232 -0.003274 0.002869 0.003097 -0.001959 -0.002952 
0.002753 -0.000840 0.002998 -0.003660 0.007563 -0.007167 0.001599 0.000414 
-0.005055 0.006417 -0.009022 0.003344 -0.002149 -0.014257 -0.007686 0.006479 
0.003526 0.008467 -0.004166 0.000635 0.003074 -0.002802 -0.001579 -0.008180 
0.003909 0.000014 0.001957 0.001947 0.010739 -0.004926 0.004432 -0.000923 
0.011130 0.004771 -0.003248 -0.001690 0.006566 0.005263 0.000456 0.002120 
-0.016164 0.002542 -0.002720 0.001471 0.002994 -0.011754 0.001193 -0.004439 
0.016662 -0.005129 0.004340 0.002660 0.001764 0.002190 0.001647 0.003183 
-0.006761 -0.007289 -0.001894 -0.003254 -0.003638 -0.002697 0.001710 -0.001928 
0.021975 0.002169 0.014332 0.004140 -0.001319 0.003478 0.001077 0.003888 
0.000829 0.006790 0.009573 -0.007143 0.005351 -0.010867 0.007793 -0.006897 
0.029792 0.019720 0.011677 -0.000556 0.014910 0.003190 -0.001256 -0.001983 
0.005148 0.007388 0.000279 0.008793 -0.008268 -0.010644 0.012641 0.004568 
-0.026765 -0.000642 0.002837 0.001122 0.003154 0.001715 0.004598 0.003799 
0.009175 -0.000028 -0.010404 0.001699 -0.000679 0.005313 -0.001876 -0.000345 
-0.015998 0.004584 0.001615 -0.001716 0.001192 0.002294 0.000965 -0.003494 
0.007330 -0.000227 -0.001549 0.003558 -0.002633 0.006150 0.003768 -0.002417 
-0.007773 0.006303 -0.005006 0.006032 0.001191 0.008496 -0.000905 0.001089 
0.005890 -0.001470 -0.007208 0.002333 -0.008559 -0.008955 -0.008798 -0.001315 
-0.007507 0.007346 -0.004293 0.001278 0.002575 0.004770 -0.003291 -0.002332 
-0.001185 -0.001957 -0.002685 -0.003310 0.004544 0.001600 0.003463 0.001131 
-0.002911 -0.000129 0.002061 -0.005670 0.001087 0.001620 -0.001079 -0.000547 
-0.004998 0.001306 -0.001216 -0.003415 -0.000423 0.002170 -0.000745 -0.004366 
-0.001956 0.003414 -0.009828 -0.005604 -0.001090 -0.009566 0.002838 -0.007402 
-0.007881 0.001193 -0.000778 0.004110 -0.000505 -0.001201 0.004510 0.004082 
0.011746 -0.002656 -0.005348 -0.000622 0.007433 0.002511 0.001961 -0.003313 
-0.006822 -0.005970 0.009333 0.009234 -0.001520 0.000044 -0.001927 -0.002824 
0.013786 -0.002022 0.000657 0.009446 0.007355 -0.004809 -0.002802 0.003455 
-0.002352 -0.000384 0.001785 -0.001309 -0.001854 -0.011777 0.009525 -0.007956 
0.006517 0.004037 -0.001006 -0.002355 0.007974 0.007434 0.005221 0.006726 
0.000032 -0.009132 0.013514 0.008394 0.000781 -0.004680 0.005023 0.002361 
0.035067 0.013741 0.011452 0.004814 0.003813 0.000216 -0.015380 -0.016328 
0.005435 -0.004415 0.007808 0.006966 0.003544 -0.033664 -0.003203 0.002254 
-0.011233 0.006673 -0.005174 0.001416 0.004066 0.005497 -0.003472 0.002186 
0.004017 -0.000352 -0.004296 -0.007801 -0.007767 0.003290 0.001731 0.010451 
-0.002888 0.006572 0.002612 -0.000290 -0.004387 -0.003303 -0.002377 -0.009651 
0.002675 0.002583 -0.002094 0.006608 -0.001999 -0.004937 0.002415 0.005774 
0.000655 -0.002648 0.000263 0.000306 -0.002022 0.005614 0.000132 -0.010128 
0.000090 -0.003824 -0.001181 0.001805 -0.004249 -0.001041 -0.007711 0.002783 
-0.004903 0.000165 -0.005630 0.004243 0.008733 -0.004452 -0.012038 0.002851 
-0.007545 0.001502 0.009088 -0.001877 0.002929 0.006588 -0.007260 -0.004702 
-0.001957 -0.000285 0.001106 0.002523 -0.014458 -0.000309 -0.003373 0.000091 
0.007155 0.001583 0.008769 0.004773 0.005273 -0.007788 -0.002736 -0.000390 
-0.000260 0.000191 -0.008483 0.000387 0.005165 0.006632 -0.007018 -0.002480 
-0.000155 -0.009852 0.007449 0.001016 0.002093 -0.009040 0.002610 -0.006225 
0.013014 -0.002022 -0.000684 -0.002174 -0.007169 0.002363 0.004609 -0.013062 
-0.008700 -0.000457 -0.004587 -0.002260 -0.003397 -0.010604 -0.004546 0.003992 
-0.007136 -0.013709 -0.000014 0.014254 0.004772 0.010010 -0.000758 -0.007713 
0.003963 -0.000516 0.001447 -0.002272 0.001782 -0.011598 -0.008207 -0.000205 
0.022031 0.005056 -0.006513 0.009578 0.006870 -0.003842 -0.013626 -0.007497 
0.020232 0.005147 -0.008168 -0.011377 -0.003162 -0.003481 0.004026 0.009564 
0.018711 -0.003305 -0.004723 0.000475 0.003463 -0.011725 0.001290 0.006733 
-0.012908 -0.004550 0.006023 -0.000965 -0.015762 -0.027415 -0.002523 -0.002814 
-0.000230 -0.003162 0.000224 0.002754 -0.000929 -0.007143 0.003321 0.001458 
-0.000344 0.000869 -0.005463 0.002458 -0.002239 0.008556 0.007379 0.004739 
-0.002104 -0.005514 -0.005380 -0.001743 -0.000373 0.001174 0.007778 -0.005085 
-0.012692 -0.001625 -0.001155 0.004241 -0.007577 -0.008614 0.000653 -0.003350 
-0.008704 -0.008717 0.004664 -0.007466 0.006226 -0.001165 0.006456 -0.002555 
0.000556 -0.002701 -0.008864 0.008479 0.007093 0.004899 0.006485 -0.006825 
0.001084 0.001408 0.006459 -0.002181 -0.001905 -0.003963 0.001169 -0.002269 
0.003966 0.001656 -0.002293 -0.000721 -0.004253 -0.000644 0.003576 0.008957 
-0.000174 0.002962 -0.004413 0.004837 0.005367 -0.002527 -0.005563 0.008414 
-0.005752 -0.005191 0.000858 -0.008141 -0.002647 -0.002077 0.000389 0.010143 
0.006972 0.003603 -0.005228 -0.002646 0.006003 -0.004914 -0.000513 0.001122 
0.005139 -0.008057 0.007565 0.000948 0.004186 0.002180 -0.003084 0.005756 
-0.007019 0.000312 -0.000131 -0.001827 0.005934 -0.007199 -0.004843 -0.001627 
0.000309 -0.000662 0.001026 -0.012147 -0.003474 -0.002292 0.002532 -0.000613 
0.007003 0.001275 -0.004012 -0.001793 -0.002654 0.005344 -0.004278 0.008067 
-0.012603 0.002380 0.005409 -0.001848 -0.007664 0.000018 0.000853 -0.005576 
0.011216 0.002035 0.003914 0.004671 0.013897 -0.002950 0.003287 0.005713 
0.002461 -0.000584 0.009382 -0.002765 0.015663 -0.004946 -0.000421 -0.008120 
0.018630 0.028386 0.002895 0.009655 0.018583 -0.009067 0.019172 -0.010495 
-0.000122 0.022504 -0.010641 0.002130 -0.014557 -0.008276 -0.021206 0.008193 
-0.005773 0.000160 -0.006501 -0.000433 0.008116 0.000179 0.005557 -0.004830 
-0.003371 -0.006430 -0.012891 0.005932 -0.004405 -0.005293 -0.001681 0.010742 
-0.001334 0.005694 0.002713 0.002992 0.004880 -0.003916 0.001347 0.001719 
-0.005081 0.004054 -0.006744 -0.003047 0.007319 -0.001346 -0.000532 0.010716 
-0.000876 -0.000054 0.004701 -0.000217 0.006018 -0.002771 0.001971 -0.003497 
0.007259 0.002632 0.005631 -0.001001 0.008515 0.003718 -0.000599 -0.007117 
-0.000196 -0.000773 -0.004321 0.004949 0.004488 -0.000066 0.005561 0.003184 
-0.000216 -0.002043 -0.002543 0.003322 0.000144 0.000452 -0.001511 -0.004072 
0.003480 0.005499 0.002914 0.000744 0.000435 0.001363 -0.008339 -0.003255 
0.005476 -0.000162 -0.005458 0.001327 -0.006532 0.009599 -0.006609 0.004283 
0.000832 -0.004223 0.006788 0.000203 -0.000794 -0.002987 -0.003697 0.008918 
-0.003799 0.010031 0.009123 -0.005314 -0.000469 0.005594 -0.001521 -0.000091 
-0.004993 -0.004637 0.000624 0.001797 0.001106 0.002242 -0.010775 0.001216 
0.001040 0.000638 -0.002801 0.001604 -0.002155 -0.005235 0.003638 0.002858 
0.005570 -0.001108 -0.002037 -0.007316 -0.009423 0.004213 -0.002326 -0.004679 
-0.002080 -0.013857 -0.008425 0.002021 -0.002565 -0.004367 0.008241 0.004397 
-0.001511 -0.006989 -0.004366 0.001202 -0.005223 0.004570 0.011219 0.001133 
0.008594 0.003554 0.005392 0.005914 0.003110 0.013010 0.001499 -0.009052 
0.033222 -0.014588 0.004546 0.002872 -0.018857 -0.031777 -0.002343 -0.009184 
-0.014110 -0.002639 0.010818 -0.020116 -0.013734 -0.001157 0.012826 0.015067 
-0.006689 -0.004844 0.000687 -0.005296 0.005559 0.004970 -0.001273 0.001881 
0.000305 -0.000205 -0.009908 -0.007192 0.001456 0.000375 -0.001579 0.003031 
-0.005778 -0.003121 -0.000293 -0.000415 0.003159 -0.002600 0.002661 -0.000236 
0.008675 0.000707 -0.001742 0.004180 0.000372 0.001499 -0.002703 -0.012128 
-0.001531 0.006654 0.001656 0.001957 -0.001715 0.000442 0.006153 0.008437 
0.003467 -0.001473 0.009798 0.001656 -0.001488 0.003348 -0.001380 -0.001716 
-0.000493 0.003341 0.005201 -0.000230 0.006147 0.002400 0.000457 0.001074 
0.005103 0.000011 -0.003436 0.007754 0.003276 0.000128 0.014299 -0.007759 
-0.003341 -0.009147 -0.001447 0.000920 -0.000091 0.006244 0.010882 -0.005957 
0.000225 -0.002519 0.014884 -0.002316 0.007981 -0.001563 0.001757 -0.002186 
0.007015 -0.001899 -0.003541 -0.005174 -0.004633 -0.009784 0.003432 0.005765 
0.001680 0.004811 -0.000290 -0.007823 -0.001223 0.000008 0.002281 0.005446 
-0.000939 -0.003093 -0.003799 0.001224 0.002170 0.003239 -0.002591 0.005955 
0.000780 0.003276 -0.008550 -0.006937 -0.002978 -0.006092 -0.001123 0.001345 
0.011891 0.010587 0.002320 -0.008641 -0.007099 -0.001272 -0.004655 -0.003071 
0.006787 -0.009706 0.005678 -0.005237 0.010051 -0.009594 0.000231 -0.008434 
0.018923 0.000633 -0.000460 0.003295 0.005689 -0.005986 -0.014079 -0.001942 
-0.006199 0.007295 0.010498 -0.001832 0.003458 -0.004422 0.002416 -0.000376 
0.002602 0.017308 0.002532 0.002903 0.010883 -0.018128 -0.017136 -0.006450 
0.003321 0.012281 -0.002683 0.007424 0.007606 -0.004607 0.004858 -0.023831 
-0.009898 0.000908 0.003590 0.002111 -0.000727 -0.001765 0.003361 0.009292 
-0.006048 0.002360 -0.001647 -0.001959 -0.001155 0.004835 -0.000359 -0.001469 
-0.009368 0.011914 -0.001823 0.007315 0.002127 0.004681 0.005482 0.000079 
-0.003387 -0.006699 0.004632 0.005545 0.003787 0.003209 -0.007228 0.002595 
-0.000081 0.002364 0.000081 0.003260 0.000568 0.000351 0.003437 0.005549 
-0.001855 -0.001437 0.003779 -0.000327 0.001269 0.003061 -0.001786 0.001768 
-0.000325 0.001457 -0.006909 0.002499 0.000402 -0.001730 0.008867 0.010328 
-0.001789 0.004545 -0.004692 0.002064 -0.003981 0.003169 -0.007096 -0.005471 
-0.002106 -0.011220 -0.007580 0.011231 0.002857 0.004688 0.004004 -0.006798 
0.011719 0.006232 0.000397 -0.001625 0.001562 -0.001830 -0.006154 -0.006737 
-0.005292 0.003847 -0.003650 0.003845 -0.001189 -0.005594 -0.004915 0.001891 
0.007345 -0.003621 0.000097 0.000217 -0.002065 0.002037 0.001109 -0.007788 
-0.000049 -0.001790 -0.008926 0.005095 0.001797 0.008060 -0.002787 0.011901 
0.006260 -0.004357 -0.000155 -0.006802 0.001289 -0.011425 0.001699 0.001757 
-0.004744 -0.006138 0.001034 -0.002896 0.007088 -0.011311 -0.000035 0.001667 
0.002074 -0.015557 -0.014234 -0.010091 -0.010104 -0.009139 0.001001 -0.000807 
0.008043 0.002576 -0.002346 -0.008205 0.008408 -0.002542 0.005853 0.000325 
0.013110 0.003251 0.008954 0.012855 0.003844 0.009447 0.004961 0.005484 
0.009152 -0.005759 0.001690 0.015863 -0.010834 -0.004082 0.013151 0.013609 
0.004034 -0.014538 0.004018 -0.008659 0.009024 -0.016893 0.012593 -0.012645 
0.003923 0.006513 -0.000972 0.010128 -0.006151 0.003034 -0.001080 -0.000572 
0.002231 -0.004557 0.000244 -0.010023 -0.003063 -0.003677 -0.003855 0.004160 
0.000495 0.001002 -0.003362 -0.004751 -0.012149 0.002110 0.002403 -0.000767 
-0.004216 0.006832 0.000419 -0.001001 0.001228 -0.004576 0.001081 0.003421 
-0.001565 -0.003295 0.000552 0.001074 -0.003854 -0.002062 -0.005365 -0.005867 
-0.002218 0.007176 0.004060 -0.000549 0.001982 0.004333 0.000903 0.002084 
0.005343 0.003878 0.003146 0.004276 -0.000170 0.005300 -0.003824 0.001571 
-0.003445 0.000166 0.004516 0.004666 -0.000801 -0.002246 -0.001585 0.005172 
-0.001546 0.002458 -0.002041 -0.001098 0.003529 0.007476 0.005234 -0.006869 
-0.007409 0.003727 0.004488 -0.004834 -0.002665 0.000732 -0.004211 0.000166 
-0.003497 -0.002831 -0.000546 -0.002005 0.002307 -0.002869 -0.000975 -0.003180 
0.002458 -0.000124 0.001430 -0.002996 -0.006719 -0.004831 0.001131 -0.002973 
-0.000689 -0.005660 0.001712 0.003090 0.004648 0.003734 0.001579 -0.000915 
0.000257 0.003666 -0.003412 -0.007390 0.005833 -0.006381 -0.000089 -0.003358 
-0.005813 -0.008782 0.004193 -0.014518 -0.001418 -0.002174 -0.005253 0.005352 
-0.010659 -0.003093 -0.008842 -0.000189 -0.008468 -0.015650 0.006750 0.003366 
0.002390 -0.006358 0.013616 -0.001163 0.005778 -0.003349 0.000685 0.000619 
-0.002810 -0.002851 0.005294 -0.009382 -0.001903 -0.002495 -0.008902 -0.002480 
0.049736 0.025503 0.017651 0.002902 -0.004920 0.004235 0.001202 -0.000535 
-0.001132 -0.006186 0.006050 -0.002226 -0.010568 -0.009890 -0.007381 0.003215 
-0.007423 0.006394 0.001620 -0.003425 0.002710 0.003707 0.004929 -0.006792 
0.003844 0.004158 0.005131 0.000986 -0.007307 0.001569 0.003510 -0.002832 
-0.008215 -0.001954 -0.008607 -0.000739 -0.003097 -0.000525 0.000057 0.005380 
0.002775 -0.008943 -0.003246 0.006160 0.001042 0.007814 0.006282 -0.002147 
0.002009 0.001126 -0.008444 0.000150 -0.003123 -0.003857 -0.006662 0.006525 
0.004323 -0.000532 -0.003722 -0.007810 -0.000383 0.000284 -0.002132 -0.005405 
-0.007228 0.006905 -0.002118 0.002881 -0.011700 0.004691 -0.002588 0.003582 
0.010238 -0.006025 -0.001425 0.002345 0.003002 -0.003945 0.000916 0.002057 
0.012299 0.000287 0.010983 -0.000151 0.006737 0.000134 0.000603 0.004647 
0.001294 0.003142 -0.006759 -0.007852 0.000717 -0.007711 0.000918 0.002272 
-0.002399 0.008117 0.005462 0.000493 0.002636 0.000638 0.010581 0.005728 
-0.001774 0.006457 0.001424 -0.001782 -0.012566 -0.000646 0.003793 -0.012062 
-0.007326 0.005591 -0.003488 -0.002930 -0.003431 -0.016039 -0.001324 0.003867 
-0.008221 -0.004853 -0.006237 -0.003961 0.006554 0.004462 -0.003026 0.000183 
0.007813 -0.004234 0.008036 -0.012557 -0.000792 0.011516 -0.003232 0.004610 
-0.000522 0.001974 0.011004 0.010210 0.004244 0.003346 -0.006902 0.001913 
0.013008 -0.000841 0.011309 -0.013416 -0.010951 -0.007703 0.003882 0.004552 
-0.008187 -0.000626 -0.003961 0.005679 0.000731 0.002838 0.003812 0.006667 
0.006257 -0.022543 -0.008357 0.000053 -0.008205 -0.000145 0.004136 -0.012106 
-0.003555 -0.002904 0.022043 0.004684 -0.002595 -0.008020 -0.000702 0.000799 
-0.007576 0.003167 -0.003158 0.004308 0.001224 0.000927 -0.008210 0.004470 
-0.001597 -0.010404 0.002531 -0.001919 0.003342 -0.003485 -0.001412 -0.006944 
-0.007824 0.000565 0.005619 -0.006875 -0.000513 0.004868 -0.006330 0.006812 
0.002708 -0.007343 -0.006832 -0.011807 0.011845 0.000087 0.003180 0.002924 
-0.008227 0.007835 -0.002568 0.001375 0.004684 -0.012106 -0.003645 -0.004164 
0.007418 -0.012089 -0.001330 -0.001032 -0.000483 -0.013661 -0.004538 -0.004140 
0.003946 -0.001280 0.005582 -0.001358 -0.004455 0.003468 0.009088 0.006535 
0.000817 -0.008420 0.020445 -0.002964 0.011449 -0.005354 -0.003460 -0.013604 
0.000671 -0.000633 -0.007977 -0.007978 -0.005627 -0.012685 0.004079 -0.000732 
-0.002522 -0.007246 -0.000548 -0.000202 0.002329 -0.005067 -0.000174 0.007062 
-0.002115 -0.005506 0.007682 -0.003984 0.006349 -0.002786 -0.007549 -0.001884 
0.003791 -0.012777 0.006187 -0.000704 0.004062 0.000306 -0.004267 -0.009594 
-0.004407 -0.010679 -0.005709 -0.010988 -0.000960 -0.000960 -0.000627 0.008362 
0.004240 -0.020512 -0.006063 -0.006847 0.009631 0.002708 -0.002666 -0.006518 
0.018077 0.001183 0.007040 -0.002319 -0.015332 -0.001349 -0.000851 0.001436 
-0.007586 -0.022449 0.002056 0.001645 0.012479 -0.000942 0.003506 -0.005250 
0.020338 -0.002617 -0.005457 0.006413 0.008777 -0.005088 -0.004052 0.000702 
-0.000453 -0.024812 -0.001973 -0.003769 0.001147 -0.010375 -0.003794 -0.005068 
-0.007308 0.001434 0.023111 0.011563 0.001265 0.005858 0.002478 -0.000125 
0.010157 0.002577 0.010887 -0.006197 -0.007029 0.013359 -0.025418 0.002850 
0.005504 0.006916 0.010952 -0.002700 0.002438 -0.005494 0.004127 -0.001234 
0.004326 -0.005323 0.000832 0.002892 0.006101 -0.000516 -0.009202 -0.002091 
0.002344 0.002632 0.002964 0.004631 0.002584 -0.004812 0.000317 -0.003309 
0.012087 -0.006487 0.006051 0.009971 0.004768 0.003323 -0.008698 -0.003931 
-0.004905 -0.005783 0.005948 0.001257 0.000744 0.000916 0.004866 0.004663 
0.000388 -0.006499 -0.001934 -0.007500 0.006351 -0.002575 0.001928 0.003324 
-0.005590 0.006134 -0.000354 0.007477 -0.005148 -0.003361 0.004719 -0.004326 
0.005798 -0.009636 0.006589 0.002621 -0.002446 -0.004107 -0.008999 0.000188 
0.011541 0.000827 -0.000843 0.000360 0.004654 -0.010820 0.001806 0.005672 
0.000734 -0.014505 0.010410 0.006851 0.005595 -0.007754 -0.007252 -0.010721 
-0.015240 0.002574 0.012055 0.004960 -0.006410 0.002673 -0.002284 0.009315 
-0.002558 -0.011310 0.000130 0.000552 0.001876 -0.005201 0.002252 -0.000843 
0.005392 -0.003819 0.010514 0.015670 -0.007393 0.005599 0.004549 -0.004932 
0.001741 -0.018700 0.008193 -0.005387 0.005058 0.000174 0.000140 0.007031 
0.004555 0.005501 0.004333 -0.003877 -0.013907 -0.005576 -0.006235 0.018954 
0.006651 -0.023184 0.018754 0.000461 0.016056 0.005606 -0.002242 -0.007267 
-0.005871 -0.004698 -0.005293 0.020342 -0.010438 -0.010867 -0.006028 0.008026 
-0.013289 -0.021667 0.022304 -0.003577 0.018659 -0.020175 -0.010073 0.009077 
-0.018970 0.020321 0.013165 0.012977 0.007217 -0.014666 0.005431 0.024970 
-0.020129 -0.025315 0.019587 0.005004 0.019151 -0.003830 -0.000474 0.009833 
0.031207 0.009415 -0.006327 0.014640 0.003378 -0.015517 -0.004200 -0.000262 
-0.012977 0.003103 0.006882 0.012264 0.002073 0.014343 -0.026023 -0.007970 
0.002952 -0.010550 -0.005253 0.004204 -0.010378 -0.029518 0.003146 -0.009775 
-0.020457 -0.019726 0.021608 0.008975 0.015868 0.016231 -0.009210 -0.007166 
0.015889 -0.014411 -0.005450 0.018517 0.008799 -0.027148 -0.008679 -0.003016 
-0.013664 -0.009938 0.014203 0.006580 0.003595 0.013105 -0.007751 0.004694 
0.009474 -0.018477 -0.007837 0.009231 0.000826 -0.026838 0.015863 0.006714 
-0.015816 -0.003014 0.018725 -0.008341 -0.007892 0.014902 -0.010249 -0.019352 
-0.002954 -0.025978 -0.001920 -0.000744 0.002463 -0.032188 -0.001689 0.009817 
-0.003143 -0.000066 0.030518 0.000045 0.014683 0.011653 -0.018649 -0.003358 
-0.003609 -0.014738 -0.018834 0.001152 0.001625 -0.022518 -0.002029 0.007553 
-0.000611 -0.000060 0.012707 0.008024 -0.008304 0.010302 -0.026703 0.002294 
0.005279 -0.013983 -0.015656 0.009330 0.003279 -0.034311 -0.001964 0.020142 
-0.007615 -0.002086 0.039257 0.002784 -0.006318 0.021820 -0.021252 -0.013932 
-0.015464 -0.031324 -0.016799 -0.000480 0.014305 -0.017304 0.006533 -0.017773 
-0.009049 0.004103 0.041425 0.011062 -0.019723 0.026349 -0.019806 -0.002192 
-0.009526 -0.041466 -0.003064 0.011355 0.022087 -0.027715 0.003874 0.013113 
-0.000929 0.014874 0.042739 0.009006 -0.009115 0.036862 0.002609 -0.011501 
-0.009660 -0.038855 -0.031456 0.006155 -0.019380 -0.013132 -0.017048 -0.026529 
0.017452 0.022978 0.063431 0.026205 -0.023158 0.046966 -0.016035 -0.023713 
