0.151945 1.078964
0.182768 1.210430
0.166357 1.258735
0.125670 1.284014
0.113011 1.254232
0.088644 1.188176
0.082094 1.103422
0.097096 1.025010
0.061375 0.970049
0.200222 0.951146
-0.386037 1.097467
-0.321840 1.211259
-0.186174 1.262592
-0.101276 1.274729
-0.028263 1.246195
0.017348 1.181203
0.036898 1.098748
0.045444 1.019494
0.005802 1.032743
-0.314013 1.190502
0.027053 0.918233
0.020343 0.947376
0.029090 0.964556
0.029171 0.971012
0.017274 0.971717
0.017656 0.957449
0.010753 0.952510
0.013153 0.953300
0.003108 0.962626
0.185805 0.939793
0.016710 0.925694
0.003069 0.949134
0.010878 0.971470
0.018109 0.971677
0.000724 0.978540
-0.009174 0.973537
-0.029469 0.958331
-0.020936 0.944126
-0.074519 0.953209
0.013532 0.784118
0.145151 1.085515
0.178565 1.210284
0.159936 1.254890
0.119037 1.281460
0.108703 1.248089
0.084183 1.187515
0.079283 1.103329
0.091940 1.029687
0.058073 0.968039
0.181468 0.928719
-0.391821 1.096654
-0.321043 1.210132
-0.186611 1.260538
-0.102939 1.270178
-0.028206 1.242655
0.017840 1.179453
0.040609 1.097874
0.045775 1.015447
0.017978 1.039483
-0.314559 1.213079
0.001325 0.711307
0.001000 0.704061
0.005985 0.705696
-0.002892 0.700650
-0.008658 0.706713
-0.009950 0.700548
-0.024149 0.709393
-0.007059 0.705154
0.002764 0.695919
-0.023517 0.717337
-0.084857 0.697930
-0.138894 0.701093
-0.187365 0.701728
-0.229237 0.702390
-0.294249 0.701475
-0.328220 0.700660
-0.358388 0.702226
-0.397058 0.704160
-0.370353 0.723048
-0.534108 0.809260
0.004790 0.703880
0.009049 0.704081
-0.000764 0.697369
0.021094 0.696698
0.012146 0.685419
0.007113 0.686364
0.012366 0.689097
0.007491 0.686068
0.036530 0.683063
0.002945 0.624645
-0.029869 0.705478
-0.006918 0.701563
0.002170 0.693306
-0.019440 0.688683
-0.015537 0.682897
-0.015266 0.680335
-0.010720 0.670944
-0.018844 0.670316
-0.079989 0.661868
-0.058168 0.719114
0.029671 0.688167
0.028788 0.698496
0.023025 0.703568
0.025839 0.707811
0.039198 0.709625
0.045645 0.722930
0.055253 0.704793
0.040747 0.684886
0.107390 0.647594
0.059476 0.706052
-0.096796 0.707918
-0.033655 0.699182
-0.029126 0.697751
-0.004794 0.707420
0.002705 0.713946
-0.015026 0.711972
-0.004759 0.698946
0.020773 0.686728
0.037687 0.661903
0.209146 0.546099
0.027725 0.687167
0.015729 0.715695
0.022905 0.753264
0.009343 0.795031
0.027071 0.813500
0.022220 0.820123
0.020402 0.795505
0.012222 0.769634
0.020311 0.721922
-0.138806 0.803441
-0.082139 0.706253
-0.028058 0.715085
-0.011442 0.752177
-0.008323 0.789124
-0.003133 0.810037
0.004046 0.816395
-0.012523 0.791033
0.000876 0.749325
0.042024 0.741315
0.013741 0.721743
0.025205 0.698041
0.027111 0.740042
0.021743 0.793885
0.013133 0.827307
0.017342 0.845710
0.012120 0.832601
0.017842 0.801764
0.028388 0.752958
-0.036988 0.774714
-0.051163 0.760936
0.015345 0.712491
0.056440 0.733594
0.064344 0.784354
0.063460 0.812864
0.048788 0.834338
0.026003 0.825595
0.021389 0.788206
0.002629 0.740157
0.026154 0.713979
0.152637 0.742846
0.044610 0.647952
0.038031 0.691758
0.032768 0.741724
0.032803 0.771089
0.044104 0.768870
0.039471 0.753027
0.044772 0.719148
0.038182 0.675452
0.080877 0.633179
-0.055100 0.770975
-0.127118 0.691855
-0.052696 0.691521
-0.053005 0.738437
-0.063009 0.770975
-0.081690 0.780486
-0.108144 0.756228
-0.118096 0.709920
-0.119109 0.664521
-0.110841 0.659196
-0.020519 0.788304
0.020340 0.697827
0.012315 0.705219
0.019395 0.706668
0.001214 0.703183
0.006197 0.705380
0.011658 0.707557
0.024021 0.697850
0.012030 0.695884
0.029619 0.683084
-0.038337 0.732069
-0.056909 0.715210
-0.008577 0.709804
-0.008915 0.707638
-0.003320 0.699355
0.000217 0.707418
-0.014583 0.702168
-0.000129 0.709246
0.006861 0.700731
0.029423 0.652500
0.080668 0.527881
0.021275 0.693983
0.009700 0.703526
0.009046 0.706306
0.016547 0.705871
0.016718 0.706446
0.025204 0.700596
0.020877 0.705269
0.026122 0.700732
0.010083 0.680263
0.209182 0.771665
-0.070076 0.714584
-0.017955 0.707200
-0.022365 0.702557
-0.007906 0.706390
-0.006642 0.703432
-0.007542 0.693704
0.005404 0.695050
-0.013022 0.699344
-0.054277 0.663892
0.096968 0.606170
0.016032 0.701456
0.012655 0.704197
0.001821 0.706974
0.016867 0.705977
0.015226 0.709518
0.021474 0.711833
0.040682 0.698754
0.017566 0.700668
0.072943 0.658672
-0.038896 0.764715
-0.057442 0.706871
-0.024846 0.704759
-0.022077 0.708875
-0.003081 0.704232
-0.001659 0.706574
-0.006669 0.696136
-0.008477 0.701279
0.013493 0.692979
0.020024 0.712311
0.061588 0.551221
0.013177 0.701138
0.021287 0.707327
0.011455 0.711452
0.010299 0.709826
0.029225 0.714974
0.030597 0.714906
0.021568 0.712434
0.013128 0.703593
0.077355 0.703909
-0.016564 0.713338
-0.048255 0.708863
-0.016902 0.707809
-0.006558 0.705965
0.004552 0.707284
0.014439 0.711977
0.001888 0.709717
-0.006054 0.706779
0.018392 0.698971
0.065582 0.661653
0.139793 0.744707
0.019622 0.701496
0.010611 0.702504
0.006918 0.712040
0.010886 0.707883
0.016589 0.712393
0.015794 0.720882
0.015393 0.717606
0.022573 0.712062
0.048827 0.683842
0.049037 0.636099
-0.042721 0.710966
-0.011199 0.707183
-0.004693 0.704792
0.000578 0.707886
0.002401 0.709854
-0.008111 0.717752
-0.001931 0.696312
0.024702 0.712510
0.031514 0.678699
0.049683 0.710326
0.017922 0.696309
0.010364 0.705065
0.012623 0.708734
0.003174 0.713504
0.011640 0.715712
0.013261 0.722178
0.000360 0.711568
0.002168 0.706727
0.068108 0.694748
0.005180 0.681603
-0.043801 0.713280
-0.013281 0.704477
-0.005392 0.709438
0.002990 0.715058
0.000940 0.716975
0.017178 0.711957
0.006237 0.709052
0.014335 0.703461
0.026715 0.716581
0.018599 0.762268
0.014310 0.699438
-0.000598 0.708507
0.007314 0.719681
-0.000295 0.719258
0.008516 0.718812
0.003817 0.725426
0.002385 0.724605
0.019426 0.716038
-0.060597 0.655331
-0.148304 0.713080
-0.050259 0.712575
-0.015351 0.705168
-0.002960 0.707731
-0.003726 0.723206
-0.002912 0.717619
0.001692 0.715989
-0.011371 0.722642
-0.002471 0.708535
-0.013828 0.730348
-0.029492 0.615829
0.000477 0.698017
0.008304 0.710588
0.004738 0.718866
0.007923 0.721210
0.009328 0.723742
0.002602 0.733445
0.023180 0.727386
-0.002934 0.721678
-0.005108 0.682997
-0.025849 0.695014
-0.050155 0.713549
-0.015577 0.708740
-0.011299 0.712091
-0.015922 0.721645
-0.001368 0.727447
-0.006752 0.727049
-0.005091 0.732183
-0.009715 0.705501
0.010903 0.703442
0.054503 0.700442
0.020841 0.698217
0.008614 0.709391
0.012700 0.722198
0.003855 0.730657
0.015853 0.731704
0.008086 0.728209
0.009160 0.728055
-0.000330 0.727725
0.053005 0.715222
-0.027522 0.645911
-0.035188 0.712741
-0.003450 0.711369
0.000236 0.719189
-0.000891 0.723929
0.000644 0.730275
-0.000948 0.732796
-0.000136 0.721009
0.012841 0.713141
0.039505 0.682571
-0.031993 0.649505
0.031394 0.694669
0.007564 0.710864
0.012070 0.719323
0.005286 0.731050
0.016000 0.736401
0.021742 0.735375
0.008043 0.726002
0.006811 0.716567
-0.041189 0.740045
-0.109252 0.843357
-0.049382 0.713574
-0.015904 0.712549
-0.005874 0.721621
-0.002762 0.726565
-0.009172 0.732300
-0.008092 0.734235
-0.019225 0.722796
-0.019260 0.723020
0.036391 0.704366
0.009982 0.672116
0.017098 0.697460
0.007606 0.711989
-0.000471 0.718973
0.000202 0.729619
-0.001293 0.741837
-0.000636 0.733817
0.005357 0.740245
-0.003403 0.716263
-0.007865 0.708662
-0.118613 0.639456
-0.029588 0.717697
-0.012901 0.711891
-0.001356 0.722184
-0.008278 0.728800
-0.002384 0.737180
-0.010691 0.734435
-0.012157 0.731620
-0.036148 0.717863
-0.010635 0.701299
0.036211 0.771280
0.017087 0.702965
0.009303 0.711413
0.007172 0.724544
-0.002408 0.738941
-0.004168 0.737891
0.003225 0.742671
0.000220 0.731890
0.017607 0.716439
-0.014229 0.675925
-0.023240 0.782855
-0.011753 0.709698
0.016650 0.708442
0.008428 0.717352
0.010175 0.724478
-0.004357 0.738611
0.002522 0.735273
-0.004099 0.721445
-0.001065 0.715198
0.006318 0.661579
0.007919 0.675648
0.024538 0.705662
0.027561 0.720174
0.027940 0.726120
0.026024 0.734643
0.027054 0.735341
0.011278 0.726622
0.021496 0.727087
0.042935 0.732910
0.002189 0.776604
0.110652 0.604131
0.027828 0.706782
0.041768 0.708022
0.042156 0.717695
0.047849 0.715667
0.033980 0.727777
0.019339 0.724186
0.020042 0.721814
0.021498 0.698979
0.058580 0.716982
0.081959 0.699580
0.009186 0.704156
0.011256 0.714163
0.004232 0.725575
0.000498 0.725767
0.004992 0.730914
0.002056 0.735937
0.004866 0.726770
0.008686 0.715507
-0.008381 0.704246
-0.086428 0.833810
0.070860 0.707840
0.074428 0.705034
0.075331 0.719775
0.066074 0.725996
0.054505 0.723828
0.034505 0.725387
0.033173 0.720530
0.023012 0.700729
0.008301 0.710880
0.150536 0.756129
0.026966 0.707462
0.042830 0.709065
0.041814 0.707283
0.027804 0.711791
0.030212 0.714522
0.023924 0.722148
0.034656 0.712951
0.017044 0.716498
-0.019797 0.720064
0.051234 0.695681
0.142603 0.690447
0.117387 0.702632
0.096097 0.703236
0.102340 0.700670
0.085357 0.703087
0.055287 0.701222
0.063862 0.708045
0.049059 0.696335
0.040298 0.683410
0.058982 0.651974
0.052220 0.948861
0.059745 0.938169
0.046135 0.927623
0.049863 0.935217
0.020604 0.919832
0.017541 0.921038
0.022832 0.906221
0.005451 0.888395
0.013557 0.927391
0.221689 0.762249
-0.000060 0.950591
-0.008978 0.941032
0.007909 0.932430
-0.002366 0.934682
0.005606 0.930305
0.016687 0.924092
0.025103 0.907565
0.031746 0.922051
-0.063041 0.903839
-0.054722 0.913780
-0.002836 0.899749
-0.008112 0.953996
-0.016557 0.980147
-0.006269 0.978368
-0.009591 0.976419
-0.039107 0.969889
-0.015332 0.959322
0.016627 0.953578
-0.021946 0.883252
0.306003 0.928134
-0.003332 0.891750
-0.002972 0.945908
-0.015760 0.963960
-0.011042 0.960933
-0.005514 0.964334
-0.009010 0.972826
-0.006555 0.956641
-0.019714 0.947554
0.007890 0.980384
0.133972 0.926285
0.051977 0.948933
0.058741 0.940876
0.043598 0.928940
0.048628 0.937494
0.019114 0.920290
0.010884 0.925431
0.019963 0.907232
0.008660 0.888387
0.011718 0.923396
0.272885 0.758055
0.000820 0.951605
-0.009506 0.942230
0.005891 0.935331
-0.003444 0.935824
0.004026 0.932594
0.014941 0.926509
0.023116 0.912288
0.027639 0.923725
-0.057574 0.904460
-0.032580 0.921621
0.025224 0.702534
0.021991 0.703431
0.039739 0.694285
0.054624 0.689688
0.065855 0.695477
0.068117 0.693103
0.091412 0.688346
0.079406 0.698817
0.039128 0.686648
0.061618 0.629287
-0.012458 0.711216
-0.013442 0.711789
-0.014789 0.713312
-0.024035 0.703965
-0.012124 0.707774
-0.032379 0.704397
-0.030351 0.708160
-0.016873 0.687704
-0.024219 0.663725
0.004283 0.671693
0.010052 0.710969
0.050456 0.708721
0.073575 0.701771
0.088341 0.710939
0.109846 0.707988
0.136029 0.699414
0.138050 0.702012
0.154161 0.686321
0.128863 0.693090
0.304861 0.590127
-0.007313 0.704650
0.003637 0.712324
0.015530 0.710803
0.015034 0.706469
0.025734 0.708226
0.036270 0.714010
0.027313 0.709603
0.055714 0.702084
0.103308 0.692087
0.092919 0.595179
-0.042483 0.713740
-0.007822 0.712032
0.003437 0.719941
0.014293 0.708361
0.026031 0.709047
0.036902 0.705198
0.033019 0.701727
0.025536 0.705260
0.001239 0.678554
0.170020 0.631031
-0.032553 0.704335
0.002586 0.712502
0.019702 0.708027
0.030224 0.709586
0.041613 0.711095
0.056009 0.706737
0.060428 0.699419
0.057515 0.702791
0.130472 0.682512
0.236924 0.584426
-0.043791 0.709472
0.001558 0.701014
0.016001 0.703371
0.021676 0.699466
0.020394 0.711929
0.034302 0.710836
0.028880 0.713252
0.020713 0.705758
0.052869 0.706020
0.138466 0.629213
-0.035362 0.704744
-0.010481 0.707761
0.007060 0.701765
0.011663 0.710295
0.005909 0.716436
0.015164 0.714307
0.010050 0.712469
0.014242 0.719910
0.024575 0.757255
0.032082 0.638688
-0.025009 0.710017
0.013578 0.702622
0.024606 0.694698
0.035945 0.704124
0.033527 0.707744
0.034845 0.704344
0.026257 0.707626
0.031152 0.711360
0.002665 0.682667
-0.005178 0.779043
-0.019766 0.701923
-0.013491 0.698321
-0.008382 0.700983
-0.011801 0.708522
-0.011760 0.707371
-0.007426 0.709875
-0.004100 0.714566
0.001682 0.717021
0.010583 0.737173
-0.088490 0.679073
-0.050825 0.718537
0.033393 0.704686
0.068846 0.708723
0.093510 0.715740
0.112609 0.713762
0.141071 0.704226
0.142871 0.700078
0.141935 0.685799
0.111073 0.677356
0.343965 0.621221
-0.055231 0.705851
-0.010691 0.703428
0.013262 0.702145
0.017635 0.721813
0.031324 0.718811
0.045201 0.720864
0.042829 0.711796
0.065051 0.694081
0.136629 0.728810
0.177745 0.583178
-0.032273 0.713873
-0.011198 0.708109
-0.004044 0.716618
0.012350 0.710751
0.011581 0.696436
0.025904 0.701817
0.018265 0.700669
0.001432 0.703820
-0.034511 0.672287
0.116265 0.808968
-0.004022 0.704022
0.003176 0.709682
0.008640 0.710944
0.020437 0.703775
0.027543 0.705170
0.035066 0.707576
0.022396 0.707866
0.022704 0.705151
0.039214 0.703154
0.232767 0.751052
-0.035061 0.715229
-0.008438 0.708704
0.006970 0.704939
-0.002135 0.703683
0.007867 0.704531
0.012889 0.699252
0.007616 0.707723
0.021835 0.706283
0.026728 0.674774
0.261019 0.720996
-0.008718 0.700960
0.002983 0.709039
0.002555 0.715621
0.005510 0.710968
0.015936 0.706904
0.013292 0.702688
0.022181 0.701111
0.014649 0.706970
0.041188 0.710976
0.153595 0.697726
-0.014735 0.707032
0.001085 0.707929
-0.006117 0.709215
0.016183 0.707930
0.009889 0.704571
0.015565 0.695596
0.016383 0.708135
0.002160 0.705515
0.031187 0.720493
-0.082196 0.526637
-0.027066 0.705864
-0.006207 0.708710
0.014366 0.707787
0.008867 0.707639
0.020992 0.713009
0.023064 0.713145
0.020409 0.714241
0.008534 0.704807
0.050582 0.704152
-0.056854 0.769472
-0.022203 0.709732
-0.001237 0.709928
0.001509 0.704025
-0.000392 0.705246
0.016848 0.703860
0.014260 0.702874
0.010466 0.706649
0.012673 0.702021
-0.012851 0.713776
0.128592 0.694003
-0.019740 0.704998
0.004211 0.703994
0.006901 0.705312
0.013342 0.713912
0.013383 0.707303
0.025492 0.705880
0.034110 0.700948
0.036930 0.696695
0.051721 0.661608
0.173779 0.733262
-0.013266 0.709388
-0.005520 0.708445
0.009129 0.709125
0.009368 0.701764
0.011131 0.704985
0.012985 0.712376
0.015360 0.698764
0.018665 0.703566
-0.004365 0.682220
-0.027438 0.740243
-0.022715 0.704626
0.001027 0.706372
0.008660 0.707356
0.017940 0.707927
0.015642 0.705116
0.022653 0.715273
0.029852 0.702225
0.039620 0.703886
0.112052 0.703820
0.014530 0.595701
-0.026830 0.707305
0.000418 0.701311
0.007382 0.709107
0.007035 0.701212
0.012763 0.711058
0.023610 0.702849
0.025779 0.701606
0.012375 0.703192
0.088069 0.692128
0.009907 0.682173
-0.018959 0.708530
-0.005803 0.711021
0.003868 0.713215
0.007339 0.719470
0.006544 0.707883
0.013579 0.702818
0.009278 0.708756
0.017825 0.717601
-0.029780 0.718909
-0.049226 0.675169
-0.022566 0.708204
0.003489 0.704416
0.011993 0.710205
0.004717 0.704155
0.007224 0.709537
0.018670 0.706570
0.002999 0.708545
-0.001353 0.701208
0.004967 0.703168
0.055601 0.717269
-0.023945 0.703206
-0.015370 0.706627
-0.003309 0.707950
0.003876 0.707083
-0.006831 0.707893
-0.003125 0.705319
-0.004979 0.705786
0.010430 0.710476
0.018170 0.726962
0.029743 0.550457
-0.024343 0.711120
-0.002223 0.708547
0.005120 0.702069
0.010299 0.696835
0.011618 0.708798
0.007134 0.700919
0.002888 0.711511
0.013074 0.711516
0.002839 0.691224
0.019207 0.635144
-0.015341 0.702187
-0.001521 0.703487
0.003164 0.709393
-0.001780 0.705371
0.006045 0.709037
0.016974 0.707832
0.005774 0.705268
0.007428 0.714258
0.057089 0.725364
0.113375 0.679916
-0.024055 0.706045
-0.000907 0.704365
0.000738 0.707652
0.009525 0.707242
0.006168 0.702977
0.013545 0.709172
0.016135 0.709417
0.022520 0.694928
0.012563 0.710483
0.101582 0.682759
-0.022313 0.711229
-0.005323 0.709394
0.002478 0.711753
0.004937 0.709404
-0.003364 0.711734
0.004053 0.704928
0.002302 0.704350
-0.007502 0.719848
-0.009813 0.731183
0.008881 0.777097
-0.022883 0.707542
0.002974 0.703108
0.007467 0.706555
0.018033 0.710948
0.001292 0.709182
0.012740 0.709266
0.016086 0.705476
0.000955 0.710908
-0.003573 0.695056
0.100723 0.730191
-0.015475 0.707324
0.005731 0.708237
0.010367 0.708822
0.009359 0.702895
0.010145 0.702954
-0.003050 0.715537
0.008233 0.704431
-0.001205 0.707780
0.017767 0.731593
-0.032969 0.665121
-0.031952 0.708368
-0.003383 0.700864
0.002152 0.703020
0.009600 0.705711
-0.003221 0.710345
0.006838 0.702574
0.001089 0.705363
-0.005968 0.706637
-0.040312 0.719006
0.127547 0.641216
-0.007752 0.703743
0.004764 0.709871
0.001807 0.708827
0.006561 0.710849
0.003065 0.706769
-0.000625 0.716899
0.001362 0.702361
0.009899 0.709782
-0.004020 0.726865
-0.058771 0.721129
-0.012328 0.711629
0.009137 0.706708
0.019463 0.703206
0.026204 0.706719
0.022331 0.711849
0.016995 0.710486
0.027179 0.714705
0.010410 0.706624
0.040576 0.680477
-0.037882 0.726980
-0.017490 0.703461
-0.010585 0.705570
-0.002232 0.709183
0.001831 0.707046
-0.003718 0.707999
0.002508 0.708083
0.004547 0.707745
0.001614 0.712351
0.010966 0.721538
-0.003832 0.667896
-0.001142 0.711173
0.022989 0.705624
0.017431 0.707928
0.031220 0.706616
0.029099 0.699334
0.021690 0.699741
0.012611 0.708808
0.025734 0.716655
0.032513 0.713259
-0.018943 0.647527
-0.026034 0.704578
-0.018727 0.703505
0.003423 0.705417
-0.007602 0.701854
-0.007667 0.709298
-0.013399 0.706841
0.003225 0.721646
-0.012166 0.713622
0.010917 0.741925
-0.050595 0.619475
-0.009983 0.708214
0.008721 0.705601
0.009675 0.706720
0.008184 0.708401
0.014049 0.702745
0.012089 0.709216
0.012046 0.703366
0.027920 0.704713
-0.028723 0.695495
-0.107727 0.752779
0.000186 0.705788
0.004625 0.707467
-0.005880 0.705284
-0.016609 0.702960
-0.010762 0.705139
0.007007 0.708879
-0.006354 0.708245
0.016083 0.707226
0.040461 0.722065
0.019626 0.722196
0.000862 0.697463
0.000918 0.699056
0.002686 0.704241
0.007220 0.698775
0.015573 0.704128
0.035743 0.697391
0.008584 0.694261
0.024415 0.705775
0.037155 0.706501
0.027857 0.712526
-0.045417 0.715431
-0.055014 0.709168
-0.043895 0.714532
-0.044419 0.708565
-0.031510 0.713887
-0.042966 0.711518
-0.054747 0.720847
-0.060237 0.704914
-0.089248 0.679221
-0.202455 0.745416
-0.037976 -0.026165 0.002274 -0.000680 0.003694 -0.005708 0.000298 -0.001294 
0.232361 -0.004867 -0.005514 0.002245 0.004535 -0.008149 -0.000966 -0.001499 
-0.049009 -0.009030 0.003516 -0.001944 0.005983 -0.007436 0.010491 -0.011078 
0.160599 -0.013603 -0.001634 -0.008155 0.013335 -0.001775 0.009918 0.008964 
-0.015521 0.000296 0.005938 -0.006136 -0.000071 0.003631 -0.006520 -0.000666 
0.050043 -0.008084 0.006818 -0.001901 -0.006590 0.007339 0.004444 -0.004270 
-0.000950 0.003256 0.000481 -0.008847 0.009298 -0.002684 0.001553 -0.008394 
-0.026166 -0.007990 0.002100 0.009651 -0.002203 -0.009667 0.000096 -0.000958 
0.028375 -0.008166 -0.004462 -0.003219 0.001242 -0.002256 -0.005157 0.000984 
-0.096231 -0.018091 0.004501 0.000666 0.003779 0.009045 0.008731 0.008988 
0.047113 -0.009828 -0.003008 -0.009019 -0.002494 0.003702 -0.008358 0.002607 
-0.162286 -0.009825 -0.000484 -0.002146 0.005547 0.007428 0.002120 0.003859 
0.052149 -0.028648 -0.008893 -0.008347 -0.000463 -0.007241 0.002838 0.000309 
-0.211183 -0.022624 -0.003822 -0.003082 -0.008038 0.007276 -0.001830 -0.015036 
0.066039 -0.034539 -0.014585 -0.013275 -0.008008 -0.008895 -0.000534 -0.002127 
-0.235652 -0.038460 -0.002867 -0.002995 0.012009 -0.004212 -0.001555 -0.002096 
0.035830 -0.050957 -0.006621 -0.009834 0.008360 -0.006992 -0.011921 0.005869 
-0.248092 -0.010669 0.003965 0.007300 -0.003563 -0.006976 0.004476 0.007170 
-0.065888 -0.059156 0.014621 0.001700 -0.011393 0.011086 -0.005036 0.004896 
-0.264260 0.034327 0.008519 -0.009627 -0.000654 0.002146 -0.000823 -0.002564 
-0.005876 -0.003408 0.003238 -0.001850 -0.008910 -0.000859 0.002359 0.004657 
-0.031630 -0.003960 0.004754 -0.009699 -0.003081 -0.000242 -0.001993 -0.001245 
-0.001792 -0.012192 0.003065 -0.007715 -0.001950 -0.002118 0.003200 -0.001374 
-0.011918 -0.001310 -0.008688 0.002285 0.005226 -0.001355 0.000352 0.004161 
0.000757 -0.004126 -0.005436 0.004772 -0.005219 0.006614 0.000193 -0.001571 
0.002745 -0.006802 -0.001017 -0.001509 -0.001121 0.006199 -0.002714 0.001065 
0.004325 0.000894 0.000775 0.011609 -0.007076 -0.001757 0.009037 0.006123 
0.005987 -0.014986 0.012972 0.005689 -0.005350 -0.004174 -0.007743 -0.005201 
0.005852 -0.005827 0.000761 0.001821 -0.007675 0.000577 -0.001996 0.000584 
0.001484 -0.004664 0.001896 0.002157 0.001376 0.006585 0.004669 0.008710 
0.003111 -0.004065 -0.015758 0.006049 0.003863 0.000499 -0.003703 -0.005761 
0.009670 -0.003541 -0.006509 0.000821 0.000637 -0.002212 -0.009147 0.000364 
0.002937 0.000264 0.008283 0.007337 0.002808 -0.000086 0.002862 -0.001156 
-0.001212 0.001701 0.000722 -0.003980 0.011539 0.008131 0.003730 -0.002571 
-0.005232 0.003983 -0.005431 0.009045 -0.000743 0.015651 -0.005286 -0.011524 
0.020472 -0.002809 -0.003977 -0.001008 0.007756 -0.003870 0.001255 -0.012169 
-0.003317 0.003247 -0.015397 0.004131 -0.006234 -0.000762 -0.009387 -0.005481 
0.009434 0.002539 -0.002333 -0.002868 -0.000639 -0.001573 -0.003016 -0.004935 
-0.015255 -0.022130 0.001859 0.000812 -0.002839 0.019679 -0.002965 -0.002362 
-0.001388 -0.008765 -0.010096 0.011720 -0.009525 0.006509 0.006114 0.015355 
-0.035829 -0.030943 0.001129 0.001466 0.005833 -0.008840 0.000436 -0.000664 
0.236144 -0.005200 -0.004108 -0.002760 0.006668 -0.008496 -0.002723 0.005003 
-0.050162 -0.008961 0.000024 -0.001848 0.004100 -0.005303 0.008327 -0.001514 
0.162241 -0.013503 -0.002338 -0.012706 0.016872 -0.004826 0.007106 0.004719 
-0.015276 0.000988 0.005339 -0.007120 0.000530 0.004546 -0.001945 0.002042 
0.050557 -0.009613 0.003521 0.001967 -0.007268 0.007252 0.002897 -0.001375 
-0.000310 0.002185 -0.000911 -0.009379 0.007278 -0.003070 0.004394 -0.001215 
-0.024618 -0.010769 0.000135 0.005223 -0.005114 -0.005558 -0.000078 0.001340 
0.028372 -0.011460 -0.003495 -0.004744 0.001290 0.000459 0.002528 -0.001251 
-0.097316 -0.015192 0.005599 0.008309 0.004867 0.009652 0.006661 0.005029 
0.046756 -0.010856 -0.005457 -0.007917 0.000200 0.005532 -0.002652 0.007393 
-0.163340 -0.011262 -0.002789 0.002846 0.009220 0.004694 0.001404 0.003097 
0.053852 -0.027856 -0.005960 -0.006710 -0.003991 -0.009459 0.000380 -0.010260 
-0.212969 -0.023724 -0.005569 -0.006070 -0.009458 0.003528 0.002672 -0.006914 
0.065145 -0.036346 -0.016640 -0.015299 -0.008397 -0.006317 -0.000016 -0.003540 
-0.236620 -0.037163 0.000155 -0.001100 0.004687 -0.005480 -0.004841 0.005517 
0.039438 -0.050551 -0.004107 -0.007840 0.006079 -0.000746 -0.011385 -0.006287 
-0.249108 -0.010009 0.004201 0.008236 -0.003250 -0.000252 0.003179 0.001965 
-0.061064 -0.064095 0.016596 0.001129 -0.012283 0.009190 -0.001934 0.003599 
-0.272371 0.034969 0.008573 -0.011026 -0.001984 0.007107 -0.000583 -0.004154 
-0.011722 -0.044202 0.005159 -0.000516 0.002784 -0.003364 0.000760 0.008310 
-0.248874 0.006145 0.005744 0.001330 -0.004573 -0.006656 0.001439 0.012420 
-0.014727 -0.027226 -0.005923 -0.008493 0.001978 -0.005765 0.010057 -0.004431 
-0.174288 -0.003955 0.015168 0.000455 0.001928 0.008680 -0.004949 -0.003460 
-0.004368 -0.004317 -0.001209 -0.004680 -0.007836 -0.008672 0.009746 -0.001828 
-0.087142 -0.000600 0.000460 0.002908 -0.001347 0.006583 -0.009221 -0.002046 
-0.005094 -0.009823 -0.000947 -0.006115 0.004817 -0.003559 0.003286 0.003268 
0.002090 0.007769 0.005656 0.000573 0.002483 0.017019 0.007767 0.004609 
0.007333 0.000417 -0.007056 0.007462 -0.001110 0.004401 0.010964 0.001685 
0.068458 0.006579 -0.000738 -0.001327 0.012573 -0.000075 0.016303 0.006386 
0.008793 -0.009867 -0.006167 0.000329 -0.007522 -0.007368 0.000278 0.000335 
0.121956 -0.008652 0.001192 0.000347 0.005796 -0.002974 -0.011356 -0.008987 
0.002343 -0.017056 0.000646 0.012295 0.003851 -0.009895 0.006107 -0.003714 
0.154339 0.007351 0.000667 -0.001150 0.002930 0.004261 -0.000730 -0.002686 
0.010564 -0.012834 0.004413 0.017312 -0.000317 0.007120 0.011842 0.007376 
0.187727 -0.009663 -0.007178 0.012747 0.011436 0.002560 -0.010205 -0.014115 
0.000742 -0.001243 0.004912 0.003424 -0.001970 -0.007054 0.002568 -0.004198 
0.174501 0.006092 -0.005791 0.003126 0.007694 0.006671 -0.011734 -0.020475 
0.010523 0.021474 0.008635 -0.008782 -0.014989 -0.005118 0.014235 0.003324 
0.210688 -0.007190 0.005406 0.018612 0.017023 0.008184 -0.017189 -0.018577 
0.008854 0.008967 -0.003798 -0.007612 -0.003047 0.001440 0.010421 -0.007288 
0.009141 0.005694 0.007530 0.010583 0.007715 0.007826 -0.006400 -0.003656 
-0.008527 0.004418 -0.002429 0.003546 0.006715 0.000710 -0.005383 -0.000504 
0.006005 -0.002961 -0.000118 -0.000016 0.001382 -0.001085 -0.002468 0.002376 
-0.001057 0.001350 -0.003056 0.002625 0.005025 -0.007445 -0.004568 0.005510 
0.014061 0.011683 -0.000213 -0.006410 0.002259 0.001434 0.000077 0.005679 
-0.002124 0.014532 -0.002237 0.012667 0.007457 -0.011349 0.001535 0.009493 
0.023099 0.002155 0.005356 -0.000133 -0.004632 0.001130 0.007577 0.008908 
-0.014753 0.004879 -0.003581 0.001190 0.007406 0.000203 -0.000891 0.003989 
0.040536 0.005140 -0.001935 0.003479 0.002191 -0.000485 -0.000806 0.005583 
-0.007716 -0.002517 -0.008238 0.005932 -0.001497 -0.002420 -0.006520 0.001767 
0.025804 -0.008996 0.010646 0.004869 0.010916 0.000606 0.006409 0.007761 
-0.014219 -0.000663 -0.007055 -0.005533 -0.002921 -0.001039 -0.001072 0.008970 
0.043018 -0.006352 -0.001897 0.000689 0.000814 0.000366 -0.000257 -0.000271 
-0.015266 0.009055 0.008648 -0.001287 0.000099 -0.005362 0.008500 0.006213 
0.044440 -0.005788 -0.008307 0.005497 0.005018 0.001896 -0.001884 0.001557 
-0.016850 0.005622 0.003543 0.004372 -0.000733 -0.000949 0.001969 0.000851 
0.023843 -0.001583 0.002846 0.010225 -0.006294 0.007553 0.005232 -0.006427 
-0.009356 -0.017238 -0.001846 0.038491 -0.011745 -0.030692 0.002588 0.017419 
0.021583 -0.028014 0.043196 -0.000338 -0.020767 -0.002606 0.009327 0.006659 
0.028672 0.010145 0.000318 -0.012037 -0.001521 -0.007411 -0.002939 0.002486 
0.059908 0.003041 0.004243 0.013764 -0.003289 0.010635 -0.001037 0.002978 
0.015655 0.001790 -0.004371 0.000365 -0.004390 -0.001884 -0.005933 -0.005354 
0.016638 0.004672 -0.003999 -0.003505 -0.004295 -0.021171 0.000875 0.004124 
0.011630 -0.004795 0.008616 0.000822 0.006332 0.001377 0.006878 0.006793 
0.019700 0.014393 -0.001298 0.005053 0.002045 0.007316 -0.005079 -0.005105 
-0.006464 0.000761 -0.006011 0.004027 -0.003612 0.004336 -0.007098 -0.004714 
0.010262 -0.002935 0.004004 -0.002526 0.000720 0.007312 -0.004392 -0.000502 
-0.011774 0.012989 0.000624 -0.000962 0.000582 -0.000133 -0.003360 -0.008086 
-0.007313 -0.000943 -0.002408 0.007124 -0.003365 -0.006114 0.004356 0.003019 
-0.007935 -0.000800 -0.003244 -0.001363 -0.004098 -0.007995 0.007626 -0.005780 
-0.012495 -0.001651 -0.004619 0.004542 0.001553 -0.004165 0.010553 -0.000503 
-0.013529 -0.002459 -0.012736 -0.011437 -0.001927 -0.000161 -0.009320 0.005907 
-0.009560 -0.008767 0.015290 -0.004796 -0.000668 -0.006438 -0.011820 -0.002693 
-0.019570 -0.005967 -0.005784 0.000978 0.008096 -0.002931 -0.007353 -0.003635 
-0.048235 0.000122 0.004788 0.001733 -0.003281 -0.000153 -0.003504 -0.002847 
-0.033125 -0.005913 -0.005591 -0.004934 0.004323 -0.006824 0.003883 -0.006495 
-0.066313 0.001434 0.007880 0.004145 -0.002232 -0.009768 0.000153 0.002668 
0.010140 -0.047153 -0.046648 0.035695 0.031343 0.001790 -0.003289 0.011957 
-0.138654 -0.047503 0.039383 0.036861 -0.027669 -0.014958 0.001481 -0.003711 
-0.005684 0.009832 0.001389 -0.009838 0.007464 0.012264 0.005723 0.001764 
0.031811 0.007385 0.018570 0.006130 0.004942 0.015342 -0.001228 -0.002611 
0.002356 0.011653 -0.008570 -0.013078 -0.009870 0.000732 0.003864 -0.000071 
0.016057 0.003229 -0.010288 -0.003993 0.003115 0.004694 -0.007124 0.005437 
-0.000580 0.003283 -0.000112 0.009224 0.000059 -0.005516 0.005569 -0.004784 
0.006874 0.003650 -0.001834 0.002614 0.003702 -0.005173 0.006718 0.004330 
0.001870 -0.005700 0.002996 0.005236 -0.003363 0.001877 -0.001499 0.006923 
0.007626 -0.000127 -0.003169 0.002003 -0.009076 0.000106 0.002005 -0.000327 
0.004798 -0.007515 -0.003215 -0.010756 -0.001433 -0.011112 -0.004207 0.000020 
-0.009233 0.005589 0.002846 -0.006607 -0.003532 0.008075 -0.005024 -0.000510 
-0.000221 0.005038 -0.009922 0.005260 0.005972 -0.006272 -0.006787 0.010436 
-0.017258 0.005383 -0.001725 0.007308 0.006200 0.002373 0.000229 0.006279 
-0.005770 -0.006158 -0.006473 0.000433 0.005354 -0.007581 -0.008709 0.001586 
-0.024582 -0.003007 -0.009772 0.003506 0.000172 0.006883 0.009089 0.001667 
0.001281 -0.002089 -0.008640 -0.000959 -0.006312 -0.001039 0.002913 -0.002062 
-0.035516 0.002914 0.010161 -0.005648 -0.004833 0.003021 0.003135 0.008248 
0.005010 -0.013445 -0.003194 0.007061 0.005517 0.004007 -0.009448 0.004980 
-0.043940 -0.017641 0.005611 0.010630 -0.006530 -0.001569 -0.007214 -0.009557 
0.040812 -0.067967 -0.057290 0.012212 0.031752 0.006958 -0.009010 0.012987 
-0.126739 -0.051573 0.035451 0.052453 -0.009942 -0.016589 0.011995 -0.000037 
-0.004763 0.012273 -0.004214 0.002407 -0.001211 0.011511 -0.007494 -0.000674 
-0.012493 -0.005526 -0.010953 0.010248 0.004365 -0.000383 -0.000452 0.010277 
-0.002226 -0.000013 0.001873 0.000929 0.005547 0.002526 0.005414 0.009185 
-0.020618 0.003309 -0.003677 0.009770 0.002575 -0.007875 0.001973 0.006631 
-0.014276 0.004233 0.001196 -0.006275 -0.003848 -0.002637 -0.006657 0.004367 
-0.001302 -0.003181 -0.002979 -0.000768 0.001370 -0.003128 0.012169 -0.001911 
-0.003374 0.005040 0.005193 -0.001626 0.001871 -0.004200 0.004425 0.003246 
0.005715 -0.003010 0.000999 -0.000093 -0.007783 -0.005241 0.001464 -0.009218 
0.000097 0.003064 -0.000767 -0.000745 -0.007073 -0.007080 0.004599 -0.006725 
0.011831 0.002523 0.013215 -0.004155 -0.007621 -0.000826 -0.003451 -0.001511 
0.002174 -0.004141 0.003219 0.005921 -0.004831 0.002294 0.001609 0.001248 
0.023805 -0.004753 0.010990 -0.008903 0.001558 -0.004200 -0.000443 -0.006972 
0.010512 0.001343 0.011454 0.010270 -0.004302 -0.000610 0.003743 0.002498 
0.018795 -0.003706 0.003351 0.002352 0.000321 -0.007178 0.004156 0.001243 
0.003428 -0.006020 -0.005677 0.006277 -0.005009 0.006844 0.001725 -0.013558 
0.025044 -0.005870 0.008799 -0.002590 -0.004626 -0.000528 -0.000709 0.001795 
0.006274 -0.015562 -0.006390 -0.000600 0.007463 0.000781 -0.009027 -0.001535 
0.015128 0.002203 0.010202 0.000907 -0.003046 0.009364 0.010041 0.004567 
0.021053 -0.075606 -0.039530 0.028920 0.018456 -0.013228 -0.018665 0.006180 
-0.097518 -0.018507 0.050402 0.018576 -0.013396 -0.011553 0.013273 0.005817 
0.006713 0.023277 0.005380 0.003356 -0.003101 -0.004835 -0.001484 -0.005522 
-0.030854 0.001643 0.006558 -0.006171 -0.010505 -0.001685 -0.001437 0.001092 
0.003362 -0.000687 0.000730 0.002540 0.006644 0.005776 -0.003545 -0.003377 
-0.046278 0.011226 -0.004586 -0.005104 -0.000368 -0.003177 0.000289 -0.007789 
-0.002098 0.005221 0.002185 0.003117 -0.004976 -0.000516 0.006237 0.005916 
-0.003445 0.005835 -0.005679 0.002390 -0.006799 0.001071 0.002201 0.000560 
-0.011780 -0.006925 0.002583 0.004946 0.000273 -0.008660 -0.001644 -0.008620 
0.026017 -0.008394 -0.005338 0.002668 -0.007927 0.008551 0.007221 -0.006173 
-0.008367 0.004355 -0.003695 -0.005119 0.004580 -0.008705 -0.001840 0.007088 
0.044219 0.006510 -0.002631 -0.001168 -0.001823 0.003305 -0.003658 -0.007634 
-0.000722 -0.004665 0.001572 -0.005112 -0.009918 0.002551 -0.006593 -0.000750 
0.062822 0.004292 0.010341 -0.004891 0.001693 -0.008261 -0.001521 0.003031 
-0.011098 -0.005009 0.003808 0.003870 -0.004782 0.000877 -0.003356 -0.000775 
0.085948 -0.008718 -0.007825 -0.005651 -0.000581 -0.007027 -0.000005 0.003097 
-0.015572 -0.011917 -0.001810 0.009057 -0.003050 -0.006981 0.002910 0.008824 
0.083241 -0.005732 0.015017 0.007148 0.011132 0.000848 -0.002390 -0.003178 
-0.020785 -0.010503 0.000114 -0.001487 -0.003079 -0.008625 0.002509 0.000535 
0.046819 -0.006642 0.005851 0.005222 -0.006004 0.005333 0.008626 -0.005090 
0.029152 -0.057072 -0.036551 0.010230 0.020004 0.000882 0.005448 0.006344 
-0.030037 -0.054876 0.027886 0.036198 -0.009325 -0.018549 0.003047 -0.002720 
0.008544 0.006082 0.002090 -0.011464 0.002226 0.004116 0.006677 -0.008368 
0.031942 0.000853 -0.008126 -0.002330 0.003153 -0.005350 -0.009469 0.005234 
0.000009 0.006615 0.006002 0.000367 -0.006463 0.007329 0.009336 -0.007979 
0.010545 0.000576 -0.006128 0.001239 -0.003702 0.006654 -0.014363 0.004531 
-0.003244 -0.005101 -0.000406 0.010330 -0.002869 0.007874 -0.006899 0.001622 
0.007860 0.004787 -0.007690 0.003767 -0.004913 -0.002667 0.001205 -0.009380 
-0.004699 -0.012432 0.006738 -0.001086 -0.001053 -0.005947 -0.007688 -0.005781 
0.008100 0.000672 0.007957 -0.008294 -0.004280 0.008073 0.005844 -0.010087 
0.002667 -0.000171 -0.000461 0.003103 0.000763 -0.002131 0.004940 -0.003083 
0.006204 -0.009676 0.001221 0.006423 -0.010173 -0.000531 -0.004151 -0.006783 
-0.002700 -0.009195 0.001403 0.004615 0.002415 0.004284 -0.010243 0.011982 
0.001579 -0.000050 -0.003292 -0.005582 -0.003428 0.012475 0.006352 -0.004200 
-0.005683 -0.006427 -0.007830 -0.002543 0.007158 -0.006515 -0.004762 -0.006069 
0.015931 0.001320 0.008144 -0.004657 0.004753 0.006936 0.011308 -0.015571 
0.001978 -0.007032 -0.011441 0.002400 0.018830 0.001730 -0.004546 -0.005436 
-0.033615 -0.001446 0.006714 0.005690 -0.013256 0.005198 0.007680 -0.001273 
0.000239 -0.019300 -0.019180 0.019355 0.005172 -0.007452 -0.010936 0.002115 
-0.043320 0.002963 0.035106 0.017956 -0.006615 0.000976 0.014933 0.003250 
0.036025 -0.068319 -0.053571 0.051129 0.023339 -0.010997 -0.012345 0.029188 
-0.102332 -0.038532 0.054988 0.039045 -0.028251 -0.008274 0.039304 -0.015582 
0.009589 0.009058 0.011310 -0.004776 -0.003564 -0.000854 -0.008452 -0.002955 
0.035026 -0.004286 -0.007973 0.001365 0.000877 -0.003168 -0.000517 -0.002835 
0.011350 0.006682 -0.006080 -0.004311 -0.010911 0.005584 0.007199 -0.009729 
0.006294 0.004631 0.000257 -0.005493 -0.004283 -0.004647 -0.004769 -0.004087 
-0.003111 -0.005165 0.001899 -0.005295 -0.002833 0.006342 -0.002733 0.004006 
0.001552 -0.004688 0.002968 0.002167 -0.000788 -0.005000 0.006557 -0.003088 
0.006146 -0.002104 -0.002087 -0.002233 0.005021 0.007004 0.001569 0.008847 
0.004773 -0.006738 0.005929 0.000480 0.003499 0.000057 0.006698 -0.001006 
-0.008766 0.004332 -0.006436 0.000669 0.011295 0.004052 0.000156 0.004330 
-0.005566 0.001171 0.011270 0.016268 -0.002962 0.005197 -0.005368 0.002538 
-0.005219 -0.002056 -0.007014 0.003922 0.005027 -0.000386 0.005168 0.000967 
-0.006686 0.005956 0.000399 -0.014218 -0.005510 -0.003596 -0.000539 0.002057 
-0.004790 0.000865 0.001364 -0.001829 -0.000037 -0.000830 -0.000137 -0.008627 
-0.007014 -0.010092 0.015881 0.012915 -0.005073 -0.001627 0.005514 -0.001519 
-0.008912 -0.020535 -0.007476 0.010571 0.013752 0.006952 0.003592 -0.005776 
-0.029660 0.007452 0.002425 0.011440 -0.009973 0.006320 0.003025 -0.012083 
-0.001905 -0.033675 -0.019998 0.022008 -0.001683 -0.013341 0.004082 0.004914 
-0.068414 -0.007485 0.031567 0.001113 -0.002617 0.011280 0.017577 -0.012637 
-0.009486 -0.083727 -0.049837 0.065124 0.011770 -0.016190 0.010458 0.014521 
-0.150620 -0.025659 0.082453 0.045327 -0.051079 -0.004996 0.026757 -0.016259 
0.013518 0.008500 0.005445 0.008475 0.011289 -0.003902 -0.001750 -0.001105 
0.031811 0.008292 0.017183 0.004858 -0.008997 0.006042 -0.004568 0.010886 
0.015044 0.009197 -0.002335 -0.002698 -0.002319 -0.001845 -0.003569 0.010838 
0.007304 -0.000441 0.005460 -0.015070 -0.001207 -0.003884 -0.002334 0.003347 
0.007441 -0.001285 0.001012 -0.000641 0.000402 0.000909 0.000618 -0.005668 
0.014160 0.001031 0.004708 -0.006998 0.001516 -0.004784 0.001960 -0.000654 
-0.008151 -0.009131 0.008740 0.003315 -0.009253 0.007444 -0.005303 0.007969 
-0.002903 -0.008556 0.001407 -0.007210 0.005553 -0.000591 0.001088 -0.005393 
-0.015070 -0.001699 -0.007711 -0.000580 -0.005365 0.006233 -0.001282 -0.008244 
-0.008053 0.008116 -0.002467 -0.005353 -0.002590 -0.000188 0.006044 -0.005520 
0.001252 0.003906 0.003078 0.003803 0.010591 0.006829 0.014839 -0.005753 
-0.012746 -0.002391 0.002710 -0.006850 0.005144 -0.003651 -0.008424 -0.002585 
-0.019607 0.000232 0.003038 0.004627 0.003780 -0.000329 -0.001352 0.008700 
-0.012429 -0.009422 0.001857 0.009495 0.005519 0.000721 -0.004430 0.010376 
-0.020063 0.001484 -0.007337 0.001814 0.003751 0.000467 -0.004392 -0.002966 
-0.032951 -0.005401 0.012122 0.004852 0.003221 0.008359 0.005307 -0.009420 
0.001753 0.004076 -0.027750 0.003248 0.008850 0.010251 -0.007427 -0.009418 
-0.051605 -0.012370 0.017551 0.016619 -0.004414 0.004798 -0.006534 0.001204 
0.028706 -0.056914 -0.057334 0.027425 0.029786 -0.014122 -0.015264 0.009820 
-0.120843 -0.064729 0.037848 0.049875 -0.018707 -0.023477 -0.013124 -0.001044 
0.008603 0.004744 0.002388 -0.003090 -0.004201 0.007783 -0.004979 0.008892 
0.036992 0.000926 -0.001542 -0.009381 0.000684 -0.003023 -0.011931 0.005351 
0.015660 0.003570 -0.008173 0.001383 -0.007273 -0.004085 -0.006514 0.009773 
0.012329 0.001264 0.005264 -0.000160 -0.001212 0.003133 0.000945 -0.002978 
0.007000 0.007463 -0.006595 -0.003243 0.001547 -0.007231 -0.003160 -0.003150 
0.015179 0.006680 0.007939 0.000254 0.000885 -0.004191 0.003834 -0.009306 
-0.001077 0.001662 0.009432 0.000045 -0.006852 0.007662 0.002849 0.003325 
0.006941 -0.007428 -0.007173 -0.004714 0.006379 -0.001396 -0.004826 0.007272 
-0.009254 -0.000619 -0.014421 0.004239 0.000354 -0.007793 0.006462 -0.010568 
0.003757 -0.005657 0.001116 -0.005650 0.001602 -0.005285 0.000819 -0.003860 
-0.005365 -0.005213 -0.010067 0.009776 0.006087 -0.008714 -0.001836 -0.005724 
-0.011133 -0.000927 0.001491 0.004487 0.001838 -0.002718 -0.003732 -0.002579 
0.006457 0.006224 -0.000154 -0.001157 0.012289 0.008107 0.005716 -0.003130 
-0.010403 -0.007091 0.004720 -0.000327 -0.001345 -0.002999 0.002641 -0.012846 
-0.001863 0.004813 -0.016444 0.005879 0.011036 0.002037 -0.003253 -0.002010 
-0.021208 0.003143 0.005169 0.001828 -0.003105 0.003549 0.005927 -0.002820 
-0.014714 -0.023798 -0.009162 0.011365 0.009534 0.013101 0.001799 0.004335 
-0.032616 -0.011117 0.025240 0.016729 -0.003367 -0.009616 0.015857 -0.024501 
0.015642 -0.048766 -0.058263 0.010576 0.041100 0.002672 0.003370 -0.011845 
-0.144620 -0.060401 0.057792 0.050939 -0.019347 -0.005301 -0.013393 -0.004219 
0.008230 0.011864 -0.001650 0.003945 0.005624 0.006072 0.003506 -0.000083 
0.032850 -0.000647 0.000632 -0.004569 -0.007393 -0.006971 0.014488 -0.009295 
0.006409 0.012568 0.006077 -0.004835 -0.004777 0.001407 0.004336 -0.002296 
0.002169 -0.011890 -0.002779 -0.004200 -0.010928 -0.008615 0.005741 -0.000726 
0.006469 -0.009933 0.002612 -0.000694 -0.005617 -0.001063 -0.006820 0.004119 
0.009457 0.015413 0.009930 -0.006436 0.004436 -0.002259 -0.001075 -0.004774 
-0.004713 0.013315 -0.005258 0.004302 -0.006572 0.000642 0.000334 -0.000756 
0.011825 -0.007146 0.000106 -0.002580 -0.005443 0.009317 -0.005947 0.005034 
-0.008503 0.001652 -0.004853 0.000711 0.009189 -0.001378 0.002354 -0.001673 
0.001158 -0.000984 0.003787 -0.007119 0.004860 0.007941 0.002633 -0.000065 
-0.001118 -0.003004 -0.000442 -0.007648 0.004907 -0.016477 0.007120 0.003040 
-0.003880 0.000409 0.000673 0.008617 0.004523 -0.001407 -0.004839 0.002617 
-0.007392 -0.004656 -0.001866 0.004321 0.004706 0.009580 0.001424 0.008239 
-0.015547 -0.007592 -0.006917 0.001430 -0.000738 -0.011293 0.006915 -0.005682 
-0.001631 0.000725 -0.002671 -0.000728 -0.001988 -0.005537 0.001986 0.004100 
-0.014194 0.000927 0.006209 0.013922 0.011601 -0.007875 0.005269 0.006305 
0.004519 -0.023587 -0.019533 -0.002801 0.022811 0.007616 -0.006299 0.001390 
-0.052533 -0.018904 0.014137 0.009638 -0.001011 -0.009097 0.000498 0.002133 
0.047667 -0.035253 -0.066323 -0.003949 0.025320 -0.018093 -0.027431 0.006504 
-0.110050 -0.055095 0.038499 0.051891 -0.019434 -0.027340 -0.009876 0.006244 
-0.008337 0.004796 -0.012194 0.002408 0.001837 -0.005355 0.006831 -0.000146 
0.032283 -0.010389 0.006167 -0.001520 -0.000582 -0.005613 -0.005720 -0.007626 
0.005812 0.005867 -0.002840 0.007365 0.002471 -0.002248 -0.002231 0.005012 
0.018304 0.001678 -0.003327 0.002101 0.004180 -0.000099 -0.014623 -0.002197 
-0.004742 0.000909 -0.000020 -0.001367 -0.003192 -0.001828 -0.005231 0.001035 
0.010178 0.008038 0.007590 0.009875 0.003567 -0.000090 -0.014293 0.000806 
0.001498 -0.011294 -0.005709 -0.000251 0.006335 -0.003132 -0.005438 0.007279 
0.002491 0.001778 -0.005872 -0.001390 -0.004939 -0.004128 -0.000589 0.001027 
-0.003215 0.003645 -0.000364 -0.000055 -0.004545 -0.003457 -0.004442 -0.000606 
-0.004857 -0.001588 0.007282 0.009781 0.000651 0.002206 -0.005165 -0.002050 
-0.008453 -0.007157 -0.003279 -0.003309 0.012897 0.005298 -0.000996 0.008380 
-0.011960 -0.001341 0.006101 0.001061 0.009576 -0.005753 0.008497 -0.004052 
0.004340 0.005278 -0.013686 -0.000447 -0.002155 -0.002538 0.011622 0.008144 
-0.012965 -0.002088 0.013864 0.003665 -0.001566 -0.007863 -0.006070 -0.007662 
0.011246 -0.004589 -0.004879 0.006545 0.006342 -0.001572 -0.005584 0.017123 
-0.025659 0.007441 0.004342 -0.003690 0.003998 0.000848 -0.000359 0.000172 
0.004479 -0.028453 -0.033719 -0.013329 0.021797 -0.005079 -0.014777 0.003485 
-0.045601 -0.016386 0.007737 -0.002587 0.004812 -0.002968 0.002992 -0.005842 
0.022316 -0.042921 -0.051155 -0.008709 0.024914 0.002887 -0.012956 0.008233 
-0.116573 -0.038274 0.040634 0.031072 -0.001783 -0.007060 -0.016042 -0.004926 
-0.009442 0.007918 -0.004034 -0.004970 -0.014766 0.005766 -0.005762 -0.004811 
0.022296 0.011386 -0.005456 0.009537 -0.006522 -0.002753 0.002922 -0.009184 
-0.005051 0.004758 0.008241 0.000437 0.000176 -0.000338 0.000604 -0.000327 
0.009377 0.003852 0.011378 0.013531 0.003923 -0.006827 -0.000611 0.005198 
0.003819 -0.006794 0.004964 -0.005425 0.002028 0.002764 -0.004720 -0.007675 
0.003965 -0.000325 0.006078 -0.004317 0.005692 0.007127 0.002502 -0.007731 
-0.007042 0.000332 -0.004639 0.004430 0.003860 0.011024 0.002413 -0.001284 
0.009648 -0.001331 0.003714 -0.000334 -0.002463 0.001804 0.002222 -0.008544 
-0.000906 0.011733 -0.004196 0.007498 0.001655 0.001946 -0.004931 -0.000589 
-0.004175 0.004893 0.001441 0.003163 0.007420 -0.000717 0.002485 0.003789 
-0.002729 0.009448 0.002432 0.005131 0.015248 0.004354 -0.004049 0.003816 
-0.008980 -0.003851 0.002622 -0.010121 -0.007558 0.006895 -0.008535 -0.008768 
-0.006325 0.001046 0.001412 0.009535 0.010088 0.012548 0.004567 0.007615 
-0.012656 -0.004125 -0.008607 0.001139 -0.003586 0.002757 -0.004796 -0.002156 
-0.000647 -0.008555 -0.009521 0.008860 0.009688 0.009290 -0.003299 0.014583 
-0.016784 -0.011466 0.005710 0.009998 0.008252 -0.007641 -0.008567 -0.000776 
0.005739 -0.020384 -0.013211 0.000551 0.016842 -0.003017 0.010552 0.013080 
-0.037247 -0.018087 0.020638 0.013254 -0.002717 0.007367 0.010408 -0.004461 
-0.011154 -0.097519 -0.063456 0.014606 0.021973 -0.011472 0.007378 0.030070 
-0.114387 -0.048572 0.069102 0.039740 -0.011811 -0.024843 0.008173 0.011982 
-0.001434 0.004497 0.007358 0.002538 0.000277 0.003279 -0.001600 -0.001907 
0.023939 0.007670 -0.002964 0.003878 0.007839 0.002385 0.001934 0.006685 
-0.006617 -0.001789 -0.001234 -0.009151 0.003698 -0.004152 0.002676 -0.004287 
0.000803 -0.002437 0.002148 0.008787 -0.001556 0.001203 0.003909 0.006018 
0.005966 -0.005169 -0.002312 -0.003015 0.000854 0.006065 0.003990 -0.001462 
0.004451 -0.003232 0.002665 0.002523 -0.007360 0.007734 -0.004704 0.004645 
0.003574 -0.003950 0.007883 -0.005610 -0.003188 -0.000649 -0.004673 0.007104 
0.003194 0.004478 -0.011601 -0.001195 -0.009901 -0.008687 -0.002640 0.002076 
-0.004060 0.008737 0.002558 0.006248 -0.007061 0.014827 -0.005090 -0.007450 
0.001644 0.006303 0.013606 0.006316 0.004827 -0.000926 -0.004384 0.009613 
-0.002401 0.005089 -0.004457 0.009906 0.003473 -0.007618 0.003812 0.006818 
-0.005844 -0.001865 -0.009937 -0.003030 0.005404 -0.001495 0.001387 0.005755 
-0.004751 -0.006350 0.000337 -0.000728 0.003431 0.008115 0.002511 -0.005740 
-0.014638 -0.003972 0.010976 -0.006607 -0.001976 -0.001752 -0.004864 0.006376 
-0.006062 -0.022878 -0.017299 0.004550 0.000125 -0.002600 0.008030 0.005048 
-0.022718 -0.005904 0.003575 -0.003206 -0.009793 -0.010805 0.005022 0.007140 
-0.009045 -0.022640 -0.009987 0.017336 0.019476 0.011034 -0.008634 0.004486 
-0.037201 -0.012023 0.013130 0.015039 -0.009168 0.002265 0.001995 0.009320 
0.017335 -0.049535 -0.063451 0.022338 0.046604 0.001354 -0.021560 0.003572 
-0.125706 -0.054852 0.032189 0.049771 -0.022303 -0.004886 0.020863 -0.014448 
-0.009837 0.005634 0.007059 0.005179 0.004314 -0.005220 0.011650 0.003570 
0.022643 0.004559 0.010337 -0.001405 0.007008 0.006166 0.006089 0.008328 
0.004271 0.002640 0.009106 -0.001745 -0.002386 -0.003969 -0.003707 0.007358 
0.001627 0.007968 -0.002905 -0.004325 0.004194 -0.004942 0.001207 -0.000964 
-0.002582 -0.003276 0.012038 0.001786 -0.000861 0.001582 -0.001928 -0.008911 
0.000559 -0.002037 -0.008005 -0.003395 0.001217 -0.001712 -0.007442 0.007543 
-0.004959 -0.003358 0.001903 -0.003473 0.004250 0.011426 0.003148 -0.000058 
0.001519 -0.003511 0.000721 -0.005034 0.004532 0.000710 -0.003819 0.000218 
0.001178 -0.000779 -0.009870 -0.002666 0.001627 -0.001337 -0.001383 -0.005510 
-0.000719 0.008445 0.002389 0.002756 0.008429 -0.002279 0.008108 -0.007939 
0.006307 -0.000516 0.004834 -0.010418 -0.000015 0.002393 0.001786 -0.006756 
-0.000645 -0.016142 -0.013117 -0.004801 -0.011568 0.005537 -0.008353 -0.004033 
-0.000398 -0.000348 -0.013762 -0.001200 0.004534 0.002340 -0.007469 -0.004790 
-0.006862 0.002243 -0.000247 -0.003290 0.000348 -0.001872 -0.005787 0.006188 
0.000915 -0.006289 -0.001194 -0.007101 0.007525 0.008294 -0.006099 0.005404 
-0.016376 -0.008529 0.003210 0.010403 -0.005354 -0.008594 -0.004167 0.004823 
0.015079 -0.019029 -0.004524 0.005083 0.018028 0.000561 0.015131 -0.006553 
-0.033914 -0.017126 0.006228 0.008849 -0.001458 0.013390 -0.004243 -0.013901 
0.072514 -0.071327 -0.050981 -0.004513 0.028329 -0.002559 -0.033288 0.010558 
-0.089454 -0.075942 0.037817 0.044884 -0.006297 -0.011004 0.000803 0.012287 
-0.010566 0.009172 -0.003915 -0.004344 0.011766 -0.007437 -0.005731 0.009746 
0.008390 -0.000761 -0.009868 0.002429 0.001625 0.000924 -0.002620 -0.007096 
0.007813 0.000981 -0.004593 -0.006558 -0.000949 0.000435 -0.000163 0.003259 
0.003977 -0.010371 -0.005772 -0.012485 0.002431 -0.002692 0.005151 -0.001989 
-0.004347 0.003852 0.005503 -0.000412 -0.002935 0.006384 -0.005886 -0.001781 
0.002152 0.001834 0.002582 -0.010013 0.005515 0.000452 -0.002046 -0.004156 
-0.000001 -0.001023 -0.000875 -0.001106 -0.001503 0.004440 0.005309 -0.010458 
0.007249 0.003597 0.001590 -0.006072 -0.000705 -0.006689 0.003267 -0.009468 
0.006950 -0.013436 -0.001864 -0.005300 -0.004389 -0.000834 0.012239 -0.000976 
0.000818 -0.003228 -0.004973 0.008469 -0.004549 0.004245 -0.010797 -0.003263 
-0.006436 -0.006445 -0.010190 -0.009604 0.007145 -0.012307 -0.008053 0.000467 
0.000170 0.002341 0.007293 0.006548 0.003796 0.007182 0.006776 0.004695 
-0.000589 0.001618 -0.006113 -0.007093 0.005377 0.003952 -0.001963 0.001260 
-0.003852 0.004585 0.004847 -0.000135 0.002818 0.009034 -0.002889 -0.013913 
0.019251 -0.015991 -0.008531 0.002942 0.023534 -0.006864 0.001381 0.020236 
-0.018223 -0.000265 0.016260 0.000097 -0.008348 -0.010098 -0.003811 -0.000083 
0.030976 -0.012185 -0.018156 -0.006367 0.016902 -0.016556 0.001953 -0.002917 
-0.035206 -0.016809 0.022755 0.002781 0.001089 -0.001995 0.007250 0.017215 
0.055547 -0.088454 -0.065332 0.024233 0.037239 -0.017839 -0.012911 0.021243 
-0.093401 -0.038615 0.064943 0.053717 -0.028804 -0.020578 0.018667 0.018629 
-0.009332 0.005348 -0.010498 -0.005891 -0.000393 0.009767 0.006772 0.000523 
0.002605 0.000753 -0.000998 -0.004058 0.004970 0.002478 0.004559 -0.007122 
-0.000084 0.005866 0.008581 0.003263 0.011953 0.000763 0.009461 -0.003243 
0.002831 0.000010 0.010447 0.001967 -0.005255 -0.009475 0.002804 -0.006771 
-0.010679 0.000656 0.002845 -0.006025 -0.003628 0.004937 0.002340 -0.002400 
0.003642 0.005157 0.007493 0.003747 0.007468 0.001320 0.004622 0.016231 
-0.001315 -0.008404 -0.011169 -0.007192 0.000744 -0.003188 -0.009815 0.000956 
0.005576 0.002050 0.000963 -0.000704 -0.003555 -0.006735 -0.003253 0.007050 
-0.007994 -0.000844 -0.000503 -0.005320 0.001317 -0.009297 0.005786 0.000392 
-0.001982 0.000900 -0.004711 0.009448 -0.001821 0.003504 0.000179 -0.006167 
0.003464 -0.002090 0.008371 -0.013003 0.000986 0.003383 -0.009603 0.008350 
-0.002355 -0.003301 -0.009386 0.000774 -0.006371 -0.005117 -0.000281 0.001119 
0.008850 -0.006248 0.012247 -0.010434 -0.001008 -0.007338 0.003872 0.002704 
0.000937 0.000518 0.006350 -0.005571 -0.005337 -0.009571 -0.001147 -0.013096 
-0.001376 -0.015915 0.000467 -0.002229 -0.005463 0.001435 0.005196 -0.007572 
-0.001426 -0.005818 0.011793 -0.002436 -0.002271 -0.001070 -0.000321 -0.004632 
0.017240 -0.014305 0.000719 -0.001616 0.003986 -0.009522 -0.010272 0.002093 
-0.011428 -0.022178 -0.002756 0.007124 -0.016419 0.008275 0.001687 0.008750 
0.024356 -0.061081 -0.057998 0.037722 0.017691 -0.010081 -0.019269 0.002074 
-0.097866 -0.032693 0.035267 0.046148 -0.040029 -0.022927 0.028305 0.014865 
-0.011366 -0.003544 0.009650 0.005535 0.006135 0.011416 0.003392 0.009404 
-0.000620 -0.001951 0.002049 0.006981 0.006402 -0.008967 0.010879 -0.007347 
-0.005545 -0.004708 0.014472 0.007006 -0.000603 -0.001057 0.004461 0.006092 
-0.012517 0.006994 -0.004887 -0.007974 0.000930 -0.004080 -0.002356 0.000797 
-0.018471 -0.002649 -0.002207 -0.007754 0.002054 -0.001420 0.006011 -0.000720 
-0.007950 0.007677 -0.009491 -0.004286 -0.003757 -0.006516 -0.006154 -0.002275 
-0.005625 0.000957 0.012359 0.005705 0.007549 0.009707 0.003439 0.003825 
-0.006904 -0.002753 0.009177 -0.003849 0.007848 -0.001209 0.003277 -0.006035 
-0.002852 0.000621 -0.002055 -0.011816 -0.002457 0.006179 -0.006560 -0.001637 
0.003780 -0.006521 0.006181 0.002558 0.009797 -0.004273 0.001466 -0.001631 
0.001642 -0.007490 -0.004405 0.002366 -0.010171 -0.003724 0.005058 -0.004531 
0.020979 -0.008706 -0.002207 0.005228 -0.005972 0.001134 0.012060 0.002506 
0.011429 -0.006993 0.000598 -0.003982 0.008106 -0.009427 0.003783 0.004208 
-0.003470 0.002402 -0.007124 -0.002575 0.003175 0.008653 -0.002215 -0.006762 
-0.001991 0.000476 -0.012306 0.006169 0.007311 -0.012939 -0.013894 -0.013618 
0.008549 -0.005170 0.013546 0.000852 -0.017307 0.010289 0.004107 0.008414 
0.007699 -0.004115 -0.023424 0.006964 0.009297 -0.002196 -0.022277 0.012105 
0.003724 -0.010077 0.005812 0.022496 -0.004201 0.011581 -0.002994 -0.004333 
0.062944 -0.075488 -0.071987 0.025913 0.049966 -0.002434 -0.010004 -0.001640 
-0.103065 -0.067590 0.068943 0.040149 -0.011305 -0.015470 -0.001962 0.004198 
-0.006238 0.004354 -0.000713 -0.011701 -0.000601 0.006315 0.004732 0.009874 
-0.016714 -0.002161 -0.001207 0.000275 -0.000226 0.006552 0.004577 0.004389 
-0.001185 -0.002275 0.003748 -0.014528 0.006519 0.000025 -0.000192 0.014040 
-0.019517 0.002437 0.000081 0.002166 0.013549 -0.002386 -0.005509 -0.003026 
-0.007364 -0.002560 0.010516 -0.004412 -0.000310 -0.004247 -0.000458 -0.005304 
-0.007048 0.004120 -0.007003 -0.001395 -0.003506 0.005612 -0.002425 0.003980 
-0.002599 0.000124 0.009142 0.006848 -0.005400 0.008825 -0.001102 -0.000669 
0.010929 0.001279 0.000905 -0.006988 0.007207 0.002982 -0.000239 -0.004987 
0.008116 -0.001111 0.000440 -0.001754 -0.003881 0.006908 -0.005646 0.009254 
0.010800 0.004079 0.008574 -0.001162 0.010768 0.011216 -0.003771 0.008566 
0.007660 0.006416 -0.004813 -0.003582 -0.002753 -0.000315 -0.000404 0.008370 
0.017581 0.001484 -0.001857 -0.012360 0.002252 -0.003565 0.008514 -0.001418 
0.008154 -0.003570 0.005846 0.003732 -0.009938 0.002210 0.006020 -0.005789 
0.017154 -0.004707 0.021098 -0.016809 0.002532 -0.006806 0.010999 -0.013785 
0.017875 0.009209 0.000352 0.003736 -0.004992 0.018938 -0.006389 0.003796 
0.022109 -0.016052 0.013663 -0.010351 -0.006592 -0.017464 0.012940 -0.014761 
0.008127 -0.004392 0.009211 -0.005497 -0.002634 0.004455 -0.013309 -0.004758 
0.019321 -0.016196 0.031452 -0.003270 0.008763 0.017124 0.024010 -0.000361 
0.012073 -0.064263 -0.011152 0.034113 0.006650 -0.021128 -0.018881 0.012004 
-0.042718 -0.020951 0.030861 -0.005642 -0.028257 -0.010926 0.034172 0.011832 
-0.002039 -0.000370 -0.012975 -0.005086 -0.009285 0.013414 -0.010677 -0.004798 
-0.035737 -0.002600 -0.003611 0.001985 -0.001349 0.010878 -0.000806 -0.004050 
-0.000097 0.001901 0.002440 0.007960 -0.011945 -0.010553 0.009329 0.003898 
-0.033725 -0.008213 -0.002087 -0.002338 0.005465 0.010277 -0.009232 -0.000909 
-0.006704 0.001067 0.004304 0.002493 -0.011191 -0.001674 0.008163 0.009473 
-0.010439 0.002373 0.013306 0.005615 0.004638 0.003869 -0.000963 -0.002657 
0.003064 -0.015115 -0.005974 0.010852 -0.004291 0.005981 0.004561 -0.001636 
0.010857 -0.003285 0.006926 -0.015191 -0.000080 0.006760 0.004466 -0.012397 
-0.000440 -0.000332 0.006242 0.001877 -0.008609 0.004714 0.004210 -0.003559 
0.030446 0.004063 0.007242 -0.009156 -0.002671 0.009298 0.009962 0.009199 
0.005798 0.006996 0.005859 0.002435 -0.019588 0.003511 -0.006582 -0.003488 
0.038831 0.003529 0.008379 -0.002010 0.012114 0.005678 0.001669 0.012967 
0.011596 -0.001692 -0.000230 0.015071 0.003499 0.005283 -0.001050 0.011258 
0.050654 0.003409 0.023306 -0.014613 0.009873 0.024058 -0.003853 0.002792 
0.018854 0.006626 0.005350 -0.003677 -0.030392 0.015521 -0.000631 -0.004069 
0.060018 0.008092 0.045651 -0.016980 0.021261 0.004850 -0.000877 0.004723 
0.017314 -0.011891 -0.001884 -0.014775 -0.017551 0.001128 0.004095 0.003316 
0.050652 -0.006399 0.033646 0.004762 0.021063 0.018853 0.019522 -0.000924 
0.003571 -0.071951 -0.006784 0.030939 -0.002027 -0.012304 0.002944 -0.007070 
0.006015 -0.007387 0.044849 -0.008309 0.014999 0.014852 0.018938 -0.011448 
-0.001805 0.005786 0.016035 -0.006369 0.009493 0.000704 0.020075 0.001253 
-0.031970 -0.036704 0.017906 -0.012563 0.019627 0.019675 -0.003950 -0.013939 
0.005299 0.020903 0.020503 0.000074 0.019508 0.018360 0.027782 0.016107 
-0.016065 -0.030243 0.027292 -0.007855 0.019032 0.037100 0.005777 -0.011261 
0.008074 0.001270 0.028727 0.000492 0.002439 -0.003394 0.032176 0.006877 
0.024023 -0.026629 0.026257 -0.005371 0.016648 0.008745 -0.006408 -0.011170 
0.011235 0.007838 0.018720 -0.003076 -0.003814 0.001955 0.008345 -0.006562 
0.030886 -0.038682 0.023355 -0.004886 0.015356 0.029711 0.003107 -0.015842 
0.024061 -0.007149 0.025031 -0.011253 0.001163 -0.002071 0.019429 0.010079 
0.042556 -0.038697 0.046435 -0.015573 0.041012 0.031847 0.004757 -0.014517 
0.031643 -0.001914 0.008647 -0.008817 0.006217 0.006676 0.013137 0.003272 
0.073051 -0.055634 0.048592 0.008619 0.041008 0.022401 -0.004365 -0.009944 
0.029748 0.006514 0.025231 0.000281 0.011911 0.009960 0.003789 0.023383 
0.079021 -0.051204 0.050585 -0.008157 0.028851 0.041301 0.014542 -0.001909 
0.003973 -0.019690 0.014552 -0.023818 0.019529 -0.016755 0.016967 0.010494 
0.112158 -0.040260 0.025035 -0.019856 0.051315 0.037656 0.002292 -0.029747 
0.004760 0.000940 0.045462 -0.026922 -0.001691 0.028464 0.017481 0.034062 
0.100909 -0.051131 0.047695 -0.016544 0.055185 0.028107 -0.039560 -0.006216 
-0.004224 0.012940 -0.011132 0.006039 0.008031 -0.043218 0.019529 0.016118 
0.119742 -0.040208 -0.002960 -0.022136 0.074889 0.040747 0.044247 -0.028846 
-0.026449 -0.007432 -0.002740 0.000559 0.002826 -0.010372 -0.010477 -0.006922 
0.018174 -0.009602 -0.007122 0.008635 -0.000059 -0.005193 -0.002774 -0.003245 
-0.030185 -0.005765 -0.002799 -0.003733 0.005137 0.000743 0.002897 0.003398 
0.017967 0.011957 -0.001818 -0.003651 -0.006563 -0.000438 0.002057 -0.001313 
-0.013302 -0.001132 -0.004065 0.004059 -0.006389 0.005404 -0.006861 -0.002625 
-0.001730 0.005178 -0.003571 0.001719 0.000407 -0.000239 0.001521 -0.006875 
-0.001047 0.002549 0.008233 -0.000445 -0.001836 -0.010004 0.018473 -0.000351 
0.002491 0.002392 -0.007836 0.000195 0.002478 0.001514 -0.000287 -0.000626 
0.016778 0.002158 -0.003342 0.005519 -0.002307 0.002754 -0.001852 -0.005844 
-0.009167 -0.005162 -0.007214 -0.003638 0.003179 0.002157 0.001758 -0.000263 
0.025590 -0.004915 0.003561 0.003894 0.000613 -0.005880 0.004150 0.003002 
-0.006690 -0.000617 -0.007163 -0.008808 -0.009760 0.006598 0.003348 0.004162 
0.044944 -0.002804 -0.000028 -0.004230 0.003032 0.003528 -0.006603 0.005902 
-0.018556 -0.006151 0.004520 -0.001543 -0.010805 -0.004247 0.005546 -0.001039 
0.048792 -0.002388 0.003581 -0.002039 0.009021 -0.002401 0.000684 -0.014850 
-0.010700 0.002437 -0.000514 -0.010237 -0.005169 -0.009607 -0.007903 0.004285 
0.030428 -0.010296 0.000347 0.003479 -0.002394 0.000559 -0.003150 0.009926 
-0.007076 -0.000584 0.007504 -0.001295 -0.007436 -0.001278 0.004698 -0.004194 
0.008196 -0.017922 0.006110 0.001602 -0.009773 0.000701 0.002281 0.002877 
-0.013982 0.001654 0.003597 -0.001201 0.005575 -0.007690 -0.003248 0.009239 
-0.000985 -0.006645 -0.005712 0.007879 -0.006748 -0.006684 0.006137 -0.002364 
-0.002227 0.004882 -0.004069 0.005026 -0.002011 0.001416 0.002546 0.000132 
-0.021497 -0.009674 0.003093 -0.002293 -0.000414 -0.000316 0.011673 0.002342 
-0.009737 -0.001187 -0.002398 0.002791 -0.009273 -0.002902 -0.004762 -0.000226 
0.002460 0.006832 0.000338 0.002326 -0.002002 0.005887 0.001129 -0.006261 
-0.006255 -0.007438 0.005947 -0.000621 0.003683 0.001670 -0.002979 0.004010 
0.003638 0.002802 0.000972 -0.002805 0.004465 0.000007 -0.002714 0.000139 
-0.005826 0.008772 -0.006619 0.000024 -0.001215 -0.001635 0.003439 -0.011192 
-0.006085 0.011546 0.001812 0.006339 0.000049 0.009061 0.019738 0.005145 
-0.000027 0.001792 -0.000316 0.013702 0.004277 -0.003150 -0.000448 -0.002496 
0.004188 -0.004066 0.002468 -0.000942 0.010817 0.000646 0.005489 -0.002251 
0.001470 0.004158 0.003722 -0.006812 0.007188 -0.003164 0.001170 0.001419 
0.003222 0.000706 0.010463 0.002998 -0.001935 0.003080 0.015889 0.004590 
0.007519 -0.002440 0.002676 0.003056 0.007258 -0.007033 0.002816 0.002620 
0.017754 0.002295 0.018671 -0.007385 -0.003160 0.006320 0.011049 0.007617 
0.004608 0.002957 -0.003666 -0.008242 0.006616 0.006389 0.009519 0.011441 
0.008485 -0.001148 -0.002352 -0.002153 0.008369 0.002222 0.024895 -0.003205 
0.011957 -0.006163 0.004267 -0.011655 0.014074 -0.013207 0.001804 -0.005618 
0.013673 -0.029285 0.017316 0.001102 0.010337 0.022653 0.018940 -0.008768 
-0.012382 0.005879 0.006238 0.006819 0.005340 -0.008651 -0.011025 -0.024713 
-0.026600 -0.005768 -0.004698 -0.001114 -0.002278 -0.011534 -0.000332 -0.006504 
0.016591 -0.009668 -0.008028 0.007657 -0.002637 0.000722 0.002590 -0.004519 
-0.035146 -0.008226 -0.001741 -0.001242 -0.002262 0.008181 -0.002883 -0.002753 
0.016627 0.008593 -0.003942 -0.006757 -0.003025 -0.006054 0.001258 0.001320 
-0.009706 -0.005061 -0.001833 0.007136 -0.004968 0.000672 -0.002707 0.000591 
-0.003357 0.009159 -0.001497 0.004789 0.001961 0.001139 0.003676 -0.004142 
-0.000730 -0.000973 0.006554 0.005438 -0.005614 -0.006421 0.010348 -0.005587 
0.000643 -0.000525 -0.005693 -0.001624 -0.000041 -0.004282 -0.007412 0.000448 
0.015723 0.004801 0.000370 0.005781 0.001113 -0.004953 -0.001832 0.001249 
-0.009507 -0.002680 -0.005606 -0.004587 0.001414 0.004791 0.001416 0.000356 
0.027620 -0.005961 0.003825 0.000208 0.001271 -0.002384 -0.003994 -0.002029 
-0.005438 0.001280 -0.007643 -0.006977 -0.006093 0.003040 -0.000113 0.008130 
0.045980 -0.000319 0.001340 -0.004493 0.002038 0.006066 -0.007651 0.000662 
-0.015169 -0.003086 0.005404 -0.003406 -0.014488 -0.003489 0.000201 -0.006295 
0.049944 -0.002340 0.003789 0.001138 0.006041 -0.008674 -0.000177 -0.016856 
-0.008373 0.001975 0.000147 -0.006465 -0.001632 -0.004868 -0.005160 0.003363 
0.032986 -0.011434 0.001045 0.002015 -0.006220 -0.000092 -0.002263 0.006555 
-0.004776 -0.001979 0.004031 -0.000256 0.002208 -0.000438 0.003169 -0.006235 
0.013819 -0.016517 0.005464 0.001249 -0.009210 -0.003667 0.003678 -0.000366 
-0.011874 0.000632 0.005017 0.001874 0.004523 -0.003786 -0.006065 0.009272 
0.064958 0.008654 -0.002871 0.001099 0.005827 -0.005272 -0.002179 -0.006769 
-0.016047 0.011282 -0.000315 0.004129 0.002510 -0.007749 -0.007832 -0.000598 
0.044546 -0.005224 -0.004368 0.002921 -0.001153 -0.006079 -0.008762 -0.000526 
-0.009506 -0.002182 -0.007262 -0.006204 0.003862 -0.006411 -0.007001 -0.006818 
0.029949 -0.001553 -0.002358 0.003897 0.007817 -0.000763 0.012784 -0.002902 
-0.002365 -0.002206 0.001776 -0.003720 -0.000559 0.003167 0.003113 -0.001130 
0.003951 -0.010942 0.009571 -0.000461 -0.000154 -0.004286 0.009724 -0.001227 
-0.002188 0.002429 0.002184 -0.020557 -0.002013 0.000250 -0.004992 -0.002183 
-0.012959 -0.012462 -0.002419 -0.001234 -0.001014 -0.009406 -0.005937 -0.000151 
-0.006409 -0.001588 0.009017 0.006057 0.003247 0.001572 -0.000499 0.002963 
-0.031957 0.007259 0.002357 -0.003543 -0.002643 -0.003441 -0.001058 -0.008360 
-0.002009 0.001565 0.012199 -0.001173 -0.002667 -0.018806 0.005651 -0.005946 
-0.033215 0.006340 0.001428 0.002365 0.001205 -0.012779 0.009165 0.001412 
0.021038 0.002702 -0.003852 -0.000457 -0.000125 -0.021723 0.004027 -0.004526 
-0.037549 -0.002376 -0.012718 -0.007153 -0.000856 -0.008984 0.014009 0.000430 
0.000753 0.000288 -0.010101 0.005287 -0.009733 -0.038228 0.007689 -0.000006 
-0.028069 -0.001723 -0.000681 -0.002322 -0.010414 -0.034767 0.023573 0.021126 
0.009994 -0.000938 0.007275 -0.006606 -0.000150 -0.046017 0.007789 0.002664 
-0.029267 -0.018802 -0.000057 -0.009694 -0.001536 -0.039634 0.019222 -0.003325 
-0.008171 0.014529 -0.013508 0.002438 -0.016327 -0.063520 0.021786 -0.008137 
0.111078 -0.001589 0.010272 -0.014859 0.002598 -0.001964 -0.001247 -0.008052 
0.040091 -0.004028 -0.001545 0.005932 0.008448 0.004933 -0.007392 0.009387 
0.089412 -0.007753 0.007810 0.000630 0.011137 -0.000018 0.002180 0.002328 
0.036788 0.003627 -0.004172 -0.017761 0.006565 0.002893 -0.013734 0.006008 
0.042433 0.002064 0.009668 -0.000861 0.009941 -0.000522 -0.000563 0.001912 
0.010127 -0.005869 0.000300 -0.003261 0.004022 -0.010498 -0.007732 0.000510 
0.006424 0.000614 0.010682 0.001536 -0.003218 0.001782 0.008632 -0.000911 
0.008732 -0.004488 0.013257 -0.006545 0.000058 0.012714 0.000135 0.005533 
-0.001999 -0.005355 0.007436 -0.002560 -0.005751 0.003941 0.001067 0.002255 
0.001449 0.002323 -0.001019 -0.009086 -0.008315 -0.000964 -0.001590 -0.004195 
-0.028330 -0.002358 0.009568 -0.007097 -0.012215 -0.000325 -0.004893 0.004854 
-0.007255 -0.004443 0.001186 0.000623 -0.006989 0.006508 0.001736 -0.002469 
-0.048470 0.000204 -0.003991 -0.002489 0.002562 0.006096 -0.000795 0.008417 
-0.019717 0.007399 -0.004593 -0.002801 -0.000625 0.002516 -0.002655 -0.003206 
-0.071918 0.002478 -0.002368 0.003248 -0.010509 -0.002053 0.001394 0.008710 
-0.027806 0.007992 0.000661 0.001717 -0.007535 0.003038 0.002836 -0.000816 
-0.086503 0.013984 -0.007483 0.001361 -0.004628 -0.006464 -0.002659 0.008957 
-0.038163 0.013718 0.001716 0.005884 0.002931 -0.004902 0.004489 -0.008789 
-0.139191 0.046735 -0.028281 0.013999 -0.000195 -0.011555 -0.004693 0.018843 
-0.105792 0.026770 -0.017950 0.015840 -0.006903 -0.009373 -0.002752 0.008289 
0.041015 0.000002 0.002879 -0.006112 -0.004426 0.000632 -0.016578 0.002707 
0.077198 0.003778 -0.003810 -0.004756 -0.010695 -0.002606 -0.008759 0.006928 
0.032735 0.009392 -0.001418 0.002518 -0.001943 0.003010 -0.007101 0.007307 
0.041821 0.006058 0.004847 0.002742 0.010626 -0.007950 -0.002233 -0.000857 
0.011946 -0.003101 0.005535 0.005762 0.004796 0.000816 -0.002397 0.000452 
0.017254 0.000500 -0.000812 0.004281 0.004650 0.007308 0.004737 -0.001305 
0.001327 0.012381 -0.001723 -0.004157 -0.001383 -0.007806 0.006076 -0.004149 
-0.015277 -0.001429 0.005088 0.008779 -0.000715 0.009934 0.004992 0.001845 
-0.004513 0.013082 -0.003961 -0.003434 0.003885 0.005217 0.008046 -0.003270 
-0.016586 0.004562 -0.002663 -0.000488 0.004524 -0.000584 -0.001617 -0.000703 
-0.015935 -0.002013 -0.004458 0.007328 -0.004225 -0.003786 0.000940 -0.008206 
-0.036873 0.002274 -0.001087 0.003923 -0.004789 -0.009613 0.010226 -0.000142 
-0.018069 -0.011680 -0.002109 -0.004197 -0.002253 -0.001235 0.000541 0.000675 
-0.048882 0.016457 -0.007045 -0.003944 -0.009328 0.002798 -0.012465 -0.003228 
-0.034861 0.008540 0.004458 0.003525 0.001224 -0.006383 -0.001153 0.001731 
-0.065089 0.008910 -0.007853 0.001360 -0.002691 -0.002257 0.002032 -0.002596 
-0.066146 -0.008168 0.003226 -0.004169 0.005400 0.018750 -0.006097 0.000685 
-0.090769 0.020527 -0.005448 0.000463 -0.001654 0.005849 0.000889 0.004763 
-0.103888 0.000077 0.014871 0.006752 -0.020040 0.025927 -0.012511 -0.006852 
-0.191768 0.075216 -0.022123 0.004085 0.000272 0.009032 -0.021218 0.029241 
0.044999 -0.002907 0.004852 -0.005349 0.004986 -0.004229 0.005584 -0.000358 
0.034465 0.007516 -0.003054 0.000305 -0.003049 -0.000214 0.001583 -0.001142 
0.026312 -0.003777 -0.008262 0.001273 -0.001297 0.004870 -0.007226 0.005868 
0.011427 0.007823 0.004956 0.010145 0.002798 0.003210 -0.006551 0.003449 
0.009038 -0.000875 0.000031 -0.001205 -0.003491 -0.000210 0.006401 -0.008227 
0.002305 -0.002718 -0.008289 -0.001448 -0.004538 -0.001750 0.004878 -0.005746 
-0.007504 0.002172 -0.002323 0.004722 0.001499 -0.006221 -0.000497 0.002398 
0.005217 0.002195 -0.000093 -0.004331 0.007359 -0.000233 0.002380 0.002458 
0.001440 0.004230 0.014016 -0.003778 -0.000984 0.010099 -0.006283 0.002478 
-0.001381 0.012850 -0.001800 0.003167 -0.010576 -0.000769 0.002715 0.003095 
-0.024337 -0.003846 0.010044 -0.003590 0.001955 0.008079 0.006927 -0.004177 
-0.014181 -0.000553 0.007837 0.007619 -0.004014 0.005298 -0.020056 0.008054 
-0.025944 0.000403 -0.001550 -0.001480 -0.011494 -0.000945 0.002550 -0.003435 
-0.016383 0.001827 -0.009106 0.001934 0.001302 -0.007467 0.003274 -0.002830 
-0.034128 0.006156 -0.001672 -0.006447 0.004446 -0.000957 -0.000308 -0.000148 
-0.020915 0.013460 -0.007975 0.013285 -0.001024 -0.005896 0.001177 0.006438 
-0.056306 0.003961 0.007341 0.001100 0.002730 -0.004913 -0.006427 -0.001957 
-0.051419 0.012660 -0.003052 -0.000919 0.006765 -0.008155 -0.001169 0.000085 
-0.104255 0.032350 0.000934 0.012122 -0.006633 0.021238 -0.022166 0.010730 
-0.064524 0.046998 -0.015843 0.001110 0.009286 -0.000077 0.002047 0.030056 
0.026792 -0.007806 -0.000971 -0.003698 0.004451 0.000536 -0.008435 -0.002728 
0.018933 0.002511 -0.008204 -0.003512 0.005694 0.002115 -0.008921 0.002026 
0.017756 -0.000058 0.009197 0.008342 -0.002564 0.002826 0.001340 -0.004171 
0.004853 -0.004296 -0.005623 -0.008157 0.013981 0.001031 -0.001495 0.005627 
0.008557 0.003188 -0.000189 0.001712 -0.000862 0.002438 0.000721 -0.000289 
0.001161 -0.006299 -0.013792 -0.004806 0.002045 -0.001107 -0.006221 -0.009133 
0.000642 0.002590 0.007912 0.000400 -0.000484 -0.000293 -0.003964 0.003621 
0.008451 -0.001894 0.005416 -0.005896 0.010186 0.006954 0.006595 -0.005991 
-0.002508 -0.002892 0.009148 0.001783 -0.002905 -0.000325 0.004774 0.008543 
-0.002097 -0.001472 -0.002175 0.004004 -0.006045 0.004137 0.010343 0.002213 
-0.010107 0.004984 -0.000576 0.003841 -0.003798 -0.001110 0.007528 0.009271 
-0.000006 -0.000640 0.006697 -0.006192 0.000812 0.001216 -0.007659 -0.004286 
-0.019665 0.013827 -0.002989 0.007434 0.002990 -0.002257 0.002414 -0.008603 
-0.006452 -0.006475 -0.002866 0.006534 0.010558 -0.003680 0.004667 -0.008071 
-0.028164 0.004301 -0.000806 -0.009624 -0.003320 0.003745 -0.003766 0.001846 
0.002334 -0.004479 0.004191 -0.000816 -0.001665 0.003731 -0.002349 0.002088 
-0.036877 -0.000016 0.000879 0.000352 0.001018 -0.000460 -0.003083 0.008911 
-0.008199 0.004989 0.001030 0.003895 0.002973 0.002498 -0.005390 -0.005383 
-0.081979 0.027947 -0.018418 0.005216 -0.021423 0.018111 -0.029617 0.021404 
-0.033253 0.020458 -0.014812 0.006109 -0.005726 -0.004470 -0.015043 0.023409 
0.132022 -0.008755 -0.007613 0.005194 0.004150 -0.003776 0.001878 -0.008684 
0.083078 0.019513 0.001142 0.003271 0.011131 0.000068 -0.012583 0.002401 
0.091822 -0.002438 -0.004213 -0.004789 -0.006490 -0.003432 -0.012917 -0.011501 
0.044702 0.009631 -0.006923 0.001392 -0.005125 -0.004537 0.004307 -0.008528 
0.049342 -0.003417 0.005715 0.004939 0.001933 -0.006464 -0.004962 0.008983 
0.019807 0.000751 0.010223 0.002897 0.003037 0.001346 0.003108 -0.002083 
-0.000611 0.009155 -0.009360 -0.003392 -0.003871 0.004046 0.002624 0.007117 
-0.003376 0.000889 -0.002398 0.000690 0.012410 0.006178 0.001079 -0.003791 
-0.008855 0.008728 -0.002011 -0.007475 -0.004515 -0.016272 0.002552 -0.007263 
-0.010435 0.000224 -0.002287 -0.001719 0.007725 -0.004722 0.003865 0.001265 
-0.046537 -0.002612 0.005987 -0.004353 -0.011766 -0.001512 0.007396 -0.006179 
-0.031627 0.011378 -0.004938 0.000466 0.001237 -0.006398 0.001703 -0.002941 
-0.073782 0.003005 -0.004242 0.009646 -0.004164 0.003967 0.013400 -0.005767 
-0.045389 -0.001270 -0.006227 0.000534 -0.004166 -0.006146 0.007795 -0.003254 
-0.095647 0.007150 -0.003812 0.000598 -0.008737 -0.006722 0.003728 0.004177 
-0.057029 0.017702 0.002069 0.000445 0.010897 -0.002275 0.012493 -0.008528 
-0.133198 0.000356 0.001080 -0.004034 -0.000988 0.003960 0.004216 -0.005868 
-0.097294 0.027695 -0.003437 0.000620 0.002738 -0.000411 0.002500 0.000363 
-0.233052 0.026321 0.006245 -0.009947 0.011762 0.001894 -0.013648 0.007635 
-0.202451 0.096553 -0.047145 0.019069 -0.014324 0.002846 -0.005163 0.013045 
0.020497 -0.004385 -0.005528 0.010036 0.014031 0.006075 -0.000491 -0.006775 
0.022913 -0.009176 -0.009529 0.003492 0.004887 -0.003764 -0.003065 0.006248 
0.018235 -0.007289 -0.001000 -0.007515 0.005162 -0.003077 -0.003846 -0.000677 
0.022846 0.005345 0.005230 0.001545 -0.008101 0.000222 0.001915 0.001137 
0.010996 0.002767 -0.008530 0.005812 0.005954 -0.004728 -0.002447 0.003633 
0.015682 -0.003507 0.001165 -0.008605 -0.001996 -0.000796 0.005742 -0.003737 
0.000142 0.014323 -0.002550 -0.006469 0.006244 0.004277 -0.003403 -0.006707 
-0.002357 -0.001268 0.001315 -0.001179 -0.001596 -0.000928 -0.000606 0.001711 
-0.008823 0.016025 0.002063 -0.005475 0.000914 0.003869 -0.004669 -0.002534 
-0.012238 0.008917 0.000568 -0.002763 0.015461 0.007870 0.012006 0.001688 
-0.021449 0.000411 0.005244 0.002787 -0.004480 0.000879 -0.001591 -0.006817 
-0.018639 0.010780 0.006509 -0.004100 0.002340 -0.002341 0.007526 0.002485 
-0.027214 -0.003605 -0.000513 -0.001566 0.010993 -0.007248 -0.000474 0.003864 
-0.009074 0.000026 0.007596 -0.003443 0.001910 -0.006004 -0.003196 0.003533 
-0.021974 0.010889 0.003377 -0.008149 -0.005737 0.007306 -0.000744 0.003447 
-0.021006 0.004271 0.010546 0.000373 0.005338 0.000634 -0.003230 -0.006216 
-0.043887 0.019616 -0.013120 0.000856 -0.013499 0.014269 -0.021437 -0.003407 
-0.030440 0.027203 0.002944 0.007487 0.015183 -0.005233 -0.012572 0.010704 
-0.113057 0.058458 0.001079 0.025592 -0.027684 0.027741 -0.041070 0.019860 
-0.088457 0.059819 -0.023678 0.004576 -0.000693 -0.000591 -0.009075 0.031387 
0.029299 -0.000027 -0.000652 -0.008698 0.006713 -0.001651 -0.000858 -0.007139 
0.034304 -0.008759 0.001957 0.013666 0.005302 0.000116 0.001939 -0.005761 
0.014559 -0.000780 -0.004365 0.001050 -0.002640 -0.008382 0.011179 0.000038 
0.013688 0.002799 0.000063 0.001731 -0.006294 -0.002121 -0.014623 -0.006436 
0.000056 -0.003563 -0.010623 0.004781 0.002946 -0.006444 -0.009064 -0.003300 
0.004660 -0.005584 0.003642 -0.000004 0.002485 0.004930 0.004399 -0.002065 
0.005423 -0.000561 0.002799 0.000935 0.003541 -0.005735 -0.007224 -0.010458 
-0.010196 0.006317 -0.002517 -0.007854 0.001240 -0.002583 0.003650 0.002400 
0.000040 -0.015883 0.004035 -0.000853 0.000492 -0.006668 -0.000456 -0.006252 
-0.007987 0.003010 -0.006630 0.000623 0.008012 -0.001952 -0.000085 0.001703 
-0.008686 0.006116 0.002202 0.003203 -0.009114 0.001084 0.000066 0.000235 
-0.010036 -0.001130 0.001215 -0.002749 -0.003519 0.003607 0.004627 -0.008611 
-0.008983 -0.003459 0.008547 -0.002666 -0.005644 -0.003912 -0.017004 -0.001527 
-0.022818 0.019553 -0.006915 0.000827 -0.002111 -0.008378 -0.008401 -0.004698 
-0.026177 0.005937 0.007732 -0.002466 0.002446 0.007496 0.000140 0.009457 
-0.022241 0.014777 0.001298 0.001032 0.016430 -0.009120 0.001726 0.002139 
-0.052129 0.021746 -0.014012 0.007357 0.004801 0.008511 -0.011507 0.016154 
-0.029157 0.012078 0.013163 -0.008052 0.012018 -0.002899 0.002180 -0.004198 
-0.080473 0.051367 -0.009596 0.018387 -0.019838 0.029107 -0.035530 0.009841 
-0.078882 0.059264 -0.024504 -0.010534 0.015698 -0.003252 -0.007664 0.010930 
0.017593 -0.003019 0.003980 -0.003619 0.005196 -0.002583 -0.007631 -0.003629 
0.027704 0.001341 -0.013535 -0.005758 -0.006194 -0.006145 -0.003783 -0.011756 
0.009840 -0.011970 0.002981 0.001776 -0.002885 0.003383 0.005356 0.007726 
0.021798 0.003407 0.005528 0.001688 0.000542 -0.002452 -0.003853 -0.006308 
0.010208 0.005372 0.004855 -0.002939 0.002917 0.000082 0.001400 0.001193 
0.014648 -0.003581 -0.001694 -0.003073 0.000622 -0.005860 -0.007658 0.004357 
0.002540 0.001337 -0.005988 0.005104 0.002144 -0.011087 0.000602 0.003628 
-0.010925 0.000055 0.003422 -0.013515 -0.002881 0.005356 0.003216 -0.004346 
-0.006390 0.003016 -0.007065 -0.001063 0.005205 -0.007795 -0.003581 0.011795 
0.004535 0.007289 -0.002026 0.004732 0.003008 0.003456 0.003436 -0.002860 
-0.002906 0.002333 0.003010 -0.004904 0.010364 -0.002770 0.001806 -0.006163 
-0.027198 -0.000213 0.003644 -0.006903 -0.002051 -0.007533 0.001499 -0.007634 
-0.006635 -0.000572 0.006484 0.003204 0.000501 -0.003503 -0.001637 0.001006 
-0.029993 0.016504 -0.005768 0.000523 -0.004864 -0.008497 -0.010006 0.010059 
-0.013173 -0.005438 -0.000651 0.004022 -0.009092 -0.002964 -0.005234 0.011006 
-0.031930 0.005975 0.015048 -0.009740 -0.002047 -0.014550 0.008882 -0.008166 
-0.012323 0.003801 0.017659 -0.004252 0.007012 0.009248 -0.014765 -0.003218 
-0.043860 0.023984 0.011231 -0.001586 0.010163 -0.006029 0.003716 0.015381 
-0.050081 0.021703 -0.002874 0.008259 -0.007802 0.026028 -0.053486 0.009288 
-0.122723 0.054789 -0.028229 0.003375 -0.001912 -0.006276 -0.027806 0.025797 
0.016050 0.008656 -0.000364 0.007012 -0.005498 0.008923 0.002151 0.005382 
0.043409 0.001784 0.003238 -0.001297 0.006259 0.005907 -0.000525 0.002165 
0.015769 0.003669 0.010707 -0.004979 -0.001637 -0.000768 -0.000642 -0.001143 
0.008301 0.008714 0.004569 0.002555 0.009139 0.005201 0.009995 0.000186 
0.012681 -0.005840 0.000507 -0.000586 -0.003606 0.008282 -0.008354 0.002381 
0.010023 0.004163 -0.001559 -0.002887 -0.004246 -0.001687 -0.001895 -0.001215 
-0.001968 -0.006870 0.001727 -0.001179 -0.008844 0.000221 -0.012108 -0.007443 
-0.004481 0.002304 0.006493 0.002532 -0.003529 -0.006188 -0.004560 0.004138 
-0.002255 0.005500 0.001601 -0.003157 -0.000657 0.004888 -0.000898 0.000596 
-0.011284 -0.002788 -0.008306 -0.008569 -0.006293 -0.008041 0.001614 0.008618 
-0.006434 0.015004 0.004050 -0.001351 0.010723 0.003805 -0.004691 0.000215 
-0.015392 0.011389 0.001559 0.010420 -0.007353 -0.009860 -0.002434 -0.011243 
0.004731 -0.004667 -0.002706 0.003071 -0.002278 -0.001008 -0.003948 -0.002344 
-0.023170 0.001938 0.000391 -0.014385 0.003895 -0.013087 -0.003772 0.002625 
-0.016476 0.001693 0.002731 -0.001268 0.006885 0.001128 0.001120 0.007607 
-0.028292 0.000584 0.000723 -0.006176 0.001932 -0.008372 -0.002585 0.001898 
-0.043490 0.004794 0.014420 0.000700 -0.014929 0.011131 -0.012847 -0.000866 
-0.044472 0.022513 -0.017341 -0.022919 0.007236 -0.006544 -0.004159 0.005685 
-0.054155 -0.021266 0.017942 -0.010539 -0.019886 0.020588 -0.031382 -0.003326 
-0.111940 0.060137 -0.004900 -0.006623 -0.006318 -0.004518 -0.040494 0.032330 
0.019017 0.002527 -0.003954 0.000740 0.002009 -0.007974 0.002044 0.001841 
0.041620 -0.004464 0.020365 0.000836 0.006359 -0.008470 0.000662 0.001067 
0.011839 0.002852 -0.002759 -0.009035 0.006255 -0.003549 0.001370 -0.002709 
0.019566 -0.003133 -0.007579 -0.003260 0.006149 0.005917 -0.007742 0.008460 
0.005514 -0.005640 -0.000279 -0.002550 -0.008101 -0.000004 0.000125 0.003003 
0.000873 0.001661 -0.000807 -0.001910 0.008119 -0.002842 -0.005941 -0.000400 
0.002723 0.001015 -0.000184 -0.007303 -0.007799 0.001961 0.002386 -0.001453 
-0.006657 0.003139 0.005524 0.007259 0.000168 0.005490 0.005080 0.002133 
0.001585 -0.001674 0.003565 -0.000028 0.000149 0.005213 0.004538 -0.008334 
-0.012479 0.008864 -0.005871 -0.002142 0.003149 0.005965 -0.006202 -0.006641 
-0.003125 -0.003143 -0.012172 0.007052 0.007490 0.004789 0.002210 -0.009144 
-0.014989 0.004431 -0.004342 -0.003967 -0.007128 -0.002231 0.001728 -0.004844 
-0.018850 0.005326 0.005304 0.007181 -0.000002 -0.002070 -0.004173 -0.008386 
-0.035638 0.004690 -0.006655 -0.011553 -0.001954 -0.006407 0.002255 -0.002601 
-0.006795 -0.005990 -0.006536 0.002532 0.002330 0.010401 -0.006230 -0.004204 
-0.036229 0.013069 -0.013338 0.002344 0.000269 -0.003914 0.001307 0.009327 
-0.037023 -0.000347 0.005402 0.001310 0.002893 -0.004805 -0.024025 0.006365 
-0.053102 0.012065 -0.009948 -0.005387 0.008094 -0.002068 -0.010016 0.002509 
-0.036988 -0.038595 -0.011976 0.006242 -0.006502 0.019738 -0.023195 0.002397 
-0.085704 0.054947 -0.023729 0.005247 0.020318 -0.013355 -0.011798 0.048963 
0.032680 0.000301 -0.002161 -0.001059 -0.004225 -0.005638 0.008120 -0.007114 
0.026267 0.000352 -0.001246 0.007001 -0.000741 -0.005849 -0.003049 -0.001066 
0.022677 0.000575 0.002375 0.004930 -0.005944 0.001725 0.001368 -0.010859 
0.013234 -0.009709 -0.002781 0.008441 -0.003862 -0.006814 0.009592 -0.004386 
0.005438 -0.006759 0.007186 0.008082 0.002129 -0.008612 -0.009165 0.000156 
0.002669 0.002642 -0.003362 0.003277 -0.004907 0.002176 0.007597 0.001936 
-0.007652 -0.008731 0.003866 -0.010237 -0.006668 0.005219 -0.000277 0.004036 
0.004580 -0.004595 -0.004021 0.007805 -0.000475 0.002298 0.003816 -0.004682 
-0.007822 -0.004163 -0.001447 -0.001931 0.000020 -0.003521 0.004778 -0.001510 
0.001941 -0.004452 0.001594 -0.003345 0.008434 -0.001385 0.000494 0.011825 
-0.013895 -0.004214 -0.009415 0.002331 0.003816 0.004857 -0.003996 -0.003109 
-0.007244 -0.002930 -0.007352 -0.002774 -0.003367 -0.004151 0.000814 0.004764 
-0.013949 0.002705 0.003955 -0.001606 0.026936 0.009702 -0.005948 0.004256 
-0.011221 0.010362 0.004555 -0.002177 -0.002315 -0.002818 0.008527 0.009639 
-0.026692 -0.002798 0.008376 0.015260 0.008039 0.003366 -0.001844 0.004110 
-0.016726 0.000911 -0.006232 -0.001109 0.002247 -0.002748 -0.000343 -0.000837 
-0.041065 -0.010089 0.000281 0.008216 -0.003229 0.001361 -0.016640 0.001957 
-0.028976 0.000547 0.002806 -0.000848 0.004512 -0.013267 -0.003784 0.007048 
-0.028807 -0.009704 0.010134 0.007160 -0.007501 0.025429 -0.049364 0.021033 
-0.027521 0.030669 -0.000048 -0.012311 0.033626 -0.013145 -0.031846 0.038972 
0.018734 0.003379 -0.002456 -0.001888 0.001155 0.004405 -0.002570 0.004113 
0.012958 0.007282 -0.002549 0.005708 0.003563 0.002241 -0.011576 0.006036 
0.009524 0.003887 -0.005327 0.009620 -0.003419 0.010893 0.013216 0.001795 
-0.000450 0.008047 -0.000774 -0.000697 -0.007664 0.001216 0.003665 -0.003556 
0.005205 -0.002183 0.000133 -0.010304 0.004311 -0.000805 -0.004266 0.007028 
0.004897 -0.006192 -0.014307 -0.007703 -0.009190 -0.000886 0.000406 0.000649 
-0.001091 0.000434 -0.013218 0.001616 0.002279 0.001099 -0.000109 0.007469 
-0.000258 -0.001463 -0.009321 -0.008190 0.003616 0.000374 0.000625 0.006099 
0.008126 0.002346 0.004569 0.007680 0.001307 0.001371 0.003347 0.002701 
-0.005770 0.000550 -0.003734 -0.006860 -0.004852 -0.004507 -0.005047 -0.000068 
0.002579 0.001546 0.008474 -0.003723 0.000801 0.006721 0.008327 0.001119 
-0.015156 -0.007218 0.005621 -0.004421 -0.001593 0.005216 0.000516 -0.011886 
-0.019344 0.012776 0.006902 0.014141 -0.001953 -0.004425 0.009871 0.014339 
-0.019492 0.005556 0.000822 -0.001881 0.005110 0.014836 0.018347 -0.007724 
-0.016351 0.005910 0.015088 0.014305 -0.011965 -0.006068 0.001508 0.003754 
-0.016843 0.013638 -0.006038 0.001733 0.001630 0.009765 -0.003070 0.005254 
-0.040085 -0.001488 -0.004417 0.009247 0.001179 -0.004118 -0.011015 0.004601 
-0.030049 0.015091 0.006239 -0.007039 0.001128 -0.002189 -0.008819 0.015769 
-0.065859 0.026216 -0.011769 0.027029 -0.007890 0.031267 -0.049547 0.015817 
-0.063035 0.049744 -0.025633 0.005269 0.001717 -0.014839 -0.000345 0.039195 
0.016384 0.004957 0.000883 0.003972 -0.001290 0.006376 -0.001007 0.001796 
0.019701 0.001468 0.005427 -0.003092 0.001893 0.002123 -0.005147 -0.013318 
0.009456 0.006189 0.006479 -0.000054 0.002557 0.009758 -0.001313 -0.001117 
0.012681 -0.002973 0.008594 -0.008243 -0.007122 0.002110 -0.000713 -0.012931 
0.007032 -0.000919 0.008217 0.002725 0.002041 0.005007 -0.001040 0.002087 
-0.005060 -0.005769 0.007884 -0.002542 -0.000852 0.000515 -0.001348 0.007483 
-0.004489 -0.007389 -0.006347 0.002921 -0.003427 0.001178 0.000208 0.002620 
0.001064 -0.002644 0.009592 -0.000256 0.001126 -0.004242 0.003159 -0.005831 
0.002957 -0.001090 0.003166 -0.009902 -0.000191 -0.001972 -0.012615 -0.005244 
0.000426 0.009316 -0.002353 0.007500 0.003468 0.006680 -0.012935 0.005472 
-0.006356 0.008233 0.000308 0.004391 -0.003369 0.004207 -0.000388 0.000207 
-0.002433 -0.008650 0.002488 0.007014 -0.005877 -0.006734 -0.001560 -0.000715 
-0.014449 0.002390 0.003585 -0.005882 0.010888 0.002549 -0.004311 0.001271 
-0.005173 0.001327 0.005561 0.009374 0.001054 -0.012372 0.016144 -0.005263 
-0.027607 0.005904 -0.001095 -0.001943 -0.008013 -0.007599 -0.012591 0.009242 
-0.000891 -0.001262 -0.007370 0.001638 0.000224 -0.002448 0.004041 0.003883 
-0.023293 0.017348 0.005678 0.003403 -0.008707 0.012355 -0.023280 0.006680 
-0.026670 0.016757 -0.008467 0.007686 0.006845 -0.018081 -0.000487 0.000991 
-0.072044 0.059304 -0.000231 0.005093 0.007847 0.022690 -0.035294 0.027639 
-0.050407 0.048213 -0.007229 -0.012146 0.016198 0.003405 0.011368 0.031422 
0.024175 -0.001855 -0.003358 0.007008 -0.003387 0.004222 -0.006000 0.006000 
0.011219 -0.010631 -0.004669 -0.001308 0.003033 -0.000056 0.008533 0.003332 
0.007371 -0.002427 0.001880 -0.008272 0.004815 0.007846 0.002412 0.001458 
0.002407 0.006214 0.002648 0.001538 -0.004650 0.004579 0.000458 0.005379 
0.000643 -0.005750 0.000781 -0.001023 0.004263 -0.004571 0.002024 -0.002437 
0.004087 -0.008634 -0.004480 -0.000783 0.001137 0.000506 -0.006159 0.004839 
-0.012125 -0.003739 0.001058 0.006781 -0.005173 -0.011127 -0.002213 -0.007710 
-0.002020 -0.000373 0.009256 -0.001142 0.007462 0.003615 -0.001453 0.004436 
-0.008945 -0.004410 -0.001052 0.002212 -0.000284 0.002708 -0.003903 -0.002545 
0.007739 0.007381 -0.012719 0.000947 -0.010373 -0.005472 0.000299 -0.000844 
-0.011601 -0.005962 -0.004130 0.002280 -0.001067 -0.008529 -0.000189 -0.003732 
-0.007817 -0.002321 -0.002385 -0.004393 0.005537 0.001021 0.002049 0.001034 
-0.016090 0.003773 0.016379 -0.010952 0.009353 -0.002692 -0.006138 0.004657 
-0.002979 -0.004564 -0.000651 0.000173 0.004389 -0.001405 0.006548 0.002111 
-0.014999 -0.008648 0.002340 0.008580 0.009445 -0.001834 0.004850 -0.006220 
-0.013873 0.006545 0.001835 0.003630 0.010514 -0.005861 -0.000082 0.003559 
-0.024945 0.000492 -0.001834 -0.003675 -0.009542 0.001319 -0.000061 0.014435 
-0.021179 0.009874 0.008586 -0.014733 0.007617 -0.015637 -0.005795 0.022579 
-0.094749 -0.002146 -0.000970 0.018846 -0.029457 0.022754 -0.026096 0.031030 
-0.073881 0.042684 -0.012152 0.007612 -0.005580 -0.003513 0.005859 0.040184 
0.020623 0.002888 -0.003662 0.002803 -0.003257 -0.001819 -0.004106 0.005186 
0.010119 -0.006512 -0.004667 0.001731 0.006263 -0.005512 0.000424 0.002500 
0.002102 -0.002856 0.009744 -0.006149 0.005584 0.011201 -0.003634 -0.001433 
-0.005378 0.001976 0.005428 0.008774 -0.001885 0.004199 0.004378 0.004663 
0.005012 -0.002392 0.001978 -0.001051 -0.003914 -0.002763 -0.005861 0.002541 
0.000746 -0.010362 -0.000642 0.001446 -0.000814 0.005873 0.006246 -0.000002 
0.006790 0.007792 -0.001070 0.000871 -0.001542 -0.003979 0.001852 -0.006366 
0.005312 0.002674 0.002719 -0.009750 0.002722 0.003183 0.006034 0.002040 
0.000514 -0.004509 0.004979 -0.003085 -0.011260 -0.004120 0.006210 0.002509 
-0.003778 0.001565 0.002758 -0.000459 0.001877 -0.010225 0.006146 -0.009572 
-0.013121 0.001812 -0.009423 0.001198 0.007110 0.005267 0.006302 0.005868 
-0.003148 0.002890 -0.004902 -0.001613 0.009543 0.000864 0.003193 0.016830 
0.009325 -0.008242 -0.002537 0.004990 0.008513 0.007621 0.013121 0.006204 
-0.000582 -0.003548 0.008199 -0.014416 -0.004680 0.001661 -0.007261 0.001641 
-0.008936 -0.004987 0.005843 0.017622 -0.004768 -0.000662 0.000527 0.012657 
-0.005377 0.004618 -0.007624 -0.006642 0.017399 -0.004089 0.009979 0.014753 
-0.022098 -0.006245 -0.011426 -0.003876 0.001593 0.002750 -0.013452 0.002305 
-0.040053 0.007292 0.002493 0.012544 -0.003188 -0.001135 0.003167 0.017441 
-0.109581 0.012387 -0.017938 0.021666 -0.027097 0.034039 -0.044812 0.008756 
-0.043692 0.054357 -0.019538 0.014484 0.005614 -0.008956 -0.000924 0.040452 
0.010204 -0.000813 0.001043 -0.003696 0.001473 -0.006724 0.002923 0.000209 
0.006650 -0.000516 0.001398 -0.003108 -0.012966 0.014825 0.000584 0.002587 
0.004736 -0.013852 0.003374 0.004766 0.006423 -0.001885 -0.001390 0.003303 
-0.006050 0.007327 -0.000939 0.000280 0.004789 -0.004332 -0.005879 -0.003852 
0.000224 -0.001435 -0.003004 0.001237 -0.004432 -0.007625 -0.008600 -0.006164 
0.001141 -0.004206 0.004667 -0.002787 0.008516 0.002292 0.008000 -0.003775 
-0.003164 -0.001069 0.003646 -0.001958 0.011810 -0.004922 0.000469 -0.005479 
0.001573 0.008994 0.002356 -0.000197 -0.000760 -0.007600 -0.000683 -0.001895 
-0.005078 -0.007033 -0.004108 0.003394 -0.001984 0.004325 -0.011693 0.005730 
0.001108 0.004772 0.004488 -0.010554 0.000296 -0.003914 0.005058 0.004390 
-0.010009 -0.012475 0.007680 0.001781 -0.006655 0.000707 -0.004328 0.002146 
0.006260 -0.003798 -0.000705 -0.003707 0.001592 -0.000972 -0.006360 0.007901 
-0.016765 -0.001633 -0.003790 0.001285 -0.005699 0.001049 -0.002523 0.005568 
-0.003858 -0.008473 -0.003170 -0.012379 -0.004507 0.003043 0.002809 0.000704 
-0.026973 0.001049 -0.001421 -0.004918 -0.013060 0.010406 -0.009701 0.008406 
-0.000109 -0.001316 -0.002600 -0.005012 0.004759 -0.005299 0.009558 0.006871 
-0.025979 -0.003955 -0.007543 0.000680 0.004460 0.003385 -0.011166 -0.007845 
-0.013766 0.005265 0.001302 0.005838 -0.003226 -0.004593 -0.001839 -0.001579 
-0.058764 0.042272 -0.000601 0.002620 0.001284 0.034278 -0.017628 0.008175 
-0.040547 0.048081 -0.022285 0.021588 -0.015092 -0.021113 -0.055900 0.038937 
0.016175 0.006505 0.001858 -0.000261 0.004985 0.006112 -0.009283 -0.009387 
0.015516 0.013363 0.006878 0.002627 0.003495 -0.003407 -0.004696 0.000690 
0.003000 0.000711 -0.005141 0.002014 -0.007260 -0.004335 -0.013375 0.005762 
0.006777 0.005956 0.004282 -0.007719 0.011878 0.015400 0.008751 -0.003945 
0.004707 0.008472 -0.007955 0.005638 0.000660 0.008401 -0.003439 0.005736 
0.004910 -0.006968 -0.003705 -0.001309 0.001081 -0.007604 -0.002486 -0.000813 
0.008596 0.002690 0.000968 0.000384 -0.001257 -0.001584 -0.004856 -0.002526 
-0.001152 -0.003756 0.004549 -0.007691 -0.000899 -0.000656 -0.006803 0.002511 
-0.001991 -0.003479 0.002065 -0.002664 0.001326 0.012021 0.002898 0.000007 
-0.000279 0.004154 0.001776 0.001316 0.006059 -0.006941 0.003062 0.000025 
-0.009312 0.003693 -0.001535 -0.009141 -0.001497 -0.013091 -0.000525 -0.006112 
-0.007321 0.010093 -0.002514 0.001516 -0.012801 0.000827 -0.006081 -0.002228 
-0.009539 0.003009 -0.017855 0.005471 0.010374 0.002849 0.003062 -0.006925 
-0.005217 -0.009221 0.006395 0.003455 0.006525 -0.014281 -0.007978 -0.003058 
-0.007676 0.009187 -0.020037 -0.013933 -0.004222 0.017636 0.002647 0.004300 
-0.009375 0.003153 0.006009 0.001571 0.001021 0.000677 0.000167 -0.009327 
-0.011051 0.004994 0.005458 0.012971 0.003465 -0.003610 -0.014888 0.008526 
-0.005726 0.026000 0.008137 -0.005069 0.004684 0.000546 -0.000460 0.013330 
-0.081743 0.011742 -0.009346 -0.001241 -0.034977 0.042734 -0.060023 0.060121 
-0.062412 0.035993 -0.005528 0.005272 0.004174 -0.009558 -0.025423 0.021282 
0.000335 -0.013121 -0.006286 0.003075 -0.001006 -0.000352 0.004753 -0.001510 
0.013436 -0.013106 0.003122 0.002054 0.006238 -0.007365 0.002422 0.000370 
0.004210 -0.011735 0.001478 0.002816 0.004816 -0.004273 -0.003470 0.002981 
0.006506 -0.007607 -0.002758 -0.001304 0.012041 -0.003761 0.006581 -0.013342 
0.009080 -0.005084 -0.004656 -0.011491 0.005443 -0.004878 -0.009281 0.003604 
-0.000410 -0.010128 0.007248 -0.003655 0.008068 -0.004607 -0.001515 -0.007556 
-0.005235 0.009566 0.007559 -0.001091 0.004564 0.003370 -0.004076 0.008112 
0.019499 -0.013717 0.001909 0.002981 -0.002953 0.008500 0.007619 -0.002582 
0.000841 0.002960 -0.001154 0.004869 -0.000434 0.000269 -0.001995 0.003097 
0.003278 -0.012852 0.009271 0.007292 0.015345 -0.000038 0.001924 0.003286 
0.002053 0.004847 -0.009525 0.008405 -0.004963 0.007530 -0.001169 -0.001929 
-0.005659 -0.015936 -0.001174 -0.009105 -0.001499 -0.002957 0.001293 -0.000499 
0.000531 0.008773 -0.001608 -0.001141 0.003939 -0.001016 0.001376 0.012698 
-0.014931 -0.016167 -0.000403 -0.005405 0.014403 -0.007538 0.005263 -0.011687 
0.003862 0.004650 0.010451 0.002866 -0.003904 0.008982 -0.006354 -0.005706 
-0.018524 -0.005350 -0.009491 -0.017329 0.009138 -0.019161 -0.002044 0.011367 
-0.021270 -0.006699 0.001179 -0.008486 -0.017563 -0.005070 -0.027020 0.021611 
-0.022055 0.001168 0.008992 -0.000638 -0.013940 -0.023873 -0.001326 -0.005437 
-0.063815 0.036517 -0.013486 0.008053 -0.046139 0.012405 -0.027355 0.030157 
-0.028852 -0.002891 -0.022744 0.009383 0.009604 -0.011106 -0.000354 0.013342 
0.013286 -0.001510 -0.002514 -0.003761 -0.002943 0.003963 -0.005365 0.006625 
0.009128 -0.009973 0.003463 -0.007379 0.001600 0.003682 -0.000261 0.004244 
0.005179 0.003495 -0.000607 0.006597 -0.002885 -0.015119 0.000721 0.006918 
0.001091 -0.010756 0.008369 -0.001420 0.000726 -0.010868 -0.001636 0.002233 
0.008202 0.003590 -0.001315 0.001185 -0.007226 -0.003732 -0.002485 0.004131 
-0.005127 -0.000488 0.002014 -0.001540 0.005778 0.000973 0.010628 -0.002876 
0.000342 0.003559 -0.002280 0.003176 0.002411 0.000879 -0.009808 0.003088 
-0.006122 -0.017620 0.004169 -0.011270 0.002044 0.001557 -0.007839 0.005542 
-0.002449 -0.003411 0.003018 -0.005572 -0.008638 0.005910 0.001864 -0.006589 
-0.002941 -0.020220 0.000952 -0.001585 0.003060 0.005152 0.010148 -0.006612 
0.002114 -0.000090 0.001772 0.001396 -0.003445 0.005508 0.008487 0.009737 
0.008724 -0.004560 -0.002325 0.009462 0.010970 -0.010002 -0.002863 -0.005180 
-0.007443 0.010546 0.014551 0.014724 0.004670 0.013124 0.004142 -0.000624 
-0.003986 -0.017935 0.027682 0.003192 -0.003554 -0.012606 -0.003015 0.000061 
-0.010494 -0.008373 0.008072 -0.001975 0.001629 0.014877 -0.017194 0.004732 
0.015177 -0.017721 0.003826 0.009084 0.014593 -0.007091 -0.016417 0.012936 
-0.013325 -0.014801 -0.004400 0.002913 -0.014021 0.008332 -0.022036 0.019311 
-0.008285 0.002120 0.019362 -0.004568 0.024705 -0.014187 0.002016 0.000488 
-0.076592 0.057616 -0.016745 -0.004484 -0.020663 0.023090 -0.022671 -0.006162 
-0.017825 -0.009011 0.017867 -0.010471 0.038457 -0.025024 -0.001025 -0.015760 
0.015539 -0.004098 -0.010563 0.007676 -0.001129 -0.022329 -0.003506 0.001091 
-0.025096 -0.006830 0.017361 0.002195 0.004138 0.009130 -0.021517 -0.001174 
0.030097 0.000335 0.009368 0.013407 -0.005888 -0.008436 -0.012708 0.002085 
-0.013405 0.001761 0.025853 0.008254 0.012586 0.013395 0.001117 -0.010899 
0.003009 -0.007116 -0.011857 0.016214 0.009035 -0.011194 -0.002866 -0.006956 
0.002992 -0.004257 0.017547 0.003148 0.005045 0.017297 0.002011 0.003899 
0.004677 0.004856 -0.007578 0.003028 -0.019259 -0.030862 -0.003900 -0.002932 
-0.025108 0.001898 0.020307 -0.011240 -0.009637 0.005889 -0.013228 0.003845 
-0.010488 -0.010336 -0.010669 0.010570 -0.012547 -0.021346 0.000932 -0.012494 
-0.013635 -0.010057 0.029043 -0.010006 0.012136 0.017888 -0.005050 -0.005606 
-0.012590 -0.011624 -0.010873 0.004316 -0.009262 -0.021593 0.017752 -0.012583 
-0.021584 0.007622 0.018692 -0.010557 0.010637 0.029526 -0.023077 -0.000125 
0.004536 0.000309 0.003366 -0.004664 -0.017096 -0.019978 -0.001088 -0.014736 
-0.028475 -0.003044 0.043191 -0.000346 0.008031 0.031818 -0.023402 -0.023965 
-0.036643 -0.027193 -0.014778 0.003147 -0.022519 -0.038882 0.014354 -0.014909 
-0.018877 -0.023321 0.049853 -0.025904 0.022646 0.021726 -0.044843 -0.010519 
-0.017887 -0.035468 0.030086 0.026692 0.006383 0.006852 0.000047 -0.006995 
-0.018412 -0.008348 0.046706 -0.003729 0.023318 -0.024279 -0.021510 0.021346 
0.004893 0.002458 -0.060730 0.011682 -0.055907 -0.030573 -0.019793 0.012355 
0.000715 -0.028410 0.042209 -0.032868 -0.027965 0.043536 0.009422 -0.003021 
