0.160312 1.086922
0.186854 1.217263
0.170698 1.270730
0.146718 1.281415
0.114311 1.250121
0.089450 1.186111
0.088932 1.098985
0.067810 1.013261
0.038401 1.007208
0.164640 1.177881
-0.364724 1.103314
-0.294649 1.212470
-0.160194 1.268695
-0.053813 1.280467
-0.002752 1.253822
0.038736 1.201700
0.057714 1.104572
0.082038 1.027225
0.089394 0.989931
-0.055851 1.074058
0.013260 0.903906
0.015776 0.952728
0.022934 0.968178
0.028440 0.976097
0.024686 0.969427
0.030049 0.964177
0.016980 0.962737
0.018021 0.946936
-0.002591 0.947503
0.025671 0.938308
-0.001999 0.906311
0.012767 0.953109
0.009477 0.971772
0.011729 0.979361
-0.010452 0.980228
-0.016622 0.973441
-0.021641 0.969275
-0.035599 0.963124
-0.050264 0.984550
-0.064391 0.983876
0.157294 1.088256
0.183120 1.215573
0.165570 1.268787
0.139996 1.278390
0.108869 1.246883
0.082998 1.184096
0.084943 1.096498
0.063691 1.013137
0.038467 1.003441
0.158658 1.194314
-0.363943 1.102384
-0.294945 1.211009
-0.160605 1.266208
-0.055916 1.276551
-0.001622 1.250789
0.039698 1.198712
0.060387 1.102351
0.086452 1.027118
0.095090 0.991942
-0.051312 1.057756
0.005286 0.707010
0.003659 0.705244
0.000984 0.705652
-0.005695 0.703397
-0.005311 0.702051
0.001886 0.703680
-0.002825 0.707991
0.004593 0.699342
-0.010597 0.693843
0.054276 0.707592
-0.058483 0.704130
-0.093304 0.702155
-0.133084 0.704986
-0.170202 0.704305
-0.210453 0.709053
-0.233535 0.707360
-0.272827 0.709522
-0.284232 0.702248
-0.306170 0.704053
-0.394073 0.728634
0.008893 0.706190
0.018051 0.699153
0.023285 0.698016
0.024112 0.687956
0.029737 0.686060
0.032245 0.680833
0.033838 0.683729
0.040751 0.671706
0.055636 0.664897
0.027413 0.722789
-0.009216 0.700321
-0.026314 0.703255
-0.039667 0.697992
-0.050401 0.695994
-0.066154 0.688216
-0.075406 0.692068
-0.084784 0.685780
-0.083817 0.683174
-0.106887 0.690196
-0.164706 0.727647
0.002940 0.698285
0.018401 0.697609
0.022157 0.702062
0.032346 0.707828
0.039407 0.712077
0.045057 0.716883
0.049996 0.698891
0.068957 0.692551
0.082070 0.698080
0.131401 0.617775
-0.015957 0.693635
-0.027479 0.695666
-0.034417 0.703101
-0.043156 0.707892
-0.042471 0.714950
-0.054302 0.710051
-0.061833 0.705096
-0.059993 0.699433
-0.058242 0.677408
-0.129349 0.705409
0.007331 0.696802
0.011020 0.718035
0.013604 0.755267
0.019688 0.790314
0.023767 0.814764
0.021621 0.818046
0.023398 0.804961
0.036488 0.756646
0.011594 0.716435
0.062821 0.769669
-0.012712 0.691738
-0.011452 0.715096
-0.019736 0.756058
-0.023542 0.789528
-0.029203 0.813036
-0.033778 0.813140
-0.036961 0.793368
-0.043620 0.751634
-0.047806 0.720147
-0.090371 0.800465
0.019286 0.705750
0.025601 0.737625
0.027090 0.788717
0.020027 0.826788
0.026789 0.845761
0.022415 0.837519
0.017430 0.809215
0.020221 0.764396
0.001009 0.747083
0.059663 0.767159
0.052797 0.700493
0.058430 0.734290
0.064118 0.786470
0.054467 0.820172
0.041026 0.840324
0.024880 0.839317
0.018006 0.799888
-0.007575 0.750485
-0.026186 0.728634
0.029577 0.861462
0.017090 0.658142
0.035934 0.695912
0.040500 0.740322
0.044671 0.770873
0.055728 0.773298
0.059913 0.764227
0.061447 0.722347
0.085063 0.669472
0.079652 0.639462
0.152353 0.711962
-0.011142 0.660801
-0.037336 0.695587
-0.064527 0.745265
-0.092385 0.771876
-0.122351 0.777963
-0.150143 0.765556
-0.176717 0.716888
-0.188830 0.671703
-0.213423 0.629187
-0.303150 0.789494
0.003367 0.708403
0.008689 0.709037
0.008525 0.706086
0.016016 0.702185
0.014140 0.704773
0.015259 0.702549
0.021217 0.694808
0.022460 0.695957
0.042918 0.699641
0.095717 0.671705
-0.008988 0.704634
-0.015085 0.705494
-0.018931 0.704202
-0.021753 0.702901
-0.023998 0.706372
-0.027970 0.701244
-0.035479 0.702376
-0.035684 0.702934
-0.032284 0.711364
-0.097572 0.675218
0.002728 0.707856
0.011979 0.705653
0.008912 0.706954
0.014021 0.708516
0.019789 0.705772
0.024707 0.702565
0.025903 0.696613
0.031794 0.704269
0.042551 0.710672
0.093439 0.661064
-0.006657 0.705566
-0.014311 0.707688
-0.014357 0.705467
-0.023234 0.704151
-0.020990 0.707856
-0.024266 0.703020
-0.031017 0.702830
-0.027924 0.697269
-0.037781 0.697274
-0.087448 0.702313
0.002050 0.706766
0.008946 0.707464
0.011775 0.704741
0.015054 0.700271
0.017800 0.711106
0.020975 0.703046
0.019356 0.703602
0.038233 0.697690
0.038532 0.688872
0.020152 0.670657
-0.013038 0.703351
-0.010645 0.705451
-0.010384 0.707419
-0.022830 0.712730
-0.015970 0.711780
-0.022494 0.707766
-0.026240 0.705741
-0.024948 0.703375
-0.029756 0.708015
-0.039849 0.666097
0.003159 0.709321
0.005440 0.705139
0.015143 0.707259
0.012360 0.710608
0.018022 0.708555
0.021955 0.706079
0.024958 0.709723
0.031148 0.698612
0.033327 0.697738
0.060125 0.702258
-0.009519 0.703257
-0.011247 0.703747
-0.015256 0.708005
-0.014454 0.705735
-0.017956 0.709792
-0.019323 0.713995
-0.023628 0.708423
-0.025068 0.713939
-0.025010 0.687973
-0.016331 0.649340
0.001128 0.707933
0.008052 0.706601
0.004203 0.709156
0.015284 0.712191
0.018351 0.710618
0.015017 0.713456
0.018113 0.714810
0.030108 0.700849
0.022307 0.721936
0.030657 0.689413
-0.011213 0.703626
-0.010972 0.706727
-0.016206 0.706654
-0.013356 0.713397
-0.015457 0.712812
-0.025260 0.713820
-0.021735 0.712704
-0.017945 0.707025
-0.004868 0.721186
-0.054080 0.719499
0.004742 0.706031
0.004441 0.705814
0.001583 0.709235
0.011445 0.715192
0.015316 0.722648
0.016484 0.720408
0.017817 0.715942
0.027091 0.710324
0.007326 0.707303
0.060790 0.699679
-0.011719 0.703208
-0.008450 0.707355
-0.007934 0.709738
-0.012498 0.712856
-0.018404 0.717241
-0.009241 0.723407
-0.021452 0.717432
-0.026803 0.706798
-0.035515 0.695642
-0.088375 0.758443
-0.001438 0.706836
0.005895 0.711427
0.007498 0.712855
0.006652 0.719772
0.006444 0.722452
0.010721 0.731972
0.010148 0.720444
0.016464 0.720540
0.014690 0.708117
0.056002 0.721775
-0.007761 0.703135
-0.010956 0.705476
-0.013108 0.712576
-0.015017 0.719343
-0.013500 0.723397
-0.025183 0.726731
-0.019715 0.718383
-0.015645 0.713435
0.002219 0.716945
-0.046478 0.750288
0.003452 0.708786
0.000090 0.710858
0.002329 0.717741
0.006554 0.723907
0.006237 0.728995
0.007247 0.730983
0.005273 0.729190
0.009394 0.716566
-0.018842 0.719143
-0.073722 0.690988
-0.008195 0.701598
-0.006533 0.706422
-0.013865 0.712796
-0.010273 0.719839
-0.016216 0.728183
-0.012346 0.728619
-0.012181 0.721587
-0.015615 0.711890
-0.017836 0.716931
0.026668 0.724151
0.008664 0.707458
0.007555 0.710936
0.010497 0.721227
0.008192 0.725499
0.009110 0.730866
0.007721 0.731789
0.007716 0.727794
0.011717 0.719975
-0.012578 0.718456
-0.008900 0.741047
0.001701 0.702490
0.005707 0.709256
0.001999 0.717044
-0.000811 0.725641
-0.000772 0.730795
-0.009699 0.732622
-0.015550 0.727218
-0.013154 0.716108
-0.008568 0.727276
-0.034773 0.754920
0.009770 0.707453
0.008648 0.710843
0.011735 0.717171
0.010246 0.725965
0.014809 0.735704
0.005269 0.735204
0.010165 0.729958
0.015012 0.719192
0.036380 0.727483
0.106003 0.694730
-0.015784 0.704582
-0.005479 0.710350
-0.010295 0.721339
-0.011547 0.728550
-0.012646 0.734411
-0.019905 0.732634
-0.011468 0.734710
-0.028106 0.718800
-0.056198 0.701788
-0.086563 0.754913
0.006123 0.705358
0.006866 0.712149
0.011523 0.722333
0.004371 0.733007
0.012673 0.734332
0.007172 0.732679
0.008461 0.732403
0.010534 0.731106
0.013230 0.727552
0.047646 0.691129
-0.007602 0.708142
-0.011244 0.712217
-0.009484 0.720510
-0.011284 0.727675
-0.017921 0.737796
-0.019609 0.738973
-0.018826 0.729534
-0.018132 0.721306
-0.024767 0.722713
-0.033696 0.684654
0.015974 0.710996
0.010825 0.717808
0.008857 0.723229
0.005185 0.732933
0.010556 0.739052
0.012016 0.742567
0.006247 0.732842
0.006219 0.721530
-0.028785 0.716491
0.043356 0.703137
0.017597 0.701975
0.010180 0.709377
0.012839 0.720136
0.011792 0.728871
0.001004 0.734011
-0.001580 0.729200
-0.000309 0.727363
-0.016099 0.717328
-0.019978 0.696727
-0.034566 0.788019
0.023578 0.713695
0.030149 0.715830
0.021945 0.725358
0.024420 0.733522
0.023201 0.739143
0.024456 0.740077
0.015896 0.727221
0.019247 0.723272
0.018049 0.722982
0.073267 0.680999
0.058114 0.698761
0.052135 0.707997
0.043050 0.715988
0.040121 0.723772
0.037956 0.728981
0.024003 0.732192
0.024215 0.721743
0.005007 0.710640
-0.002347 0.700089
0.099181 0.751486
0.006506 0.710936
0.004501 0.715161
0.004052 0.720586
-0.000220 0.731604
-0.001235 0.732985
-0.006630 0.728018
-0.003467 0.724872
-0.007409 0.721283
-0.003753 0.721830
-0.052664 0.679014
0.086598 0.699796
0.073752 0.709463
0.073586 0.718921
0.059719 0.725673
0.051434 0.729357
0.040483 0.727103
0.025539 0.722495
0.013267 0.711108
-0.010029 0.715459
0.063394 0.741294
0.033229 0.703631
0.034231 0.706438
0.042554 0.708648
0.036260 0.711827
0.030715 0.713107
0.026819 0.714278
0.023106 0.713484
0.035043 0.713444
0.005029 0.713850
-0.055233 0.663241
0.123873 0.698074
0.107269 0.702483
0.104994 0.704417
0.086391 0.706684
0.078086 0.706671
0.058600 0.708169
0.052156 0.705085
0.036834 0.699592
0.042130 0.702457
0.001311 0.731489
0.050545 0.957652
0.065246 0.942392
0.052152 0.938930
0.038252 0.934193
0.022036 0.929836
0.010211 0.927641
0.010147 0.914335
-0.001166 0.905656
-0.005912 0.877649
-0.030676 0.824986
-0.009117 0.959182
-0.008340 0.931389
-0.000798 0.939602
0.010152 0.938042
0.012842 0.925395
0.010003 0.925217
0.015816 0.915208
0.012008 0.902095
0.023264 0.917661
-0.070012 0.880896
-0.006358 0.902932
0.000390 0.955904
-0.014143 0.974497
-0.012575 0.976881
-0.020969 0.986000
-0.031348 0.970068
-0.023412 0.964007
-0.029934 0.966368
-0.036388 0.950160
-0.104590 0.977991
-0.001155 0.894617
-0.001038 0.944070
-0.010913 0.963694
-0.005718 0.973908
-0.003342 0.967288
-0.010163 0.962519
-0.010276 0.956995
-0.015696 0.952180
0.008196 0.946991
0.038283 0.939422
0.049812 0.959195
0.064919 0.944340
0.049839 0.941629
0.036298 0.936589
0.018594 0.932927
0.005090 0.930520
0.006029 0.915346
-0.006075 0.909207
-0.010835 0.884892
-0.048598 0.833809
-0.009309 0.960761
-0.008221 0.933533
-0.002247 0.941044
0.009424 0.940387
0.012257 0.928245
0.008542 0.927803
0.013551 0.917738
0.008673 0.904281
0.023636 0.922996
-0.067565 0.888975
0.004834 0.708185
0.010540 0.703136
0.018316 0.703666
0.021978 0.702011
0.036362 0.704662
0.037601 0.700178
0.050084 0.694393
0.038772 0.700077
0.063179 0.693221
0.086970 0.689785
0.001194 0.711475
0.001844 0.710374
0.008475 0.707765
0.013422 0.705731
0.009553 0.704879
0.012761 0.705940
0.016732 0.704926
0.031342 0.704472
0.040246 0.706648
-0.010670 0.674660
0.023729 0.708004
0.020475 0.707238
0.028426 0.711583
0.031532 0.711928
0.032888 0.707800
0.031717 0.703146
0.036881 0.702761
0.035784 0.698692
0.029051 0.705087
0.083960 0.697377
-0.005613 0.709467
-0.000052 0.708604
0.006494 0.713158
0.005475 0.710328
0.005024 0.712813
0.014749 0.708894
0.010477 0.697436
0.015892 0.706724
0.047483 0.693223
0.058773 0.656945
0.014327 0.706393
0.001581 0.707703
-0.004717 0.710857
-0.010512 0.710927
-0.008704 0.706967
-0.020360 0.706445
-0.024173 0.702945
-0.012412 0.690727
-0.005539 0.691350
0.025598 0.717140
0.007585 0.709750
0.014209 0.711117
0.023550 0.711431
0.029056 0.715820
0.025957 0.711685
0.039494 0.709293
0.046599 0.707269
0.050782 0.704251
0.063908 0.691045
0.001705 0.689292
0.010943 0.704850
0.008975 0.702834
0.008402 0.703568
0.004397 0.706512
0.009747 0.707150
0.016761 0.704847
0.003932 0.709460
0.009940 0.710511
0.029318 0.711527
-0.014813 0.708448
-0.000003 0.707179
0.004055 0.703639
-0.000725 0.706629
0.009540 0.708471
-0.001602 0.706173
0.006737 0.710442
-0.001791 0.706069
-0.000962 0.697788
-0.002061 0.702115
-0.004743 0.696334
0.014944 0.701900
0.015886 0.697690
0.014840 0.702893
0.022946 0.702549
0.012475 0.708479
0.015231 0.711894
0.023989 0.710781
0.023714 0.712116
0.010507 0.715483
0.037203 0.717532
-0.005814 0.706791
-0.016153 0.704507
-0.018584 0.705489
-0.018142 0.710024
-0.013931 0.709424
-0.019142 0.706478
-0.014903 0.712335
-0.020291 0.709899
-0.003199 0.700653
-0.141385 0.720923
0.032164 0.703599
0.024317 0.701638
0.027146 0.704972
0.027287 0.713626
0.031919 0.715248
0.029393 0.714199
0.030875 0.700879
0.035914 0.700136
0.049671 0.687991
0.086671 0.717560
-0.001707 0.708142
0.003932 0.704897
0.011790 0.709070
0.021266 0.719696
0.014654 0.718712
0.031047 0.715585
0.031367 0.700262
0.040973 0.696576
0.075050 0.686266
-0.012551 0.623920
0.005662 0.706009
0.000725 0.709226
-0.001979 0.709552
-0.003478 0.705066
-0.007677 0.704059
-0.005491 0.703735
-0.010574 0.706322
0.003589 0.694691
0.008629 0.690616
0.071051 0.711799
0.006639 0.708650
0.007314 0.710497
0.012432 0.707601
0.010384 0.710532
0.012480 0.708348
0.017303 0.709428
0.021054 0.708925
0.021960 0.702476
0.047099 0.681442
-0.083130 0.723313
0.005765 0.705879
-0.001575 0.707328
-0.005447 0.708416
-0.003560 0.707633
-0.000962 0.704184
-0.011619 0.702845
-0.017257 0.703257
-0.002652 0.700177
-0.000081 0.708400
-0.039668 0.748300
0.006278 0.711124
0.006718 0.709374
0.007901 0.707265
0.010598 0.710276
0.007986 0.711303
0.014254 0.709151
0.020234 0.702191
0.023893 0.704973
0.036336 0.692532
0.020310 0.692247
0.005565 0.705975
0.002139 0.704602
0.000306 0.707247
-0.007971 0.702477
-0.001952 0.707344
-0.006164 0.702151
-0.002454 0.704307
-0.006151 0.699923
-0.017101 0.702303
0.022138 0.633962
0.004376 0.710328
0.004682 0.709508
0.006093 0.710619
0.003904 0.710656
0.010240 0.709455
0.016366 0.706627
0.017620 0.707040
0.018717 0.703268
0.027148 0.715401
-0.005505 0.705720
0.008149 0.707614
0.001585 0.707118
-0.001853 0.709649
-0.004455 0.707912
-0.004273 0.704879
-0.015906 0.704700
-0.015524 0.700148
-0.011600 0.705018
-0.003875 0.702378
-0.019632 0.747006
0.004465 0.707693
0.006587 0.708042
0.012631 0.707594
0.018945 0.708900
0.010010 0.704829
0.016911 0.705852
0.018814 0.705482
0.032189 0.714063
0.000153 0.708572
-0.007262 0.742412
0.007506 0.706157
0.000648 0.708418
0.000165 0.707439
-0.002731 0.708154
-0.003546 0.705630
-0.005807 0.705526
-0.006246 0.706049
-0.011804 0.708112
-0.000616 0.699348
0.015398 0.712970
0.005514 0.707341
0.006706 0.705894
0.011544 0.708059
0.018430 0.709610
0.014953 0.704850
0.022522 0.710853
0.024860 0.702221
0.014885 0.705620
0.030548 0.710489
0.077143 0.719954
0.005466 0.706513
0.001089 0.706404
0.002772 0.707496
0.002974 0.705854
0.005958 0.705531
0.006933 0.707190
-0.002135 0.708197
0.013043 0.703058
0.048267 0.700382
-0.006939 0.692064
-0.001830 0.709646
0.000621 0.706926
0.001704 0.706603
0.002459 0.708197
-0.003799 0.704587
0.000276 0.710851
-0.005403 0.709399
-0.001694 0.702994
-0.014421 0.690545
0.054151 0.688967
0.004823 0.708778
0.004977 0.707927
0.001828 0.705724
0.000224 0.707340
0.004887 0.702085
0.008574 0.703666
0.005825 0.706898
-0.002170 0.706452
0.014031 0.710942
-0.075764 0.698176
0.001877 0.705877
0.001731 0.709658
-0.001106 0.708278
0.003351 0.707209
0.001770 0.706137
0.005806 0.705549
-0.000575 0.708947
0.002049 0.703409
0.007843 0.692770
-0.002937 0.680024
0.011340 0.704920
0.006824 0.705382
0.004689 0.704712
0.001922 0.703317
0.002771 0.708820
0.013633 0.706984
0.008264 0.702908
-0.000989 0.717307
-0.011685 0.701753
-0.017949 0.758097
-0.000183 0.708516
0.001374 0.706774
-0.002656 0.707731
0.008992 0.710450
-0.005250 0.708702
0.004020 0.707069
-0.007507 0.707667
-0.007687 0.706316
0.014285 0.718672
0.082470 0.782427
0.006971 0.705374
0.004499 0.704979
0.008350 0.705514
0.005647 0.709767
0.001804 0.713108
0.006641 0.701659
0.003253 0.717758
0.006737 0.712513
0.015777 0.716759
-0.006167 0.733570
-0.003154 0.705770
-0.000984 0.705864
-0.004111 0.703963
0.000209 0.707999
-0.000548 0.708443
-0.000419 0.707241
0.003652 0.708808
-0.009529 0.712950
-0.010357 0.699433
-0.067458 0.674831
0.003834 0.706555
0.000529 0.706421
0.002761 0.705533
0.001017 0.702616
0.002478 0.708240
0.002439 0.706241
-0.005364 0.710342
0.005789 0.708148
-0.005717 0.732766
0.073732 0.728950
0.002068 0.708250
0.006467 0.707892
0.004060 0.709804
0.009639 0.709573
0.001777 0.706303
0.007431 0.708772
0.008982 0.706869
0.014549 0.706767
-0.004814 0.712296
-0.087587 0.660068
-0.000030 0.705955
0.001251 0.703649
-0.000125 0.705683
0.001773 0.702975
-0.007140 0.709594
-0.006047 0.707807
0.005756 0.709775
0.001929 0.712924
-0.007646 0.714905
0.066339 0.670671
0.003460 0.707045
-0.000273 0.708561
0.000349 0.708367
0.002467 0.708548
-0.000529 0.709074
-0.004829 0.704910
-0.003021 0.705439
-0.003385 0.708802
0.005552 0.688234
-0.057703 0.709084
0.016686 0.703914
0.014634 0.706206
0.008776 0.704309
0.013701 0.707496
0.006113 0.708204
0.014493 0.707975
0.014306 0.706222
0.010806 0.706401
-0.009772 0.691997
0.050481 0.725590
0.001386 0.708998
-0.004685 0.706036
-0.006086 0.706456
-0.003075 0.707930
-0.004115 0.708425
-0.003350 0.710373
0.003867 0.709352
-0.002780 0.704800
-0.016027 0.713596
-0.008872 0.702464
0.021614 0.706703
0.019713 0.703773
0.019160 0.707383
0.020077 0.709605
0.021261 0.703843
0.015635 0.712365
0.022313 0.708671
0.022312 0.705229
0.023097 0.708481
0.053603 0.787045
-0.016809 0.706795
-0.013204 0.708580
-0.016950 0.706437
-0.011648 0.708707
-0.009507 0.713151
-0.010696 0.705596
-0.013768 0.709153
-0.012699 0.710465
0.040221 0.690650
-0.071284 0.657971
0.011228 0.704585
0.004438 0.705181
0.004801 0.705585
0.008623 0.705283
0.005577 0.710381
0.003840 0.705839
0.002624 0.709727
0.009833 0.704638
0.028959 0.714459
-0.080530 0.743261
0.004514 0.709480
-0.005526 0.709283
-0.008087 0.708395
-0.010683 0.710545
-0.001314 0.706602
-0.003952 0.704925
-0.003379 0.708685
-0.010948 0.710012
-0.013995 0.714841
-0.107378 0.750083
-0.004768 0.692666
-0.003555 0.693760
-0.001214 0.696490
0.006462 0.697890
0.005308 0.703508
0.013694 0.699242
0.014475 0.697529
0.018367 0.702797
0.002444 0.694553
-0.073872 0.699447
-0.051557 0.719939
-0.055668 0.717078
-0.048612 0.713082
-0.054452 0.712468
-0.043781 0.711124
-0.046738 0.709681
-0.052654 0.716355
-0.051365 0.710065
-0.085152 0.709623
-0.112552 0.713899
-0.042730 -0.030906 0.002369 -0.007578 -0.001779 -0.000272 -0.002096 0.001386 
0.238132 -0.009823 -0.005272 -0.002710 -0.007452 -0.002261 -0.001411 0.003444 
-0.049056 -0.020357 0.000487 -0.001935 -0.002215 0.004747 0.001838 0.005141 
0.155190 -0.008269 -0.003273 -0.003081 -0.006165 -0.002078 0.001969 0.001346 
-0.014741 -0.006158 -0.003559 -0.000843 -0.000107 0.001701 -0.001391 -0.004249 
0.063772 -0.000221 0.001630 0.001816 0.002214 0.000365 0.004599 -0.000418 
0.009111 0.001333 -0.001666 0.000921 0.003468 -0.002278 -0.002160 -0.000316 
-0.023324 0.000463 -0.000596 -0.001477 -0.006282 -0.001282 0.000070 0.001392 
0.028295 -0.000316 0.000298 -0.001427 -0.000055 0.001793 0.002324 -0.003123 
-0.093098 -0.004787 -0.000486 0.000041 0.001984 -0.006244 0.002674 0.001558 
0.042739 -0.010965 -0.001679 0.002485 0.002159 0.001712 -0.000357 0.004116 
-0.156186 -0.017157 -0.002042 0.001812 0.001642 -0.002901 -0.004736 0.000199 
0.057099 -0.027746 -0.014132 0.000669 0.002619 0.002086 -0.002202 0.000792 
-0.210035 -0.027233 0.002350 0.000261 -0.000350 -0.007234 0.001670 -0.000588 
0.068859 -0.036135 -0.008900 -0.002703 -0.002859 0.001333 -0.001774 -0.001822 
-0.236346 -0.026862 -0.000275 0.000580 0.000483 -0.003397 0.000012 0.004729 
0.052214 -0.046796 -0.009563 0.002205 -0.001603 0.004159 0.002535 -0.001320 
-0.248915 -0.025844 0.009933 0.001946 -0.000080 0.002149 0.000512 0.000317 
-0.000610 -0.047399 -0.006280 0.002859 0.003287 -0.003833 0.001283 0.001988 
-0.208163 -0.002714 0.010560 -0.000210 0.002807 0.001059 0.002867 0.000114 
0.004627 -0.004629 0.003149 0.005339 0.000869 0.001851 0.002108 -0.001899 
-0.019884 -0.000098 0.001224 0.002946 -0.000155 0.002136 -0.000321 -0.000563 
0.010036 -0.003748 -0.010441 0.004991 0.000411 0.002692 0.003653 -0.003080 
-0.020844 -0.006667 0.002730 -0.004292 -0.000202 0.000544 0.004506 -0.004385 
0.005769 -0.004362 -0.001723 0.004708 0.001770 0.000416 -0.001887 0.002514 
-0.009944 -0.003171 0.000167 -0.003278 0.003868 -0.000088 -0.004877 0.000284 
0.003328 -0.001282 -0.005494 0.000165 -0.003023 0.001083 0.002024 -0.003775 
0.002347 0.002305 0.004124 0.003496 0.000708 -0.003989 0.000643 -0.000027 
0.001682 -0.000729 -0.004998 0.007247 -0.000933 0.003292 0.003499 -0.006253 
0.010272 -0.005061 -0.003202 -0.002374 -0.000469 -0.004559 -0.001347 -0.001504 
-0.002916 0.001984 -0.005345 0.001431 0.000200 0.003479 -0.003597 -0.007325 
0.016928 -0.002137 0.003054 0.003645 -0.001234 0.004785 -0.000458 0.002986 
-0.002953 0.006285 -0.011984 0.010221 -0.001441 -0.002465 -0.000026 0.000741 
0.017813 0.000952 0.001809 -0.002428 0.001441 -0.001900 -0.003483 0.001274 
-0.005556 -0.001267 -0.010812 0.005738 0.000170 -0.002275 -0.003269 -0.002192 
0.010669 -0.000284 -0.000245 -0.004417 0.003294 0.002216 -0.009309 -0.005756 
-0.000533 -0.001453 -0.004378 -0.000793 -0.006707 0.002116 0.009715 -0.012056 
0.003829 -0.004563 -0.007066 0.005247 0.001474 -0.002277 -0.002804 -0.000113 
0.004110 0.015218 -0.009689 -0.003665 -0.007356 0.006194 -0.002415 -0.014700 
0.001431 0.004416 -0.004594 -0.000780 -0.001080 -0.001571 -0.012359 0.002654 
-0.043241 -0.034052 0.001706 -0.006536 -0.004014 -0.001309 0.001905 0.000122 
0.239831 -0.010062 -0.004136 -0.002748 -0.005211 -0.004362 -0.000226 -0.000724 
-0.049931 -0.020342 0.000776 -0.002721 -0.001443 0.001425 -0.000578 0.003359 
0.156905 -0.008565 -0.002129 -0.003994 -0.000648 -0.002336 0.003754 0.000841 
-0.014062 -0.005647 -0.000616 -0.002180 -0.002011 -0.000270 -0.000609 0.002734 
0.064541 -0.000093 0.000727 0.002599 0.002225 0.001774 0.004764 0.001938 
0.008411 0.002133 -0.002159 0.000409 0.000561 -0.001304 0.002588 -0.000659 
-0.023361 -0.001709 0.001543 -0.000781 -0.007538 -0.001274 0.002172 0.003830 
0.029140 -0.000567 -0.002530 -0.000597 -0.000151 -0.000934 -0.000163 -0.000895 
-0.093530 -0.006388 -0.000563 0.002596 0.004717 -0.001349 0.001226 -0.000146 
0.042581 -0.011042 -0.000993 0.003941 0.001708 -0.000087 -0.001328 0.005804 
-0.157319 -0.017701 -0.003271 0.003046 0.003079 -0.003994 -0.004545 0.001976 
0.057919 -0.027206 -0.013578 0.000445 0.003201 0.004052 -0.005055 -0.000147 
-0.211286 -0.027500 0.000580 0.003272 -0.001356 -0.008049 -0.002965 0.002897 
0.069790 -0.036514 -0.007684 -0.004962 0.000180 0.002138 -0.000332 0.001422 
-0.237893 -0.027177 0.000009 -0.001028 0.001217 -0.003927 -0.001124 0.003349 
0.053570 -0.046244 -0.008759 0.000980 -0.002032 0.004408 0.003996 -0.002430 
-0.249052 -0.026246 0.008690 0.005112 0.000343 0.002428 0.000402 -0.000247 
0.000314 -0.047400 -0.004146 0.003230 0.003610 -0.003735 0.001111 0.002521 
-0.209887 -0.002677 0.011255 -0.000592 0.000815 0.000373 0.001622 0.000504 
-0.005659 -0.028166 0.001636 0.006788 -0.001234 0.003858 0.000809 -0.002207 
-0.189786 0.004306 0.000830 0.002699 -0.002410 0.005264 -0.003990 -0.004515 
-0.009598 -0.016288 -0.000257 -0.005538 0.001412 0.004250 -0.001290 -0.001570 
-0.121265 0.004600 0.003757 -0.000116 -0.000502 -0.002661 -0.002928 -0.002381 
-0.003838 -0.010345 -0.001160 0.000790 0.002793 0.003418 -0.003539 0.000770 
-0.054492 0.007148 -0.000599 0.000450 -0.002527 0.001584 -0.001079 0.002005 
-0.008426 0.005039 -0.004765 0.007740 -0.008060 0.000543 0.001637 0.000294 
0.017007 0.005253 -0.001113 -0.001154 -0.001892 0.004390 0.002094 0.000895 
-0.001725 -0.008477 -0.004553 0.002359 -0.002115 -0.004143 0.001680 0.002629 
0.071904 0.002738 -0.004966 0.000632 0.001751 0.004357 0.004222 -0.003089 
0.001004 -0.000927 -0.003990 0.004758 -0.003743 -0.003578 -0.000462 0.000643 
0.120491 0.003313 -0.002431 -0.000084 0.003815 0.000047 -0.001390 -0.007162 
-0.001367 -0.010963 0.003226 0.008049 -0.002444 -0.004456 0.000447 0.006137 
0.145541 0.007579 -0.009071 -0.004454 0.007404 -0.002033 -0.008535 -0.008050 
0.005183 -0.015563 -0.002120 0.002752 -0.003749 -0.006073 -0.002254 -0.003927 
0.161829 0.008593 -0.008008 -0.001844 0.000765 -0.002309 -0.009855 -0.013393 
0.009330 -0.009106 0.000686 0.010770 -0.006193 -0.011511 -0.000559 0.002689 
0.152432 -0.002246 -0.007928 -0.001141 0.005813 0.006062 -0.009693 -0.014070 
-0.011923 0.019116 0.014532 0.005963 -0.004096 -0.015825 0.005327 -0.003688 
0.161854 0.005001 -0.006518 -0.001920 0.010113 -0.003753 -0.009693 -0.016186 
0.022400 -0.007302 -0.004742 -0.000034 -0.004664 -0.002384 0.007305 0.000732 
-0.068994 0.002983 0.002466 0.003596 -0.004497 0.002490 -0.003832 0.000394 
0.006810 -0.002002 -0.002455 -0.000158 0.002592 0.004806 -0.001760 -0.005941 
-0.041292 0.003275 0.002982 0.000809 -0.003807 0.000841 0.002882 -0.001366 
0.005022 -0.001981 0.000672 -0.003968 -0.000865 -0.005431 -0.005537 -0.000857 
-0.016979 0.002652 -0.000638 -0.000379 -0.000193 -0.001761 0.008477 0.001753 
0.000101 0.001403 -0.001780 -0.005878 0.005298 -0.000899 -0.001167 0.002027 
0.005247 0.002247 -0.001881 0.004534 -0.001129 0.002421 -0.004323 0.005849 
-0.010674 -0.002716 -0.001429 0.001077 0.004469 0.002424 0.001352 -0.002991 
0.022101 -0.001161 0.003171 -0.005193 0.000080 -0.001244 0.003528 0.004721 
-0.008637 0.002577 0.004144 -0.004242 -0.005146 0.001042 -0.002197 -0.001609 
0.036137 0.000328 0.001478 0.001397 0.002530 0.000313 0.001406 -0.007843 
-0.022132 0.005416 -0.002847 0.000137 -0.005271 0.001658 -0.002480 -0.002108 
0.058455 0.000479 -0.002808 0.000373 0.001887 -0.003192 -0.002795 0.001070 
-0.027091 0.001885 -0.001164 0.003574 -0.003696 -0.005473 0.000821 -0.000470 
0.057211 -0.004518 -0.000831 -0.000688 -0.006817 0.007929 -0.002908 -0.001020 
-0.032539 0.000323 0.001009 -0.004644 -0.002689 0.003230 -0.001015 0.002292 
0.082072 -0.004655 -0.001305 0.002580 -0.000087 -0.000508 0.003591 -0.005095 
-0.018659 0.010787 0.002948 0.007134 0.001163 -0.002909 0.002729 0.007257 
0.117551 -0.006649 0.000732 0.000955 0.011334 0.001938 -0.002108 -0.000448 
0.043445 -0.006198 -0.005338 -0.001130 -0.000936 -0.001274 -0.001558 -0.003385 
-0.039808 0.006780 0.000706 -0.000334 0.002783 -0.000514 0.002270 -0.000050 
0.026010 0.004126 0.003019 0.001737 -0.004542 0.002230 0.001836 0.006002 
-0.020829 0.002811 0.001834 0.004695 0.000748 -0.000273 -0.003460 0.003245 
0.007066 0.001162 -0.001374 -0.003209 0.000083 0.002061 0.004765 0.000376 
-0.004564 0.004068 0.002234 -0.001837 -0.001844 0.003584 0.001160 -0.000583 
-0.007091 0.000401 -0.002813 -0.002790 -0.002085 0.001805 -0.000028 -0.003407 
-0.000651 0.002385 0.005084 0.005922 -0.001455 -0.003245 -0.004282 -0.000151 
-0.015780 -0.000531 0.006363 0.003926 0.001111 0.002368 -0.002304 0.007842 
0.017227 0.004270 -0.002782 0.000714 0.002702 -0.000455 -0.004284 0.000792 
-0.025430 0.002014 -0.001098 -0.004602 -0.000035 0.005112 0.001924 0.001019 
0.020339 0.012467 -0.001605 0.002553 -0.007088 -0.000346 0.000322 0.000383 
-0.029783 0.000500 -0.002726 -0.001445 -0.000915 0.003968 0.000711 -0.003132 
0.034714 0.006477 0.000371 -0.001544 -0.001174 0.002175 -0.000717 -0.000894 
-0.042807 -0.000908 -0.004073 -0.000667 0.003057 -0.000635 0.000105 0.000068 
0.039450 0.004094 -0.000584 -0.000011 -0.001874 -0.001178 -0.000184 0.000328 
-0.062061 0.001557 0.002048 -0.002385 0.001163 -0.002300 -0.009039 0.003718 
0.050426 -0.002171 0.000763 -0.001117 -0.007589 0.000867 -0.001645 -0.004190 
-0.102321 0.026269 0.003596 -0.008474 0.007022 0.002420 -0.006626 0.005050 
0.075008 -0.017783 0.015773 0.004109 -0.007439 0.011250 -0.005484 0.003458 
0.016088 0.002163 0.003851 -0.003634 0.003874 -0.001610 -0.001335 0.001324 
-0.020910 -0.000645 -0.002419 0.000856 0.002354 -0.001327 -0.000466 -0.004940 
0.007033 0.002661 -0.000133 -0.000219 -0.000180 0.003833 0.005203 0.001392 
-0.010852 0.002246 -0.002814 0.000234 -0.002965 -0.006090 -0.000626 0.001370 
0.003131 -0.003024 0.003729 0.002056 0.006407 -0.002609 -0.001724 0.004749 
-0.002999 0.000575 -0.006430 -0.001445 0.003339 0.002858 0.000353 -0.002521 
0.000308 0.000579 -0.002530 0.001255 0.002686 0.003403 0.000156 0.001320 
0.004648 -0.000336 -0.002475 0.001321 0.000978 -0.001489 -0.005543 0.006275 
-0.008199 -0.001758 -0.002098 0.002128 0.000555 0.002269 -0.005157 0.003931 
0.009767 -0.000628 0.006919 0.003798 0.002664 -0.005288 -0.005130 0.000428 
-0.009428 0.000404 -0.002231 -0.004088 0.001848 0.003540 0.003102 0.000617 
0.015396 -0.001456 -0.004387 -0.002519 0.002737 -0.001663 -0.001645 0.001537 
-0.013762 -0.001834 -0.002753 -0.000164 -0.002533 0.001248 0.005905 -0.000723 
0.022343 -0.000471 0.002208 -0.002122 0.002785 -0.002899 -0.001246 -0.003977 
-0.022304 0.002635 -0.000502 -0.000348 -0.001365 -0.001840 0.005999 -0.006044 
0.016674 0.002301 -0.004327 -0.000614 0.001285 0.000793 -0.001563 -0.003499 
-0.024918 0.008485 0.001128 -0.001018 0.006512 -0.004001 0.001928 -0.001008 
0.030366 -0.002605 0.001076 0.004889 -0.004175 0.000360 0.002287 -0.001418 
-0.043951 0.008145 0.010060 -0.008126 -0.001548 0.001353 -0.008782 -0.005737 
0.061030 -0.004993 0.000044 0.003284 -0.005139 0.007966 -0.001001 -0.004369 
-0.000857 0.000835 0.000898 0.000626 -0.001686 0.003646 -0.003260 0.001324 
-0.037199 -0.000499 0.003761 0.004603 -0.001329 0.000824 -0.000859 0.002918 
-0.001202 -0.005978 0.002975 -0.002531 -0.006201 -0.004471 0.001670 -0.006715 
-0.023377 -0.003017 0.005547 0.009454 0.002490 0.000357 -0.000079 -0.000618 
-0.003927 0.002575 0.003002 0.000314 -0.003774 -0.000176 0.004374 -0.000288 
-0.009323 0.001906 -0.000313 0.003942 -0.001640 -0.001898 -0.000264 0.001521 
0.001116 -0.000900 -0.000930 -0.000184 -0.000525 0.001340 0.001956 0.001119 
0.003633 -0.005588 -0.001845 -0.003370 0.000943 -0.005689 -0.005656 0.000055 
0.003604 -0.000509 0.003955 0.000261 -0.002575 -0.001885 -0.002710 0.000265 
0.021210 -0.003683 -0.005621 -0.001284 0.004579 0.004606 -0.003500 -0.001879 
0.007006 0.001097 -0.001797 -0.001033 -0.001817 0.001180 -0.002557 0.003071 
0.029612 -0.003988 0.002340 0.000236 0.006917 0.003076 -0.000503 -0.001590 
-0.000056 -0.000232 -0.001618 -0.004415 0.006345 0.003541 0.002858 0.001278 
0.044044 0.002477 0.003700 -0.006322 0.000474 0.005857 -0.000194 -0.001093 
-0.000205 -0.001804 0.004432 -0.003209 -0.002574 -0.005413 0.002052 0.000848 
0.055555 -0.003851 -0.000361 0.001410 0.007998 0.000652 0.003798 0.001623 
0.003878 -0.000042 -0.005019 -0.005896 -0.004255 0.002173 -0.006013 0.002215 
0.054040 -0.001807 0.007434 -0.010073 0.004312 0.003887 0.000763 -0.001316 
-0.011158 -0.008350 -0.003943 -0.007276 -0.006942 0.012230 -0.007092 0.002991 
0.027902 -0.000280 -0.001851 -0.002877 0.001101 0.013515 -0.002533 0.000876 
0.047012 -0.006866 -0.001353 -0.007377 0.003250 -0.006780 -0.006633 -0.004647 
-0.151810 -0.004961 -0.000864 0.006650 0.005041 -0.001206 0.002404 -0.000289 
0.017046 -0.000174 -0.004969 0.003228 0.000753 0.004301 0.000328 0.002699 
-0.085993 0.004322 0.000810 -0.001044 0.002389 -0.002781 0.000927 -0.002388 
0.004577 -0.002135 -0.001864 -0.003284 0.004528 -0.003869 -0.003081 0.000729 
-0.031563 0.006589 -0.000278 -0.002140 0.000350 -0.000314 -0.002609 -0.003309 
-0.005741 -0.002422 0.002135 0.000214 0.001692 0.001423 -0.002276 -0.004263 
0.014700 0.000950 0.000603 0.003331 0.000384 -0.002531 0.001408 0.000356 
-0.015084 -0.003356 -0.001545 -0.001323 0.000045 -0.002188 -0.004707 -0.002414 
0.058384 0.004480 -0.000344 -0.005805 0.004015 0.007899 -0.001901 -0.001564 
-0.021952 -0.003484 -0.000268 -0.004529 -0.002805 0.003393 -0.005418 -0.000678 
0.097732 0.000332 0.001203 0.000876 0.000593 -0.000928 0.005101 0.000885 
-0.036042 -0.005869 -0.004267 -0.000980 0.001541 -0.002449 0.002456 -0.008563 
0.139569 0.000645 0.007230 -0.000170 0.000391 0.002389 -0.002904 0.004281 
-0.047340 -0.015617 0.003692 0.004086 -0.002443 -0.001372 0.001799 -0.002399 
0.162802 -0.007211 0.001714 -0.002894 -0.001541 -0.007258 0.006119 0.004553 
-0.065742 -0.015633 -0.002676 0.002862 0.000926 0.003102 0.001310 0.002486 
0.190021 -0.013548 0.000470 -0.006455 0.002974 -0.000646 -0.001730 -0.000944 
-0.114605 -0.022549 0.006072 0.000284 -0.006478 0.003814 -0.001237 -0.000338 
0.248151 -0.030016 0.001426 0.005643 -0.005655 -0.002560 0.001734 0.004837 
0.016136 -0.009541 -0.002299 0.001724 0.001360 -0.001459 0.001233 -0.000591 
-0.019672 0.003370 -0.002150 -0.001000 -0.002950 0.000136 -0.001684 0.001727 
0.008268 0.001453 -0.000328 0.000129 -0.002649 -0.008795 -0.001821 0.002672 
-0.012443 0.001416 -0.003087 0.001426 0.002203 -0.003907 0.007254 0.000544 
0.005157 -0.000688 0.002127 0.002298 0.002147 -0.000953 -0.005221 -0.001087 
-0.003425 0.003873 0.002094 -0.000558 -0.000281 0.004939 -0.005025 -0.000375 
-0.001425 0.000712 0.000389 0.000384 0.007159 0.002138 -0.003011 0.001675 
-0.000159 0.001581 -0.001090 -0.004002 0.001083 -0.004397 0.005702 0.005476 
-0.007616 0.001895 0.000764 0.001101 -0.003547 0.001865 -0.002905 0.003353 
0.011598 -0.003514 -0.004192 -0.000360 0.000927 0.000300 0.003476 0.004656 
-0.010111 -0.000439 0.007851 -0.001155 0.000722 0.006377 -0.003699 0.000594 
0.015500 0.001227 -0.003471 -0.000510 -0.001816 0.004920 0.003467 -0.000259 
-0.006356 0.001449 0.005839 -0.003729 -0.001726 0.004001 -0.005073 0.005407 
0.018834 -0.003820 0.001688 0.003191 -0.003235 0.001369 0.001647 0.000079 
-0.015420 -0.002125 0.000882 -0.008292 -0.005093 -0.006178 -0.002421 -0.008517 
0.013996 0.000193 0.006705 -0.002217 -0.002995 0.004788 -0.001182 0.008313 
-0.022220 0.001148 0.002922 -0.004482 0.007174 0.005116 -0.006132 -0.012301 
0.021708 -0.002177 0.003206 0.004288 -0.000787 0.007646 0.003832 -0.004384 
-0.038888 0.030961 -0.013014 0.004180 0.004318 -0.002556 0.003256 0.000037 
0.044915 -0.004952 -0.001237 0.002553 -0.005790 0.022568 -0.000268 -0.005936 
0.020406 -0.001967 -0.005085 0.001258 -0.005551 -0.001540 0.000027 -0.003409 
-0.019687 0.005093 -0.006825 0.000652 -0.003496 0.004469 -0.000279 0.000072 
0.012828 0.002501 -0.002558 -0.001809 0.000310 0.000166 -0.003594 0.000414 
-0.009855 -0.004313 -0.002127 -0.004862 0.003227 -0.005500 0.003263 0.000788 
0.003106 -0.001208 0.000758 -0.001302 -0.000587 0.001599 -0.004333 0.000932 
-0.007475 0.001911 -0.000797 0.000988 0.002105 -0.002432 -0.000969 0.001617 
-0.000449 0.002077 -0.004577 -0.004794 -0.001009 0.003782 -0.000072 0.002407 
0.004402 0.000347 -0.004563 -0.003965 0.002286 0.000965 -0.001582 0.000681 
-0.009638 0.008607 -0.000351 -0.001970 0.005414 0.001737 0.000619 -0.003142 
0.006187 -0.001035 0.001044 -0.004573 0.000286 -0.000196 0.002364 0.002917 
-0.008349 -0.001482 0.001059 0.001558 0.002459 0.008379 -0.002466 -0.000878 
0.012249 -0.004309 -0.001606 -0.000116 0.007751 0.001245 0.004101 -0.003345 
-0.011461 0.000305 0.003937 -0.001840 0.000679 0.005354 0.000323 -0.004859 
0.013594 0.003620 -0.000643 -0.002263 -0.010159 -0.000972 0.004293 -0.000908 
-0.018061 -0.002175 0.004415 -0.004759 0.004170 -0.001805 -0.003958 -0.009211 
0.019720 0.002325 -0.000664 0.008123 0.000216 0.003530 0.005164 -0.008243 
-0.021456 -0.009071 -0.002597 -0.014607 0.009943 -0.001694 -0.008212 0.003586 
0.020806 0.014950 -0.000497 0.003795 -0.002793 0.004883 0.003651 -0.004666 
-0.047413 0.044543 -0.012764 -0.001259 0.011567 -0.006093 0.002152 -0.003317 
0.023832 -0.007265 0.012408 0.004212 0.002635 0.000582 -0.006855 -0.004882 
0.016718 -0.004807 -0.004799 -0.003654 -0.001358 -0.004547 -0.004101 0.000690 
-0.011796 -0.000703 0.006849 -0.001597 -0.000574 -0.004524 0.000529 -0.003915 
0.016218 -0.001384 0.002883 -0.003965 0.004194 0.000559 -0.004051 0.001836 
-0.006753 0.005889 0.005697 0.002380 -0.002424 -0.002344 0.001229 -0.002895 
0.004588 -0.005964 0.003539 -0.000335 0.004957 -0.000118 0.002757 0.006336 
-0.005559 0.000696 0.004134 0.001436 -0.001382 -0.001493 -0.000111 -0.003724 
-0.004293 -0.004861 -0.001457 -0.001521 -0.000062 0.001117 -0.004195 -0.001578 
-0.001821 -0.007628 -0.001009 -0.000302 -0.004685 0.004689 0.001101 -0.000898 
-0.005947 0.000921 -0.002680 -0.002933 -0.006201 -0.002790 -0.004164 0.004389 
0.012383 0.001609 0.001457 0.001110 -0.001163 -0.000758 -0.000449 -0.000750 
-0.017155 0.003342 -0.001600 -0.004453 0.006361 0.001191 0.000375 -0.001856 
0.014441 0.001307 -0.001005 -0.002054 0.001814 0.000110 0.001192 0.001901 
-0.015043 0.004790 0.002401 -0.003446 0.005571 0.003218 0.000850 -0.005234 
0.020067 -0.003941 0.008995 -0.001031 -0.002769 0.007534 0.000636 -0.000305 
-0.017402 -0.001193 0.001210 -0.007331 0.002617 -0.004827 -0.010085 0.001337 
0.012105 0.003927 0.002636 -0.001822 -0.005306 0.007505 0.002042 -0.002107 
-0.024388 0.008280 -0.000419 -0.001117 0.007897 -0.001225 -0.003297 0.004051 
0.004775 -0.002107 0.001928 -0.006143 0.002804 0.006362 0.003742 0.001803 
-0.027717 0.020181 0.001440 -0.001496 0.008251 0.019930 0.004870 0.008225 
0.016047 -0.007816 0.000050 0.002804 0.006371 0.010495 0.009607 0.000701 
0.019769 -0.002696 0.000891 -0.005603 -0.000237 -0.003929 0.001464 -0.000494 
-0.011835 0.002109 -0.000192 0.004016 0.003606 -0.000512 -0.001202 0.005606 
0.013907 -0.002357 -0.000042 0.003108 -0.005116 -0.001682 -0.000764 0.005282 
-0.007799 0.004233 0.000242 -0.002007 0.004214 0.002386 0.004042 0.002293 
0.001973 0.001861 -0.000683 -0.001105 -0.006601 0.002093 -0.001391 0.000366 
-0.001647 0.002676 -0.003604 0.000434 0.001532 -0.000103 0.000316 -0.000992 
-0.003947 0.004407 -0.000168 -0.006401 0.004091 -0.007179 -0.001851 0.000678 
-0.001535 0.002774 -0.003679 -0.001857 0.000593 0.002142 0.002741 -0.002635 
-0.001115 -0.002313 0.006789 0.002005 -0.003014 0.004709 -0.004339 -0.001134 
0.008154 0.002590 -0.003818 -0.002837 0.002980 0.003750 0.002157 -0.001658 
-0.016630 0.003551 -0.004568 -0.003901 0.000255 -0.004025 0.001011 -0.007025 
0.007893 0.000761 0.001462 0.002549 -0.000856 -0.002655 0.000522 0.006268 
-0.020837 0.005637 -0.002397 -0.001277 0.003263 0.002072 -0.003301 0.001639 
0.011158 0.001219 0.004716 -0.000840 -0.006593 -0.003075 0.001425 -0.005653 
-0.017233 0.005730 -0.000752 0.001295 -0.002167 0.002489 -0.002148 0.002901 
0.014206 -0.001685 0.000467 -0.002136 -0.000103 0.003539 0.004308 -0.003929 
-0.024003 0.009490 -0.000060 0.002462 0.007330 -0.002362 -0.000519 0.003787 
0.008203 0.002903 -0.002006 0.001619 -0.004193 0.003938 -0.004446 0.004405 
-0.038877 0.017055 -0.007898 -0.009350 -0.003317 -0.003996 -0.001846 0.011304 
0.018601 -0.004783 0.009072 0.005698 0.002761 -0.000951 0.003318 0.007962 
0.018270 -0.003766 -0.003239 -0.001138 0.003422 0.005230 -0.002309 -0.002471 
-0.009790 0.007372 0.000656 -0.006080 -0.001323 -0.000106 0.005026 0.004935 
0.008183 -0.000357 0.000007 -0.001222 0.003421 -0.005238 -0.001697 -0.008274 
-0.010955 0.003087 -0.003556 0.001846 0.002252 -0.000213 -0.002583 0.000155 
0.004768 -0.003621 -0.004248 -0.000451 0.008765 -0.001025 0.002747 0.004381 
-0.000038 0.007043 -0.000307 0.001139 -0.001247 0.000415 0.002424 0.002640 
-0.005179 0.000201 -0.001816 0.003037 0.002037 0.004117 0.000793 -0.002008 
-0.001566 0.007362 -0.000930 -0.001863 -0.003441 0.000200 -0.002983 0.000727 
-0.009385 0.002152 0.002084 -0.005703 0.003681 0.000254 0.004360 0.003502 
0.006581 0.000648 0.005691 0.000408 -0.004927 0.004320 -0.001288 0.000049 
-0.013101 0.002235 -0.000044 0.003691 -0.002009 -0.000937 0.000480 0.001442 
0.004037 0.002185 0.002643 0.000616 -0.008075 0.004545 0.001374 -0.001180 
-0.012968 0.000319 0.001845 0.002857 0.000590 0.000432 -0.002245 -0.001881 
0.008151 -0.001684 0.006738 -0.002964 -0.005500 0.006511 0.002370 0.000410 
-0.018564 0.003256 -0.010114 -0.000320 -0.002948 0.001453 -0.005217 0.005637 
0.007804 0.000507 -0.001808 0.006734 -0.008188 -0.001262 0.002927 0.000346 
-0.014071 0.002161 0.003015 0.005937 0.000284 -0.003022 0.004367 -0.005103 
0.010297 -0.001933 -0.001086 -0.003788 -0.006892 0.004670 0.003665 0.000023 
-0.031830 0.037228 -0.001372 -0.003085 0.006159 0.002256 -0.003663 0.008464 
0.004378 -0.006503 0.007707 0.006408 -0.003189 0.004967 -0.000121 -0.002500 
0.016524 -0.001543 -0.002113 -0.004523 -0.002352 -0.007405 -0.001247 -0.001019 
-0.010923 0.002361 -0.000199 -0.000723 0.001459 -0.002624 0.000837 0.001811 
0.006172 -0.000458 -0.006831 0.001231 -0.001689 0.000415 0.004404 0.003232 
-0.004783 0.001851 -0.005326 0.002385 0.000524 0.006377 0.004708 0.000874 
0.004277 0.002835 0.001183 0.001495 -0.001669 0.005766 0.002354 0.002064 
-0.006389 -0.000773 -0.000997 -0.003276 -0.001062 -0.003826 -0.002239 0.002627 
-0.000830 -0.004118 0.002017 -0.006757 -0.005449 0.000522 0.001449 -0.001511 
0.001101 -0.000104 0.001454 0.003301 0.000158 -0.000711 -0.003054 0.000473 
-0.011443 -0.003450 0.007556 0.003342 0.005137 0.000602 -0.005995 0.003236 
0.006328 0.000292 0.005420 -0.001250 -0.005882 0.002251 0.001928 0.001914 
-0.007944 -0.000917 -0.001582 0.001928 0.005575 -0.000392 -0.000542 0.002986 
0.002727 -0.000496 -0.000231 -0.003463 0.000944 -0.005490 -0.000921 -0.001409 
-0.011637 -0.006337 -0.002062 -0.003502 0.000382 -0.004502 0.001402 -0.002975 
0.008162 -0.003355 0.009821 0.002801 0.003564 0.001905 0.002608 0.003520 
-0.012568 0.005537 -0.005486 -0.006620 0.004343 0.002518 0.004196 0.008280 
0.002053 -0.003196 0.003239 0.002890 0.002760 -0.001097 0.006292 0.000244 
-0.012136 0.001589 0.006107 -0.009559 0.003811 -0.002367 -0.001541 -0.000815 
0.002506 0.000384 0.008683 -0.000619 -0.004201 -0.003221 0.007685 -0.005138 
-0.020666 0.010423 -0.006997 0.002325 -0.000802 -0.001258 -0.016278 0.001561 
0.010517 -0.005914 0.003755 -0.002284 0.005522 0.009216 0.004697 -0.002319 
0.010331 -0.003390 0.001137 0.002416 -0.004638 -0.003207 0.000289 -0.000995 
-0.009808 -0.005615 0.000886 0.000222 0.000566 -0.003444 0.004490 -0.003354 
0.009627 -0.000613 0.002071 -0.000675 -0.001592 -0.000777 0.000595 0.005465 
-0.010663 -0.006475 0.002710 0.001948 0.004287 0.000205 -0.004208 0.005673 
0.000922 0.000287 -0.002480 -0.002727 -0.001607 -0.004521 -0.004523 0.004165 
-0.001220 0.002327 -0.000909 0.002629 -0.000458 -0.000607 -0.000248 0.002806 
0.001194 0.000818 0.004424 -0.003887 -0.002057 0.004114 0.001658 -0.001634 
0.002483 -0.001981 -0.003138 -0.000773 -0.001042 -0.003022 -0.001299 -0.002331 
0.000853 -0.003081 0.002133 -0.002900 0.002723 0.003055 0.002010 0.001133 
-0.001059 -0.004773 0.000423 0.005851 -0.002205 0.001656 -0.002316 0.003323 
-0.002183 0.002502 0.000001 -0.001848 0.000338 -0.004207 -0.005585 -0.002908 
0.001265 -0.001578 -0.000509 -0.005106 -0.000429 0.001360 -0.001813 0.001790 
-0.006878 0.004168 -0.003157 -0.001087 0.003073 0.003500 -0.001406 0.000917 
0.007537 -0.003691 -0.006329 0.000214 -0.000907 -0.000817 -0.002577 0.003873 
-0.005320 -0.003676 -0.000929 0.004677 -0.005410 0.004065 0.001269 -0.000155 
0.006586 0.003850 0.001081 -0.009591 -0.005678 0.000401 0.006503 -0.003277 
-0.015547 0.010926 0.004323 0.003794 0.001427 -0.001542 -0.002005 -0.002767 
0.001083 0.000715 0.007261 0.002064 -0.004049 -0.000125 -0.001420 -0.004733 
-0.019540 0.023167 -0.005619 -0.005697 0.001518 -0.001807 -0.007810 -0.004176 
0.019941 0.004194 0.012097 0.006582 0.007238 0.004399 -0.004679 0.000311 
0.001653 -0.002905 0.001879 0.001841 -0.001324 -0.000932 -0.002557 -0.002545 
-0.004170 0.000552 -0.001882 0.001433 -0.000682 0.002384 0.000159 -0.004270 
0.003105 -0.002637 -0.001100 0.000115 0.000218 -0.002733 -0.000488 -0.002357 
-0.003312 -0.004029 -0.004733 0.000525 -0.000553 -0.002890 -0.002765 -0.001032 
-0.000867 0.005817 -0.001703 0.005307 -0.001364 0.002579 -0.001547 0.001434 
-0.003456 0.000843 -0.000593 0.002200 0.001175 0.000965 0.004226 0.002886 
0.001666 0.001632 0.001079 -0.001914 0.002608 -0.003002 0.003928 -0.006361 
0.003684 -0.001779 0.003724 0.001691 -0.000486 0.003449 0.001051 0.001237 
-0.004462 0.005618 0.000753 0.001044 0.001330 0.003092 0.001436 0.000675 
0.003328 0.001887 -0.001621 0.003246 -0.003141 -0.001321 -0.005366 -0.005474 
-0.003165 -0.001324 0.001896 0.009997 -0.003509 0.003717 0.002515 0.001680 
0.011722 0.004582 0.007018 -0.001531 -0.002750 0.001087 0.003411 -0.002573 
-0.008977 0.002362 0.000219 -0.008382 -0.000759 0.006290 -0.001943 -0.003272 
0.008484 -0.003279 0.000270 0.002141 -0.005494 -0.001325 -0.004851 -0.003822 
-0.004092 0.009622 -0.013369 0.000731 0.007621 -0.001209 0.007307 0.000171 
0.005769 -0.006695 -0.001436 0.002470 -0.006365 0.003126 0.001752 0.002507 
0.004419 0.008242 0.000845 -0.007087 0.011776 -0.004246 -0.004808 -0.003729 
0.002805 -0.004410 0.001346 0.004058 0.001013 -0.002127 -0.006626 -0.006011 
0.002063 -0.005954 -0.008535 -0.006096 0.003729 -0.006189 -0.002717 0.010012 
0.015592 0.008556 0.008836 -0.005361 -0.002154 0.002967 -0.003060 -0.004783 
0.003298 -0.003347 -0.000173 0.000484 -0.000472 -0.005718 0.003029 0.003804 
-0.014679 0.004549 -0.001095 -0.001015 -0.000826 -0.001361 -0.009692 -0.001480 
-0.000905 0.002700 0.006756 -0.000402 -0.004132 0.006012 0.002911 0.001540 
-0.007506 0.000373 -0.000849 0.003577 -0.003383 0.000410 0.002299 0.006052 
0.002943 -0.005913 0.006616 0.000788 0.000384 -0.000350 -0.001556 0.002270 
0.000012 -0.002394 0.000278 -0.006127 0.004717 0.001861 -0.001419 0.000916 
-0.003869 0.002332 0.003794 0.003492 0.003119 0.004032 -0.001925 0.002626 
0.003089 -0.001316 -0.000901 -0.001248 -0.006248 -0.000861 0.000152 -0.006050 
0.005503 -0.000090 0.001080 0.000789 0.000836 0.002690 -0.004091 0.000719 
0.009842 -0.001717 0.001393 -0.000427 -0.000373 0.000183 -0.001370 -0.000011 
-0.000850 -0.001711 0.000207 -0.007828 0.003561 0.003204 0.003408 -0.003499 
0.011514 0.004751 -0.003407 0.001343 -0.002781 0.001418 0.002463 -0.004511 
-0.001795 0.003694 0.000453 0.000299 0.000609 0.001413 -0.005346 -0.005918 
0.015109 -0.000347 -0.000395 -0.004483 -0.002091 0.001365 0.001215 0.001360 
-0.003555 0.001773 -0.003214 -0.001113 0.001192 -0.004800 -0.004918 0.004744 
0.007911 0.002122 0.001079 0.002761 0.004452 0.003792 0.003887 -0.000571 
0.010812 -0.001883 -0.004914 -0.000620 0.010333 -0.001163 -0.008288 -0.002520 
0.015041 -0.004513 0.009310 0.005258 0.003960 -0.009744 0.000512 -0.006188 
-0.026119 0.005974 0.008510 -0.001202 -0.002239 0.012071 -0.004245 -0.002287 
0.023688 0.005979 0.005209 -0.006377 -0.003254 0.009815 0.001094 -0.016709 
0.000916 0.000880 0.000729 0.001641 -0.008252 -0.001710 -0.000746 0.001377 
-0.007141 0.005975 0.002110 -0.002469 -0.004708 -0.002084 -0.001391 0.002119 
-0.002229 0.002917 -0.002093 0.006610 -0.002071 0.001815 -0.000504 0.007996 
-0.004960 0.004624 -0.003313 0.001694 0.000378 -0.000849 -0.001516 0.002344 
0.001222 0.002258 -0.001368 -0.003927 0.002355 -0.000756 0.001185 -0.001502 
0.002462 -0.001116 0.000390 0.003551 0.000999 0.004095 0.001306 -0.002243 
-0.000541 -0.003470 -0.001698 -0.000208 -0.001710 -0.001735 -0.000528 0.003044 
0.005370 0.003014 -0.001357 0.004624 0.000708 0.000468 -0.003553 -0.001439 
-0.000635 -0.003595 0.000648 -0.003260 0.001482 0.001663 -0.001385 0.002511 
0.005149 0.000012 -0.001251 -0.001069 -0.007957 -0.002374 0.002997 0.001778 
-0.006639 -0.001111 0.005945 -0.002335 -0.000072 -0.000125 -0.003031 -0.006092 
0.012344 -0.004025 -0.002790 0.001338 -0.000265 -0.001661 -0.000308 -0.008752 
-0.000668 0.003843 -0.005813 -0.003044 0.001037 0.000445 -0.003373 -0.002665 
0.013033 0.001281 0.003212 -0.001639 -0.000778 0.004269 0.000184 -0.001457 
-0.003944 0.000922 -0.006805 -0.002673 0.003584 0.001354 -0.000115 0.001361 
-0.000392 -0.004605 0.003971 0.000023 -0.002962 -0.000104 0.000831 -0.008521 
-0.007424 -0.001534 0.002610 -0.001601 0.008779 0.004288 -0.006876 -0.003731 
0.010745 0.002624 0.000457 -0.003225 -0.009370 0.004334 -0.003679 -0.010502 
0.003717 0.017547 -0.010513 -0.003449 -0.008159 0.005625 -0.012241 -0.006429 
0.014252 0.007386 -0.001749 -0.000565 -0.009010 -0.011066 -0.004732 -0.020301 
0.003853 -0.001045 0.005211 -0.002242 0.005290 -0.000507 -0.005053 -0.002301 
-0.011795 -0.000694 -0.000376 -0.002902 -0.001286 -0.007320 0.000524 -0.002667 
0.001955 -0.009271 0.003217 -0.006559 0.002411 -0.004651 0.000618 -0.004747 
-0.008047 0.001155 -0.000276 -0.002525 -0.003415 0.005596 0.003246 -0.001200 
0.000934 0.001501 -0.000508 0.001733 -0.003012 0.005339 -0.000995 -0.001754 
-0.007033 -0.004705 0.004194 0.004284 -0.001845 0.001808 0.002164 0.002668 
0.002498 -0.000662 0.001952 -0.001843 0.002341 0.000039 -0.003302 -0.002187 
0.003474 0.003402 -0.001372 0.000428 0.003584 -0.002009 0.002644 -0.001352 
0.005263 -0.000077 0.000977 -0.000370 0.003165 0.001911 0.002478 -0.005848 
0.004162 -0.003999 -0.000741 -0.001383 -0.004946 -0.002182 0.001545 -0.002134 
0.000662 0.002081 0.002662 -0.004975 0.001935 -0.001835 -0.003221 -0.002205 
0.004774 0.002182 0.000993 -0.002254 -0.004915 -0.004762 -0.004228 0.001162 
-0.008498 -0.000030 -0.000228 0.001043 -0.002809 -0.000003 -0.010102 0.003455 
0.008263 -0.004238 0.000801 -0.000173 -0.000637 0.002434 0.001791 0.002782 
-0.000595 -0.010930 -0.001304 0.003073 -0.001329 0.006431 0.004578 -0.002179 
0.009894 0.002203 -0.000421 0.003084 -0.008905 0.001502 0.006203 0.004236 
0.001255 0.001583 -0.007265 -0.010032 -0.003627 0.009041 -0.004459 -0.000844 
0.009857 0.000532 0.006285 -0.000441 0.000559 0.008540 0.002574 -0.001181 
0.009170 -0.019408 -0.003131 0.002250 -0.002209 0.007305 -0.007344 -0.009577 
0.000572 0.003146 0.002392 -0.001080 -0.001841 -0.000524 -0.004992 0.007608 
-0.005005 -0.000901 0.002401 0.000061 0.002402 -0.002819 0.000579 -0.005249 
-0.021776 -0.001999 -0.000504 -0.003016 -0.003889 0.002939 0.000319 -0.000449 
0.003840 -0.002901 -0.002229 -0.000314 0.005398 -0.000411 0.006102 0.000919 
-0.012901 -0.001233 -0.001366 0.001808 -0.002759 0.006582 -0.000910 0.002104 
-0.006407 0.000452 0.000120 -0.000236 -0.000760 -0.001762 0.003065 0.000326 
-0.002228 -0.000708 -0.000214 -0.004378 0.001236 0.001272 -0.001742 -0.005002 
-0.001634 -0.002744 -0.000393 0.002728 -0.003423 0.001188 0.005140 -0.001361 
-0.000934 0.000220 0.000473 0.001255 0.006360 0.004722 -0.000793 0.004518 
-0.001618 0.003588 -0.008934 -0.004900 -0.004004 -0.006376 0.002191 -0.000846 
0.009311 -0.001758 0.003122 0.003299 0.001048 0.000136 -0.001037 0.002714 
0.002622 0.005311 -0.001440 0.002026 -0.002861 -0.006571 0.000857 0.001757 
0.007233 -0.008734 -0.001983 -0.001188 -0.008606 0.001532 -0.000874 0.001767 
0.003163 0.005072 0.000191 0.003292 -0.001160 0.003606 0.001328 -0.001514 
0.020994 0.000515 0.003376 -0.000167 -0.003361 0.009909 -0.002162 -0.002135 
0.005901 0.005905 -0.004734 -0.004796 -0.003871 0.000837 0.000422 -0.002066 
0.023360 -0.005970 -0.006640 0.002609 0.004976 0.008617 0.004615 -0.011401 
0.022772 0.002159 -0.009155 -0.003981 -0.003856 -0.001273 0.001482 0.004425 
0.024088 0.002696 -0.002916 -0.000201 -0.004434 -0.000047 0.002829 -0.010107 
-0.000846 -0.000115 -0.011138 -0.005651 0.002160 0.008855 -0.011190 -0.012469 
0.038832 0.007553 0.000077 -0.001743 0.000036 0.014153 -0.008678 -0.010945 
-0.008940 -0.004763 0.004547 0.000681 -0.010586 0.000405 -0.000555 0.004459 
-0.033370 -0.001458 0.005912 -0.006161 0.003685 -0.003547 -0.002538 -0.000285 
-0.004234 -0.003092 0.001527 0.003474 -0.001577 0.000247 -0.003846 0.003028 
-0.022009 0.001798 0.001174 -0.000576 -0.008090 -0.000835 -0.000680 0.005950 
-0.001583 -0.004024 0.005004 -0.003172 -0.005226 0.001359 0.002795 -0.002067 
-0.003919 0.002138 0.002897 -0.005798 -0.002190 0.001904 -0.001925 -0.004686 
0.005648 0.002279 0.006437 -0.003161 -0.007982 -0.001391 0.002913 -0.001743 
0.002319 -0.004795 0.001371 -0.005907 -0.000477 -0.005327 0.001068 -0.002779 
0.000525 0.000656 0.003699 -0.000808 -0.008945 -0.000693 -0.006325 0.003470 
0.017219 -0.006878 0.001908 -0.008570 0.003690 -0.002177 0.002045 0.002158 
0.004719 -0.000419 0.000476 -0.003013 -0.000979 0.005353 -0.003064 0.002028 
0.029377 -0.000102 0.005936 -0.011509 0.001001 0.000137 0.005881 -0.004421 
0.010855 0.004546 -0.000277 -0.005044 -0.002826 0.007220 -0.004760 0.002788 
0.031053 -0.004857 0.002785 -0.012904 0.005151 0.004852 0.000967 -0.005733 
0.012541 0.005532 0.008768 -0.004011 -0.003291 0.012726 -0.004397 0.006959 
0.052126 -0.003822 0.010298 -0.011372 0.003351 0.002816 0.002632 -0.006195 
0.007315 0.018717 -0.000797 -0.003609 -0.007140 0.000249 -0.006754 0.003395 
0.053633 -0.017100 0.009183 -0.020215 0.001298 0.005924 0.003642 -0.007340 
0.002155 0.034986 -0.002405 -0.000898 -0.012261 0.013067 -0.017856 0.005547 
0.032432 -0.018741 -0.001036 -0.019225 0.004251 0.010664 0.008149 -0.012609 
-0.010507 -0.009207 0.000341 0.003682 -0.005880 0.003084 0.002293 0.003744 
-0.052793 -0.002183 0.006400 -0.001884 -0.005673 0.007203 -0.000262 0.001525 
-0.011493 -0.000211 0.001950 0.009162 0.000406 0.002352 -0.000003 -0.003459 
-0.027974 0.000648 0.005998 -0.000270 0.002100 -0.000904 -0.005648 0.004722 
-0.005861 -0.006005 -0.004899 0.002244 -0.001162 0.001802 0.006313 -0.001129 
-0.009002 0.001845 0.013218 0.000597 0.002113 0.010346 0.005217 0.001364 
0.000433 -0.002452 0.006299 -0.001776 -0.008905 0.001480 0.004445 -0.002175 
0.009006 0.000577 0.010169 -0.004349 0.006774 0.006317 0.000554 -0.004037 
0.002138 -0.005869 -0.007860 0.002570 -0.006056 0.005030 0.004019 0.003598 
0.030687 -0.004893 0.010154 -0.001923 0.009462 0.008442 0.004172 0.003134 
0.005684 -0.006321 0.002643 0.001692 -0.009098 0.004470 0.000162 0.000785 
0.039820 -0.007006 0.015955 -0.011459 0.011921 0.014614 0.002421 -0.001689 
0.007477 0.003659 -0.001295 -0.003888 -0.014069 0.010363 0.004921 0.005510 
0.055229 -0.001369 0.016496 -0.010396 0.009066 0.008270 0.007835 -0.000941 
0.008825 -0.001878 0.008307 -0.002046 -0.020251 0.011979 -0.000957 0.006241 
0.074194 0.000157 0.010507 -0.016249 0.011547 0.014282 0.000675 -0.005707 
-0.000140 0.009917 -0.004618 -0.005586 -0.006083 -0.001738 0.010067 0.003146 
0.083117 0.001445 0.031897 -0.026105 0.018135 0.008942 0.000360 -0.000985 
0.010752 0.021268 -0.001586 -0.012982 -0.017540 0.036730 0.000576 0.004472 
0.066935 0.013043 0.045765 -0.008778 0.007132 0.024859 0.001796 0.014444 
-0.003076 0.006580 0.013727 -0.012690 0.003403 0.005467 0.028165 0.006154 
-0.040540 -0.037124 0.019806 -0.009871 0.017470 0.018009 -0.003371 -0.010284 
0.000312 0.002764 0.011482 -0.001870 -0.001612 -0.004538 0.012089 0.001979 
-0.010811 -0.030396 0.009351 -0.000379 0.021197 0.016685 0.001020 -0.010863 
0.008059 0.003663 0.014718 -0.008161 -0.002657 -0.001727 0.025380 0.008838 
0.011215 -0.038822 0.023937 -0.006744 0.030606 0.027566 -0.001547 -0.007483 
0.018963 -0.000893 0.021427 -0.009371 -0.001217 -0.000748 0.020876 0.020459 
0.032331 -0.038392 0.026079 -0.003870 0.024812 0.028282 0.000315 -0.008499 
0.020134 -0.004455 0.016343 -0.011483 0.011069 -0.007936 0.018549 0.012112 
0.056925 -0.044432 0.037223 -0.006691 0.029939 0.022361 0.003125 0.000904 
0.014857 -0.011141 0.018615 -0.019535 0.004924 -0.005074 0.019927 0.020171 
0.060868 -0.046898 0.038343 -0.015296 0.036871 0.035845 0.015159 -0.003608 
0.015215 0.001445 0.018077 -0.027874 -0.006145 0.001707 0.012474 0.006698 
0.082041 -0.046388 0.038557 -0.008067 0.024728 0.031566 0.011838 -0.016171 
0.021547 -0.002219 0.018098 -0.047608 0.013018 -0.015196 0.022575 0.036924 
0.099141 -0.056954 0.055153 0.000255 0.035120 0.021191 0.002816 -0.007424 
0.006891 -0.016759 0.002123 -0.023052 0.011656 -0.000126 0.016717 0.027035 
0.092499 -0.052192 0.038730 -0.005758 0.029840 0.035102 0.009562 0.005499 
0.000877 0.001819 0.011326 -0.009206 0.006990 -0.004161 0.041516 0.027146 
0.081873 -0.032836 0.053610 -0.008426 0.048772 0.036825 0.017419 -0.023783 
-0.030121 -0.000292 0.005199 -0.003300 0.000323 0.002177 0.005560 0.004608 
0.018205 -0.002479 -0.005745 0.000987 0.000131 -0.004630 0.000614 0.001035 
-0.034015 0.000502 0.003306 -0.003603 0.004329 0.004344 0.004741 -0.000014 
0.009956 0.000049 0.001711 0.003586 -0.005689 0.003661 0.006162 -0.002653 
-0.017972 -0.003175 -0.000424 -0.002178 0.001004 -0.002713 0.000919 0.000043 
0.010430 -0.003423 0.001164 0.003154 0.000894 0.000120 -0.002766 0.003216 
0.005482 0.001059 0.001089 0.000537 -0.000245 0.001169 -0.003639 0.003090 
0.004791 0.000667 0.000893 -0.003105 -0.003339 -0.001096 -0.001278 -0.001198 
0.022588 0.004064 -0.003052 0.002775 -0.001960 -0.000411 0.000168 0.001907 
-0.006763 0.003318 -0.000082 0.000410 -0.005075 -0.007004 -0.001093 -0.002610 
0.034483 0.007570 0.001184 -0.001460 0.003564 0.004758 0.001898 0.004508 
-0.016222 -0.005949 0.002976 -0.002949 -0.006305 0.000183 0.003167 -0.003015 
0.046399 0.008466 -0.002532 0.000744 -0.005525 -0.001283 -0.000579 0.003506 
-0.012564 -0.004454 -0.002919 -0.005618 -0.003853 -0.002058 -0.000795 0.002756 
0.044394 0.001694 -0.001817 -0.003393 -0.001127 -0.002917 0.004779 0.008395 
-0.014787 -0.001336 0.003388 -0.003366 0.004208 -0.001171 0.000232 -0.002654 
0.025637 -0.008613 -0.003992 -0.002990 -0.000352 0.001928 0.005500 -0.000578 
-0.000965 0.003691 -0.004399 -0.003665 0.001744 -0.002036 0.001295 0.007118 
0.014164 0.010217 0.001928 -0.005960 -0.001385 0.002242 0.000501 -0.000904 
0.010657 -0.004135 0.001109 0.007276 -0.001761 0.000879 -0.002710 -0.002015 
-0.015611 0.002626 0.002532 -0.000936 0.005746 0.003446 0.006156 0.001080 
-0.004184 -0.001691 -0.002970 0.003460 -0.000727 0.001527 -0.003408 0.000589 
-0.015765 0.001840 0.003662 0.000270 0.001389 -0.000485 0.006343 -0.003280 
-0.005109 0.002467 0.000073 0.000064 0.005306 0.001300 0.001652 0.008341 
-0.004719 0.001501 0.002398 0.000277 0.000537 0.001078 0.000622 0.007432 
0.002166 0.005431 -0.000763 -0.005737 0.005799 -0.000217 -0.004532 0.005724 
-0.000030 0.004119 0.001668 0.000558 -0.002299 0.001727 -0.003008 -0.005157 
-0.005020 0.010360 -0.001418 -0.000150 0.000986 0.000415 -0.005268 0.000005 
-0.003239 0.000299 0.007148 0.000348 -0.001352 0.002746 0.009605 0.000430 
-0.000367 0.000971 0.000661 -0.000325 0.009075 0.002249 0.002780 0.004924 
0.011266 0.002299 0.002765 -0.003039 -0.002466 0.004186 0.005905 0.000731 
0.005488 0.005695 -0.002488 -0.005636 0.004980 0.002638 0.003112 0.002720 
0.013931 0.012191 0.004370 -0.000458 0.004161 0.003802 0.004549 -0.005827 
0.004276 -0.002090 -0.003762 0.007551 0.001760 0.004415 -0.003882 0.005584 
0.006184 0.003847 0.003980 -0.004267 0.006917 0.007523 0.011562 0.005698 
0.009903 -0.001454 -0.004396 0.000668 -0.000953 -0.013359 -0.005586 0.010427 
0.004583 0.001434 0.000363 -0.007248 0.009651 0.012453 0.017773 0.002202 
0.006440 0.004889 -0.001936 -0.002273 0.008538 0.003812 -0.003451 -0.000663 
0.015544 -0.001906 0.000888 -0.016863 0.013479 0.009309 0.010951 0.008168 
0.018475 0.002715 -0.002945 0.000200 0.014378 0.003199 -0.006560 0.009401 
-0.033037 -0.000373 0.006189 -0.004140 -0.001390 0.001215 0.005183 0.000240 
0.015388 0.000149 -0.004113 0.005413 0.001414 -0.004619 -0.003800 -0.002179 
-0.034711 -0.000147 0.002044 0.000089 0.001552 -0.000404 0.002436 0.004540 
0.009732 0.002257 0.004365 0.003877 -0.002550 -0.000490 0.004602 -0.006405 
-0.019424 -0.004421 -0.000516 -0.003907 0.002723 0.001616 -0.004295 -0.000435 
0.010106 -0.003063 0.001871 0.003642 -0.004700 -0.000369 -0.005551 0.002265 
0.005131 0.001974 0.001657 -0.001277 -0.002539 -0.001174 -0.000478 0.005623 
0.004959 0.000395 0.001377 -0.003136 -0.001041 0.003242 0.002243 -0.002704 
0.022791 0.004270 -0.004103 0.000016 -0.002686 -0.002938 0.003565 0.003092 
-0.006609 0.001357 -0.001056 0.001526 -0.006302 -0.007940 0.000553 -0.002116 
0.036565 0.006589 0.001502 0.001545 -0.000726 0.002951 0.000359 0.000857 
-0.014334 -0.005347 0.000114 -0.004724 -0.006792 0.001421 0.001725 0.002309 
0.048178 0.007357 -0.002902 0.003121 -0.004796 -0.000422 0.000848 0.006078 
-0.011252 -0.004764 -0.003545 -0.005201 -0.001143 -0.000504 -0.000966 0.003839 
0.047110 0.000597 -0.001363 -0.004673 0.000351 -0.001877 0.001911 0.004666 
-0.013307 -0.002433 0.001911 -0.003112 0.004020 0.000595 -0.004579 0.000064 
0.027036 -0.007661 -0.002879 -0.002280 -0.001626 0.003444 0.001580 -0.004903 
0.001007 0.003496 -0.002283 -0.004868 0.001244 -0.001514 0.000636 0.005078 
0.018299 0.008475 0.000394 -0.004590 -0.001268 0.003204 -0.000260 -0.001057 
0.013969 -0.004914 -0.000140 0.007641 -0.002110 0.000769 -0.001967 -0.001113 
0.036120 0.002273 -0.000321 0.000675 -0.002743 0.000060 0.002969 0.006919 
0.015719 -0.010239 -0.000282 0.003729 0.002790 -0.000418 0.001791 -0.001028 
0.028815 0.001180 -0.006773 -0.004276 -0.003361 0.002068 0.005017 -0.000476 
0.006514 -0.003495 -0.000266 0.002407 -0.002168 0.003701 -0.002796 -0.011344 
0.014050 0.003222 -0.001524 0.001671 0.000878 -0.001499 -0.005082 -0.001458 
0.010596 -0.002034 -0.000333 0.002287 0.000102 0.002048 0.002489 0.003071 
0.004263 0.001636 0.000357 0.003585 0.001695 0.005104 -0.001691 -0.006490 
0.004576 -0.002269 0.000797 0.003371 0.007147 -0.000208 -0.000222 0.000873 
-0.008903 0.004324 0.001447 -0.001795 0.000944 -0.000140 -0.002768 -0.004160 
0.007597 -0.005431 0.009410 -0.001916 -0.000341 -0.008536 0.000071 0.002314 
-0.016572 0.002412 -0.003029 0.004383 -0.000097 -0.012385 -0.002562 -0.002872 
-0.010368 0.000663 -0.001208 -0.006538 -0.002206 -0.019070 0.002362 -0.001360 
-0.026750 -0.001215 0.001837 -0.002409 -0.004617 -0.013668 0.002396 -0.000054 
0.001658 -0.007400 0.004666 0.001499 -0.001248 -0.026600 0.001572 -0.000194 
-0.025624 -0.001752 -0.003453 -0.007006 0.001704 -0.020018 0.000996 -0.003546 
-0.009403 0.000940 -0.001133 0.001036 0.001990 -0.034913 0.003258 0.001818 
-0.024214 0.007470 -0.000087 0.006981 0.004665 -0.032385 -0.000084 0.000059 
-0.016056 0.006490 0.003077 -0.004967 0.003307 -0.039699 0.008976 -0.005359 
-0.043185 -0.002708 -0.004231 0.007757 -0.014081 -0.033639 0.004803 -0.008471 
0.001711 -0.015054 0.002032 0.002958 -0.005593 -0.052246 0.017301 0.002462 
0.012931 0.003672 0.002331 0.000425 -0.002019 0.005612 0.001324 0.001187 
0.014278 0.003274 -0.001679 0.001751 0.000553 -0.002251 0.002469 0.001720 
0.012121 -0.003011 0.000799 -0.004305 -0.002368 0.004949 -0.003749 -0.000105 
0.009015 -0.001155 0.002140 -0.000338 -0.001798 0.004276 0.005231 -0.004351 
0.009918 0.000865 -0.001034 -0.000762 0.000293 0.000699 0.003646 -0.002939 
0.005607 -0.000703 -0.000582 -0.002238 -0.001880 -0.000513 -0.001489 0.002033 
0.002831 -0.001506 0.004567 -0.002364 -0.003794 0.004423 0.001453 0.000382 
0.002459 -0.009312 -0.001676 -0.001661 0.002100 0.003083 0.003729 0.002227 
0.000267 -0.000318 0.002208 -0.002265 0.000067 -0.001224 -0.003388 0.001073 
-0.000273 -0.002915 -0.000893 -0.004362 0.000275 -0.001311 -0.000339 0.000046 
-0.013445 -0.001334 0.001264 -0.003016 0.001802 0.001690 -0.001073 0.000452 
-0.003850 -0.001271 0.000582 0.004471 0.004163 0.001498 -0.004540 0.000156 
-0.013348 -0.002446 0.001868 -0.006828 0.008165 -0.002982 0.004091 0.006060 
-0.009016 -0.001915 0.002978 -0.002787 0.003167 -0.005227 0.000481 -0.007222 
-0.016310 -0.002886 0.000846 -0.000983 -0.002245 0.004231 -0.001739 -0.005654 
-0.014265 0.005398 0.004199 -0.000325 -0.005432 -0.001811 -0.000479 -0.001461 
-0.013646 -0.000885 0.000467 0.006172 -0.002015 0.004233 -0.001450 0.003681 
-0.023979 0.002618 0.001742 -0.003471 -0.000504 -0.005872 -0.002383 0.004586 
-0.041303 0.003332 -0.001635 0.006308 -0.003815 -0.000760 0.003692 -0.000241 
-0.034391 -0.001305 -0.002218 -0.005371 -0.008003 -0.004253 -0.001297 -0.000067 
-0.033737 -0.004825 0.002242 0.000840 0.003915 0.004091 -0.002059 -0.000121 
0.037478 -0.002113 -0.002451 0.003276 -0.001096 0.001033 -0.000793 0.001795 
-0.015542 0.000452 -0.003271 -0.003910 -0.000294 -0.000277 0.004217 0.002418 
0.015385 0.001798 -0.006027 0.001688 0.003832 -0.000744 0.004018 0.000239 
-0.008821 -0.003465 -0.002581 -0.000896 -0.003256 -0.002366 -0.002495 0.002197 
0.004376 0.001133 -0.000824 0.001103 0.000940 0.000117 0.001245 0.000354 
0.001418 0.000977 0.001875 -0.000830 -0.000725 -0.002133 0.002539 -0.003161 
0.004373 0.005762 0.003586 -0.001183 0.002511 0.001186 -0.003126 0.001511 
0.005014 0.000770 0.000488 -0.000247 -0.004057 0.001378 0.001082 0.002867 
-0.011973 -0.000032 -0.000073 0.004442 -0.002207 0.003337 -0.000381 -0.001957 
0.014376 -0.002278 -0.003512 -0.004930 -0.004369 0.002737 -0.001292 -0.000809 
-0.019390 0.004020 -0.001695 -0.003904 -0.005648 0.004089 -0.003924 -0.002456 
0.015510 -0.001852 0.003021 0.000161 0.000862 0.007528 0.000230 -0.001946 
-0.024776 0.000058 -0.000293 0.001250 -0.002538 0.007295 -0.004193 0.005485 
0.021174 0.005341 -0.000379 0.001753 -0.007811 -0.005813 -0.000100 -0.006514 
-0.030902 0.005927 0.001932 0.005324 0.003831 0.002326 0.006162 0.002750 
0.024686 0.000469 -0.004638 0.000738 0.002956 -0.000739 -0.004964 -0.004183 
-0.030677 -0.006935 0.001976 -0.002347 -0.002410 -0.006815 0.001453 0.001344 
0.078525 0.009772 0.002426 -0.001853 0.002477 -0.002563 -0.001308 -0.000359 
-0.032858 -0.004162 -0.001456 0.001088 -0.001605 -0.007798 0.000061 -0.004369 
-0.002673 0.005720 0.002791 0.000296 0.004386 0.001767 -0.004362 0.000158 
-0.001955 -0.002909 0.001293 0.002633 0.003743 -0.002112 0.005439 -0.002238 
0.011631 -0.001769 -0.001884 0.004351 0.001502 -0.002756 -0.001568 -0.002889 
0.002721 0.000571 -0.001825 0.002098 0.001815 -0.001318 0.000852 0.002099 
0.001495 0.002820 0.005471 0.002513 0.003659 0.000847 0.001876 -0.002848 
0.000392 -0.003819 0.001458 0.001646 0.000601 0.002110 0.000945 0.000313 
-0.003433 -0.000641 0.003680 -0.003732 -0.000011 -0.003868 0.002940 0.000188 
0.002244 -0.001083 0.000412 0.001295 -0.002615 -0.000662 -0.001648 0.000499 
0.003697 -0.001761 0.003959 0.000227 -0.002793 0.000189 -0.000193 0.002780 
-0.007502 0.000889 0.001405 -0.000910 -0.001925 0.008952 -0.001811 -0.003760 
-0.001544 -0.000661 0.003945 -0.001037 0.000436 -0.000932 0.002181 -0.002566 
0.001559 -0.003944 -0.001735 -0.003349 -0.003119 0.004128 -0.004177 -0.001040 
0.003614 0.002112 0.002897 -0.006470 0.002766 0.000405 -0.002114 -0.005134 
0.000961 -0.003754 0.001615 0.004951 0.000172 0.000099 0.002341 -0.002926 
0.001287 -0.003891 0.001507 0.007365 0.000911 -0.003804 0.001954 -0.002746 
-0.003435 -0.000686 0.000080 -0.003434 0.002349 -0.005746 -0.003799 0.003150 
0.002167 -0.002895 -0.001147 -0.001894 0.000340 0.006287 -0.005530 -0.001571 
0.000807 -0.002569 -0.003109 -0.005308 -0.006719 -0.002743 -0.002665 -0.000677 
0.018901 -0.008166 -0.005607 -0.007669 0.002249 0.000426 -0.004378 -0.001596 
-0.004708 -0.001164 0.009674 -0.004711 -0.006337 -0.008352 -0.002184 0.000967 
0.010494 0.002923 0.003169 0.004858 0.002269 0.000349 -0.000401 0.000020 
-0.007157 -0.003039 0.001136 -0.001056 0.002396 0.003308 0.004683 -0.000953 
-0.000592 0.009234 -0.005243 0.001972 0.002752 -0.000458 0.003378 -0.002782 
-0.005584 -0.001158 -0.001718 0.004075 -0.002626 0.000761 0.001171 -0.004387 
-0.001995 -0.002911 -0.000742 -0.005668 -0.003517 0.000706 0.002566 0.000039 
-0.000466 -0.000477 -0.003920 0.001409 -0.001359 -0.002689 0.000228 -0.005749 
-0.001903 -0.004400 0.003042 0.002002 0.001883 0.006943 -0.001319 0.002153 
-0.000374 -0.006439 -0.001339 0.002791 0.003494 0.002325 0.007773 0.005324 
-0.005548 -0.000604 -0.003342 -0.004647 -0.002688 -0.000601 0.000577 0.001979 
-0.003816 -0.000053 0.003960 0.002286 0.002445 -0.000912 -0.000775 0.001745 
-0.003031 -0.006138 0.000707 0.002809 0.004180 0.002269 -0.000738 0.003822 
-0.000671 -0.003963 -0.000700 0.005213 0.002745 -0.001082 -0.001855 -0.003506 
-0.003261 0.001464 0.000807 0.003543 -0.002449 -0.003488 0.002353 -0.000183 
0.002484 -0.012774 0.004626 -0.001714 0.001889 0.001334 0.000760 0.000648 
-0.004059 -0.000014 -0.000825 -0.007430 -0.003846 -0.005579 -0.001064 -0.002883 
0.004499 -0.005900 0.000742 -0.001532 0.000612 0.000935 -0.005626 -0.001780 
0.005962 -0.009881 0.003505 0.006157 -0.002618 -0.003312 0.000464 0.001867 
-0.000793 -0.006726 -0.001315 -0.001582 0.001768 0.002223 -0.003010 -0.001576 
-0.020122 -0.017846 0.009961 -0.000616 -0.002533 -0.004568 -0.001279 0.008392 
0.023100 -0.010365 0.004641 0.000587 0.004191 0.000785 -0.007657 0.002246 
-0.000880 0.000640 -0.001432 -0.000410 -0.001591 -0.001309 -0.005724 -0.001484 
0.032985 -0.003198 0.001471 -0.001806 0.007617 -0.000051 0.002877 -0.004401 
0.003993 -0.004498 -0.001586 -0.003452 -0.001679 -0.001815 0.002749 0.001126 
0.016561 -0.001202 -0.001784 -0.005502 -0.003060 0.001466 -0.002061 -0.000193 
0.002482 -0.000036 -0.000048 0.000804 -0.000401 0.002547 -0.000294 0.000366 
0.007381 -0.004071 0.005412 -0.005773 0.000777 -0.001198 -0.001679 -0.001535 
-0.000156 -0.005924 0.002590 0.000373 0.000214 -0.001092 -0.007836 -0.000072 
0.002864 -0.008658 -0.004633 -0.000437 0.001976 0.001046 -0.006590 0.000159 
-0.001730 -0.000645 0.000948 0.003402 0.003318 0.000315 -0.000362 -0.001232 
-0.008316 -0.001182 0.004349 -0.001465 -0.000521 0.001493 -0.002698 -0.000656 
-0.007505 -0.001839 -0.000062 0.002417 0.001958 0.001266 -0.001852 -0.001324 
-0.013995 -0.006128 0.003725 -0.000177 0.000517 -0.000328 0.004241 0.005860 
-0.003887 0.003237 0.002716 0.000663 -0.001735 0.001391 0.003458 -0.002680 
-0.019614 -0.009527 -0.003930 -0.005390 0.001646 -0.002174 0.001090 0.004212 
-0.004264 -0.003701 -0.001923 0.004021 -0.000633 0.000798 -0.000384 0.000234 
-0.028662 -0.002183 0.001983 -0.000082 0.002223 -0.000240 0.006234 -0.004088 
0.003420 0.000377 -0.002805 0.005718 -0.004461 -0.006215 0.004676 -0.001487 
-0.037698 -0.004617 -0.000228 0.000220 0.000444 0.001821 -0.001222 0.000657 
-0.012954 -0.012027 0.001691 -0.001718 -0.004476 0.001698 -0.000930 0.002403 
-0.033473 0.003527 0.001599 -0.002128 0.000533 -0.001061 -0.001955 -0.002940 
-0.009924 0.000256 -0.003664 0.000087 -0.000113 0.000266 -0.007153 -0.001808 
0.015703 -0.002003 0.000095 -0.002167 -0.008122 -0.009363 -0.000439 0.000678 
-0.008006 -0.002740 -0.002399 0.003597 -0.001479 -0.001577 0.001477 -0.001753 
0.011705 0.002833 -0.003457 -0.004570 -0.003711 0.001513 0.000750 0.002334 
-0.004423 -0.001619 -0.001499 -0.002260 0.000943 -0.000725 -0.002062 -0.001800 
0.004078 -0.000324 0.007562 -0.001651 0.000953 -0.001267 0.001685 -0.001527 
0.001619 -0.000786 -0.001070 0.002457 -0.005349 -0.003625 -0.001585 -0.005128 
0.000486 -0.001504 0.002173 -0.001696 0.000901 0.003899 -0.000766 -0.002246 
0.000966 0.006465 -0.001767 -0.000507 -0.000411 -0.001574 -0.002460 -0.002959 
-0.001303 0.002886 -0.001391 0.000095 -0.003638 -0.004672 -0.000412 -0.003686 
0.002392 0.002172 0.002127 0.000427 0.001363 -0.001308 0.001176 -0.002272 
-0.005100 0.000052 0.006134 0.002616 -0.001156 -0.003767 -0.003696 -0.003273 
0.006723 0.002069 0.000502 0.003772 0.003341 0.001254 -0.002672 -0.000939 
-0.011834 0.000677 -0.001389 0.006376 -0.002499 -0.002364 0.001442 0.000689 
0.003567 -0.004033 -0.005180 -0.006626 -0.005153 -0.010329 0.001363 -0.011212 
-0.008970 -0.005606 -0.003005 0.008001 0.005494 0.000435 0.008465 -0.003189 
0.002316 -0.006930 0.003486 -0.013073 -0.011336 -0.009941 0.001258 0.002142 
-0.011552 0.002690 0.005356 0.000915 0.000617 0.001010 -0.000704 -0.003415 
0.033151 0.004276 -0.001004 -0.000672 0.000523 -0.009507 0.005147 -0.000392 
-0.023558 0.003739 0.012227 -0.005955 -0.005519 -0.017679 -0.000352 0.002889 
-0.018900 0.000276 0.002956 -0.001072 0.000574 -0.002813 -0.005430 0.004429 
0.013753 0.001300 0.000123 -0.006520 -0.000915 0.004978 0.001373 0.004473 
-0.009726 -0.004712 -0.000445 0.004900 -0.003602 0.001856 0.001415 -0.003181 
0.009112 0.003324 -0.004452 -0.002644 0.002292 -0.000883 0.000676 -0.003158 
0.000732 -0.000005 0.004117 0.005518 0.001751 0.005321 -0.001290 -0.003859 
-0.004244 -0.000580 0.004228 0.007258 0.004417 0.002267 0.000135 -0.002298 
0.000627 -0.003326 0.001438 -0.001340 0.001177 -0.001778 -0.008835 0.003899 
0.002593 -0.000775 0.003475 0.000104 -0.002807 -0.002866 -0.000155 0.000490 
0.004199 0.006102 0.003973 0.003554 0.000019 -0.002377 -0.000433 0.004664 
-0.006735 -0.000559 0.000951 0.006952 -0.001188 0.002189 -0.000448 -0.002741 
0.008832 -0.000820 0.003872 0.002192 -0.000754 -0.007122 -0.002064 0.000465 
-0.011836 0.000815 -0.000965 -0.001466 0.001254 -0.008584 -0.005824 -0.001774 
0.005118 -0.001603 -0.002428 0.001100 -0.000040 -0.000385 -0.001602 -0.004245 
-0.007547 -0.007015 0.002048 0.002468 0.003719 -0.003953 0.000327 0.001123 
0.006928 -0.002793 -0.000804 -0.011486 -0.006011 -0.003979 -0.003497 -0.006628 
-0.012281 0.007161 -0.002399 -0.006208 0.007673 0.000434 -0.002060 -0.005851 
0.011101 -0.013674 -0.004915 0.004380 0.001387 0.000304 -0.002276 -0.000730 
-0.000090 -0.000641 -0.000280 -0.004645 0.006136 -0.003965 -0.002775 -0.004393 
0.058376 -0.000584 -0.010303 -0.011687 0.000904 -0.006085 -0.004518 0.007464 
-0.029154 0.003146 -0.000630 -0.005111 -0.000649 -0.009666 -0.003128 -0.004553 
-0.009834 0.002464 0.002555 0.001078 0.001111 -0.000660 -0.001551 0.000624 
0.012369 0.005572 0.003618 -0.000381 -0.001721 0.006046 -0.002235 -0.001535 
-0.004203 -0.000019 -0.000530 -0.000248 -0.002400 -0.004373 0.001993 -0.002969 
0.006217 -0.002725 0.007988 0.002223 -0.003256 0.001052 0.001852 -0.002910 
-0.007565 -0.001296 -0.000389 0.002115 -0.005610 -0.000819 -0.001265 -0.002864 
0.000368 0.003930 -0.001004 0.000826 -0.003172 -0.000173 0.003281 0.001518 
0.001305 0.000812 0.003295 -0.001688 -0.002991 0.002060 0.001077 0.003267 
-0.004298 0.000831 0.001109 0.000998 0.001433 -0.005744 0.000090 0.001010 
0.006981 -0.003345 -0.000771 0.001038 -0.000313 0.002777 -0.000378 0.003136 
-0.007657 -0.001805 0.004670 -0.000081 0.002711 -0.003052 0.003914 -0.001647 
0.010862 -0.004493 0.000329 -0.001946 -0.002303 -0.000713 -0.003681 -0.002142 
-0.005240 -0.003580 -0.000093 -0.000442 -0.001917 -0.002595 -0.002420 0.001286 
0.005703 -0.003828 -0.001511 -0.000007 -0.003918 0.009645 -0.005530 0.003433 
-0.013395 -0.002677 0.008123 -0.000048 0.003021 -0.004830 0.001045 -0.001086 
0.006670 -0.004342 0.002487 -0.004309 0.000847 0.004329 -0.005295 -0.002143 
-0.011729 -0.002103 0.003352 0.001333 0.002181 -0.008849 -0.000607 0.003661 
0.012597 -0.001211 -0.000081 0.002891 -0.000822 0.002616 -0.003869 0.004672 
-0.006423 -0.004333 -0.002729 0.002031 0.003383 -0.007455 -0.000382 -0.000270 
0.047580 0.011628 0.020345 0.008758 -0.009529 -0.004898 -0.008711 -0.006899 
0.001270 0.002982 0.010577 0.003065 -0.001362 -0.018733 0.000970 -0.012012 
-0.020651 -0.002678 0.001219 -0.004207 -0.002352 0.002729 -0.000115 0.003040 
0.014524 -0.001449 0.001721 0.003702 -0.001346 0.000061 -0.000391 -0.002860 
-0.009812 -0.003340 0.002173 0.000863 0.002660 0.004159 0.003217 -0.002842 
0.005939 -0.000135 0.001580 -0.000318 0.000391 0.005578 -0.002567 -0.000874 
-0.004413 -0.002608 0.000148 -0.000654 -0.000367 0.001356 0.002407 0.000902 
-0.002011 -0.000428 0.003341 -0.001595 0.002202 0.002572 -0.002416 -0.000323 
-0.000908 -0.000466 0.007020 -0.004035 0.003389 0.002876 -0.004717 0.002190 
0.007626 0.002889 0.001814 -0.003765 -0.002013 -0.005044 0.002279 0.005399 
0.005981 0.000401 -0.000744 0.000564 0.005223 0.000055 -0.005146 0.002336 
-0.009748 0.002083 0.000116 0.004714 0.001106 -0.003786 -0.003182 0.001481 
0.009400 -0.004421 -0.002746 -0.005221 0.003981 -0.001342 -0.001411 -0.002948 
-0.011096 0.000015 -0.002287 -0.000479 -0.001040 -0.002842 -0.008152 0.000246 
0.016202 0.000953 0.002422 0.004467 0.004077 0.000968 0.001823 -0.002182 
-0.013884 0.002105 0.000605 -0.003405 -0.003303 -0.003869 -0.002081 0.005133 
0.012463 0.007431 0.000370 0.001301 0.004978 0.000333 -0.007367 0.003769 
-0.012010 0.000456 0.009414 -0.005844 0.001113 -0.009071 0.001948 -0.000941 
0.021442 0.003543 -0.002194 0.000680 0.003157 -0.011405 -0.007182 -0.009232 
-0.010247 -0.002961 0.002299 -0.000812 0.003478 -0.004022 -0.000896 0.001520 
0.049354 -0.014854 -0.000865 0.009501 0.010449 0.002802 0.006282 -0.007437 
0.009584 0.007293 0.001260 0.010177 0.002858 -0.006755 -0.005661 0.004120 
-0.009918 -0.003024 0.004008 0.000804 0.001854 0.002683 0.000233 -0.005816 
0.015539 -0.001150 0.004459 0.002991 -0.002480 -0.000829 -0.000330 -0.004063 
-0.002477 -0.002101 0.004846 -0.004668 0.001730 -0.004646 -0.002625 -0.001344 
0.011151 0.003998 -0.006050 0.000993 0.005259 -0.004318 0.002660 -0.003038 
-0.006755 -0.001643 -0.003710 -0.005050 0.004132 0.000785 0.000030 -0.004343 
0.001967 -0.000202 -0.002821 0.002840 0.003843 0.004759 0.001358 -0.001568 
0.001641 0.003126 0.002024 0.001306 -0.003803 -0.000100 -0.001933 0.001476 
0.000336 0.000629 0.003204 -0.006144 0.001199 -0.002370 0.000797 0.003838 
0.002899 -0.002484 0.000182 -0.003754 0.000717 -0.001737 -0.003037 0.003939 
-0.005094 0.000562 0.001041 0.003453 -0.001023 -0.001485 -0.005746 -0.003034 
0.003892 -0.000644 -0.001031 0.002652 0.003237 -0.007005 0.002313 -0.002147 
-0.010284 0.004631 0.002999 -0.002465 0.003394 -0.002659 0.001939 -0.000224 
0.003429 0.002133 0.000762 0.001547 0.005290 0.006006 0.002240 0.002421 
-0.019260 -0.001212 -0.004068 -0.000005 0.005737 -0.008682 -0.005833 -0.000625 
0.011487 -0.002555 -0.000987 0.002840 0.004498 -0.000238 -0.000128 -0.002602 
-0.007746 0.006237 -0.003702 0.003849 -0.006917 -0.009126 -0.003808 -0.002811 
0.009906 0.000780 0.003195 -0.005046 -0.000218 -0.003068 -0.005811 -0.000064 
-0.015862 -0.007387 -0.002252 -0.004029 0.001900 -0.006034 0.010706 0.000685 
0.036829 0.004046 -0.000767 0.001376 0.002490 -0.002354 -0.006934 0.000957 
-0.021133 0.008947 0.000527 -0.003095 -0.006288 -0.020483 0.000591 0.001849 
-0.000538 0.001183 0.000718 -0.000207 -0.000253 0.005168 -0.001760 -0.005545 
-0.003634 0.000969 -0.005158 -0.008255 0.008928 0.001607 0.002667 0.003244 
0.006928 -0.003679 0.007755 -0.003468 -0.001287 0.000984 0.000355 0.004617 
0.003085 -0.002655 0.002159 0.001106 0.005545 0.001906 0.002431 -0.002508 
0.002869 -0.000888 0.002652 -0.001287 -0.001475 -0.002699 0.004451 0.001948 
0.000026 -0.006065 0.000083 0.005246 -0.003318 -0.002146 0.000389 0.000397 
-0.004079 -0.000758 0.001454 0.000273 0.001509 0.001982 -0.000844 0.002604 
-0.002574 -0.002454 0.001240 0.001270 0.001882 -0.003084 -0.000181 0.003079 
0.002968 0.001378 -0.002121 -0.001102 0.000247 0.005223 0.000139 0.001058 
-0.000097 0.000833 0.003649 -0.002485 -0.004192 0.001023 -0.003323 -0.004477 
-0.001756 0.003337 0.003203 0.003654 -0.000364 -0.003242 -0.000863 0.002045 
-0.000886 0.000254 0.004073 -0.002743 -0.002803 -0.008117 -0.001168 0.001231 
-0.002122 -0.003138 0.000738 -0.002617 0.000975 -0.003259 -0.003292 -0.000824 
0.002629 0.000911 -0.000247 0.003205 0.000003 -0.004254 -0.002190 -0.003139 
-0.000827 -0.007743 0.002072 0.010712 0.002043 -0.003241 0.000932 -0.000655 
-0.007015 0.004458 0.000464 0.000452 -0.002447 -0.007368 -0.004328 0.004995 
-0.002360 -0.006445 -0.004548 -0.000926 0.007502 0.000558 -0.006397 -0.010223 
0.007245 -0.002462 -0.003074 -0.003547 0.000970 -0.005562 -0.002994 -0.004668 
0.024812 -0.003837 -0.001138 0.001258 -0.010817 -0.008969 -0.013218 -0.007062 
0.000806 -0.000223 0.007422 0.001094 -0.012922 -0.000883 0.001036 0.001040 
-0.002758 -0.002321 0.000138 -0.005571 0.000421 -0.002209 -0.005086 -0.002534 
0.001715 -0.002890 -0.000352 0.003080 -0.002161 -0.000521 -0.003748 -0.002625 
0.002704 0.000626 -0.001100 0.000750 -0.004934 -0.001090 0.000497 -0.001746 
0.006025 0.002070 -0.001168 0.000071 0.002516 -0.005039 -0.001577 0.003203 
0.000699 0.001252 0.002818 -0.001122 0.000843 -0.000790 0.000370 0.008096 
0.001839 -0.003112 -0.000661 0.000954 0.000049 -0.002625 0.001620 0.000918 
-0.001626 -0.006062 0.004149 -0.001991 -0.002835 0.000410 -0.000313 -0.005278 
0.004684 -0.003731 -0.000854 -0.001689 0.002456 -0.002826 0.001610 0.006341 
-0.002441 0.002219 -0.002752 -0.000513 -0.001673 -0.003289 -0.004189 -0.001140 
-0.005161 -0.005091 0.005100 0.002009 0.000483 0.006578 0.000037 0.000472 
0.002580 -0.000075 -0.001430 -0.001891 0.007678 -0.002469 -0.001611 0.002860 
0.003557 -0.001284 0.000661 0.000730 -0.002353 0.004969 0.003320 0.008093 
0.000363 -0.000402 0.003287 0.001245 -0.000094 -0.010510 -0.002346 -0.004156 
0.003626 0.001953 0.004958 0.003970 0.001061 0.003026 0.002929 -0.001871 
-0.004937 0.005007 0.001354 -0.000094 0.001367 0.007103 -0.002311 -0.004752 
0.002179 -0.005320 0.001245 -0.001434 0.003875 -0.008394 0.001625 -0.004879 
0.006721 0.004892 0.001343 -0.002707 -0.001721 -0.002386 -0.001151 -0.000411 
0.000669 -0.001731 0.004777 -0.002914 -0.007962 -0.002403 -0.003190 -0.003228 
0.020735 -0.002410 -0.002768 -0.003645 -0.000365 -0.011750 -0.004658 0.007741 
-0.020615 0.005039 0.007972 -0.000808 -0.000115 -0.009246 -0.006180 -0.001145 
-0.001476 0.000888 0.000222 0.000390 -0.000776 -0.005676 0.001636 -0.000887 
-0.004564 -0.001627 0.005908 -0.002479 0.003537 -0.000249 0.000893 0.000369 
0.007542 0.003115 0.002290 0.004334 0.004200 0.000447 0.001879 0.000671 
-0.001296 0.000451 -0.003133 0.000085 0.000218 -0.004300 -0.004706 0.003545 
0.001273 0.000340 -0.000921 -0.001748 -0.003495 0.000972 0.003124 -0.004229 
0.001202 -0.004445 0.001590 0.003420 -0.005039 0.001081 0.003683 -0.002611 
-0.005568 0.000223 0.001074 -0.003009 -0.001588 -0.003473 0.001776 0.000805 
0.001709 0.000904 0.001378 -0.000570 0.004909 -0.001124 -0.003819 -0.001509 
0.000121 -0.002299 -0.003786 0.001900 -0.008180 -0.002251 -0.003906 -0.003232 
-0.001381 0.000446 -0.000053 -0.002088 -0.004257 -0.002532 0.000359 -0.006330 
-0.000244 0.007283 -0.004785 0.002515 -0.000699 -0.001289 -0.003886 -0.002149 
0.000141 -0.003913 -0.004520 0.000941 -0.004209 -0.000759 0.000451 0.001280 
0.003741 -0.005172 -0.002095 -0.004973 0.000617 -0.002440 -0.001717 -0.003154 
-0.000397 -0.001203 -0.001699 -0.000013 0.000848 -0.004079 -0.006583 0.001403 
0.009771 -0.000697 -0.001398 0.001483 -0.004368 -0.002722 -0.003834 0.000020 
0.000038 0.001890 0.003125 0.000952 -0.001471 -0.005193 -0.002496 -0.006004 
0.010915 -0.010896 -0.008330 -0.006794 0.000351 -0.005189 -0.001914 0.007254 
-0.002205 0.005544 0.003616 -0.006275 0.007096 -0.006027 -0.006336 0.005088 
-0.004529 -0.009003 -0.007734 0.012419 0.006914 -0.004367 0.009100 0.001129 
0.005827 -0.003953 0.006854 -0.005546 -0.008395 -0.003670 0.000876 0.004323 
-0.003454 0.006048 0.006350 0.001958 0.001266 0.003019 0.000830 0.000822 
-0.001278 0.002172 -0.004593 0.001699 -0.000614 0.001816 0.000858 0.000092 
0.000497 -0.003709 0.000004 0.001376 0.000173 0.003541 0.003731 0.001930 
-0.000104 -0.003489 0.002803 -0.001440 -0.002325 -0.005547 -0.001863 0.002824 
-0.002955 0.004377 0.003604 0.001257 0.003996 0.003917 0.000098 -0.002252 
-0.001100 -0.001314 0.005120 -0.007450 -0.001377 -0.000458 0.002804 -0.002714 
0.000887 0.003708 -0.001978 0.001711 0.002598 -0.000731 0.003170 0.001518 
0.000745 -0.001598 0.002151 0.005907 0.001511 -0.004672 -0.001656 0.000170 
-0.001029 0.006245 0.000448 -0.003001 0.000770 0.006706 0.000867 0.004770 
-0.003705 -0.004625 -0.000708 -0.002481 0.000744 -0.008022 -0.003414 0.000402 
-0.004741 -0.006276 0.010837 -0.002913 -0.002834 -0.001973 -0.002467 0.000961 
0.001419 0.000711 0.003352 -0.000123 0.000624 -0.002489 -0.001615 -0.001037 
0.007712 0.001448 -0.001462 -0.002794 -0.004787 -0.003365 -0.002637 0.000743 
0.000352 -0.006465 0.001319 -0.000625 -0.001762 -0.005242 0.006823 0.001604 
-0.002188 0.001625 -0.001105 0.004145 -0.008223 0.001518 0.000700 0.000951 
0.001084 0.001736 0.004543 -0.000494 -0.005929 -0.003171 0.004745 0.003199 
0.004236 0.005781 -0.005597 -0.002950 -0.000926 -0.003469 0.001828 0.006933 
-0.009623 0.004031 -0.010324 -0.004157 0.003805 0.000706 0.000314 0.003638 
-0.010245 0.000661 0.013708 -0.002676 0.007016 -0.012167 0.004050 0.001859 
0.014842 -0.007693 0.009071 -0.014955 -0.002845 -0.004356 -0.003797 0.003014 
0.001448 0.000210 -0.002805 0.000996 -0.005255 -0.001317 -0.000261 -0.000708 
0.003766 -0.000983 0.004973 0.004248 -0.002376 0.002307 -0.001763 -0.000383 
0.001585 -0.001247 0.003546 0.003933 0.000547 -0.006743 0.000064 0.007351 
-0.000426 -0.002572 -0.005073 0.002466 0.003891 -0.004305 -0.004889 -0.002034 
-0.000754 0.001137 0.000279 -0.000845 -0.003319 -0.003250 -0.000808 -0.001453 
-0.000494 0.000024 0.001246 -0.002482 -0.003832 -0.000237 -0.000379 0.003666 
-0.002128 -0.003920 -0.005310 -0.003619 -0.006663 0.000622 -0.000872 0.003807 
0.001107 0.001340 0.005199 -0.002572 0.000143 -0.001419 0.001189 0.001149 
0.004409 -0.004923 0.007344 0.001539 0.000146 -0.000143 -0.001287 -0.000725 
-0.002127 0.002604 0.002559 0.002963 -0.004707 -0.005441 -0.002035 0.006529 
0.000104 -0.001055 -0.001585 -0.004286 0.000021 -0.001547 -0.001599 -0.005894 
0.001638 -0.003550 0.001520 -0.005104 -0.007512 0.002098 -0.003603 0.000594 
-0.000319 -0.004661 0.000599 -0.005224 -0.003893 0.003218 0.000059 0.001665 
-0.002428 -0.003092 0.004517 -0.003647 0.001428 -0.005737 0.009484 0.004205 
0.004645 -0.000515 -0.005882 -0.001148 0.005439 -0.005081 -0.004551 -0.005746 
-0.005368 -0.000771 -0.001200 -0.007337 -0.000610 -0.007765 -0.004477 -0.003748 
0.002245 0.000310 0.001290 -0.003923 0.001094 -0.006953 -0.000671 0.002127 
0.000777 -0.003434 -0.000936 -0.010422 0.003388 -0.007078 0.006589 -0.006803 
0.022862 0.013890 0.002000 -0.009098 0.010042 0.000413 0.004698 -0.001316 
0.003325 0.000716 -0.004334 -0.014545 -0.005771 -0.009238 -0.011920 0.004654 
0.001200 0.007125 0.001008 -0.005569 0.004669 0.003101 0.001164 -0.000431 
-0.006708 0.006281 -0.000993 -0.005561 -0.000734 -0.003959 0.001379 0.004757 
-0.005111 0.002507 -0.006309 -0.002478 -0.000735 -0.002605 0.002551 -0.002305 
-0.000923 0.001638 -0.001481 0.001743 0.000628 0.000141 0.001677 -0.003695 
-0.007047 0.000912 0.003418 -0.000975 0.000307 -0.004037 0.005642 -0.001808 
-0.002309 0.001238 -0.000069 0.003115 -0.003538 0.000460 -0.000479 -0.004243 
-0.000114 -0.002441 0.007212 -0.001675 -0.002998 -0.003317 -0.003982 0.002485 
0.002390 -0.000952 0.001125 -0.001169 0.000848 -0.005084 -0.000966 0.005166 
0.000172 0.003122 0.000722 -0.003947 0.004386 -0.001409 -0.001264 -0.002397 
-0.003566 -0.002712 0.005307 -0.004884 -0.003986 -0.003794 0.003404 0.003753 
0.000353 -0.003229 -0.001231 -0.003057 -0.002449 -0.002052 -0.000790 -0.000379 
0.002715 -0.003744 -0.007411 0.000425 -0.005194 -0.000330 0.002671 -0.003024 
0.000371 -0.004342 0.000661 -0.000341 0.007611 -0.004382 -0.001636 -0.006687 
-0.002589 0.001614 -0.000708 0.003343 -0.001858 -0.002831 0.000386 0.001154 
-0.005211 0.000028 0.004635 -0.003144 0.009487 -0.004116 -0.005699 0.002898 
0.007275 0.003490 0.004947 0.005468 -0.005931 -0.004482 0.006749 -0.006903 
0.009889 -0.006074 0.011942 0.001484 -0.002191 0.001930 0.003081 0.001084 
-0.005711 -0.000133 0.007047 -0.003056 0.002434 -0.000378 0.002022 -0.003162 
-0.001376 0.011461 0.005625 -0.005247 -0.005244 -0.009142 -0.005305 0.000596 
0.022060 0.000760 -0.000725 0.009734 -0.003341 0.001439 -0.003568 -0.002847 
-0.002428 0.003828 0.006440 0.000734 -0.002023 -0.005053 0.004888 -0.003942 
0.004582 -0.000155 0.001938 0.001843 0.000045 0.000204 -0.001125 -0.003645 
-0.006674 0.002858 -0.001331 0.002814 0.003705 -0.001598 0.000709 -0.001973 
0.000346 -0.005804 0.005422 0.002884 -0.006918 0.001129 -0.001787 -0.002787 
-0.005092 0.002061 -0.003684 0.000732 -0.000482 -0.000406 -0.000237 -0.000633 
0.002760 -0.001619 0.003531 -0.005712 0.001442 0.000064 0.001520 -0.002732 
-0.006171 0.000943 0.001510 -0.001927 0.001371 0.000736 0.000605 -0.002288 
-0.000571 -0.003550 0.006340 -0.001630 0.001642 0.003957 0.001138 -0.002198 
-0.006214 -0.000162 -0.005760 0.002715 -0.001866 0.002097 0.000658 0.002308 
-0.001091 0.000500 0.001339 -0.004668 -0.001497 -0.001330 -0.001075 0.004054 
0.002008 0.000943 -0.004624 0.003210 -0.000226 -0.003358 0.002170 0.002436 
-0.004970 -0.001912 0.003545 -0.000486 0.001313 -0.007126 -0.004127 -0.005642 
0.002083 0.005312 0.001438 0.000075 -0.000546 -0.004724 0.002927 -0.001895 
0.001865 0.001101 0.003607 -0.005683 -0.000575 -0.005884 0.001083 0.002990 
0.014383 -0.003174 -0.002818 -0.002003 -0.003846 0.001798 -0.007979 0.001149 
-0.005261 0.003478 0.007255 -0.010739 0.002368 -0.004888 -0.001743 -0.002286 
0.005582 -0.005539 -0.007451 0.006404 -0.003758 -0.002669 -0.001093 0.002319 
0.004453 -0.001959 -0.002485 -0.009940 0.006192 -0.002230 -0.007089 0.002268 
-0.021039 -0.013377 0.012142 -0.013643 0.000549 -0.001529 -0.002518 0.006819 
-0.000169 -0.000018 0.010180 -0.011929 -0.003922 -0.001404 -0.010510 -0.009234 
0.000233 0.001021 -0.003175 -0.002944 -0.000876 -0.000124 -0.001043 -0.001597 
0.004925 -0.008561 -0.002596 0.000308 0.006745 0.002707 -0.001247 -0.001353 
-0.003176 0.002359 0.002328 -0.000085 -0.001616 -0.000776 0.002297 -0.009704 
0.002432 -0.009740 0.002818 0.007438 0.002505 -0.003921 -0.000245 0.002302 
-0.002051 -0.003182 0.004168 0.004748 0.001108 -0.003170 0.001000 -0.001139 
0.004412 -0.010299 -0.002625 -0.005839 0.003336 -0.001144 0.004188 0.002921 
0.001770 -0.000424 0.002574 -0.001757 -0.003323 0.000977 0.003565 0.001572 
-0.000222 -0.012965 -0.004773 -0.001778 0.003545 -0.001182 0.000804 0.003410 
-0.004259 0.001800 -0.001012 -0.002959 0.004471 0.005350 -0.001685 0.004189 
-0.008520 -0.013818 0.000049 -0.001625 0.000718 -0.002401 0.000484 0.000079 
0.003536 -0.009261 0.005425 -0.000187 -0.001313 -0.004782 0.004303 0.008804 
-0.002971 -0.014663 -0.000027 -0.004618 -0.005544 -0.000218 -0.001701 0.000470 
0.006510 -0.005526 0.004941 -0.002341 0.000943 -0.008101 0.003514 0.003415 
-0.003745 -0.016676 0.002730 -0.003778 0.001987 0.003689 0.001293 0.003468 
0.007418 -0.002114 0.011880 0.005049 0.002592 0.003119 -0.000530 -0.004589 
-0.001387 -0.013436 0.005632 -0.006172 0.004281 -0.009982 -0.011747 0.004834 
0.015077 -0.005860 0.006236 0.002669 -0.000103 0.002739 -0.006796 0.005895 
-0.020407 -0.020748 0.002731 -0.005903 0.004654 -0.004236 -0.005211 -0.000811 
0.009539 -0.008448 0.013552 0.001008 0.000597 -0.008140 0.003795 0.006075 
-0.007034 -0.020585 0.004268 -0.010427 0.008157 0.000126 -0.012209 0.009927 
0.000104 0.002205 0.000181 -0.001550 0.003447 -0.003192 -0.001805 0.000073 
-0.001336 -0.008909 0.000821 0.006485 0.005485 0.002214 -0.000845 0.006171 
-0.000642 0.009896 -0.001131 -0.002668 0.000241 -0.003015 -0.005335 -0.001575 
0.003805 -0.009260 0.000836 0.001317 0.006300 -0.006407 -0.005959 0.000315 
0.003691 0.000223 0.002954 0.000110 0.004339 0.007520 0.000352 0.000715 
-0.002030 -0.005656 0.003500 0.002910 0.002735 -0.006070 -0.003040 -0.001152 
-0.000254 -0.001328 -0.000609 -0.001699 -0.004246 0.000364 0.002291 0.008803 
-0.002885 -0.001758 0.003478 -0.002245 0.000054 -0.009236 -0.003717 0.001280 
0.003556 -0.003672 0.002272 0.004650 -0.003880 0.001627 -0.000504 0.003783 
-0.005017 -0.006915 0.005689 -0.002251 0.007560 -0.002326 -0.002644 0.001504 
-0.006145 -0.004232 0.001305 -0.001082 -0.000150 -0.001803 -0.001462 0.008401 
-0.001356 -0.011987 0.017087 -0.004999 0.004018 -0.006136 -0.007145 -0.002323 
0.005156 -0.008636 0.009429 0.005683 -0.002766 0.003936 0.001554 0.004445 
0.001919 -0.017865 0.007909 -0.000134 0.001016 -0.009135 -0.000655 0.000625 
-0.004560 -0.001494 0.013652 0.008098 0.000331 -0.002604 0.003171 0.002868 
0.007641 -0.020855 0.009287 -0.006180 0.017698 -0.010806 -0.008905 -0.001739 
0.015471 -0.008871 0.000685 0.003662 -0.006813 0.006800 -0.005068 0.010151 
0.004005 -0.026861 0.013338 -0.002183 0.016364 -0.010715 -0.007190 0.008315 
0.022636 -0.013594 0.029564 0.003168 -0.011429 -0.008972 -0.007460 0.010999 
0.007573 -0.010479 0.025552 0.009596 0.012198 0.003939 -0.013224 0.002783 
0.019507 -0.005622 -0.006479 0.007891 -0.005416 -0.013368 0.001370 -0.001780 
-0.022299 -0.005180 0.013092 0.003592 0.004445 0.011973 -0.014348 0.000602 
0.017569 0.004987 -0.016153 0.005852 0.000385 -0.023878 0.000579 0.002804 
-0.010363 0.005229 0.014238 -0.001541 0.004278 0.014536 -0.007280 -0.006971 
0.004325 -0.007052 -0.010361 0.015192 -0.001449 -0.017008 -0.009013 0.006121 
-0.011845 -0.005538 0.022527 0.000170 -0.006785 0.019989 -0.008014 0.002454 
-0.001606 -0.006090 -0.009363 0.022248 0.003185 -0.030772 -0.001405 0.001739 
-0.015142 -0.000924 0.029762 0.005330 0.001573 0.015526 -0.010367 -0.010434 
-0.011327 -0.015637 -0.016790 0.009959 0.006958 -0.025005 -0.006097 -0.003906 
-0.016419 -0.002251 0.026901 0.007584 0.008232 0.029982 -0.022991 0.000829 
-0.014762 -0.020951 -0.013910 0.015552 -0.001381 -0.024715 0.000279 0.005005 
-0.024570 -0.013597 0.037372 0.002592 0.007520 0.025748 -0.011702 -0.000045 
-0.003537 -0.025607 -0.006057 0.002208 0.007278 -0.028845 -0.004656 0.003655 
-0.020680 -0.008730 0.027863 -0.006139 0.010704 0.019781 -0.032443 0.006500 
-0.012377 -0.044673 -0.024033 0.033121 0.000864 -0.045175 -0.005788 -0.001085 
-0.032779 0.002615 0.027955 -0.001642 0.015986 0.024251 -0.026128 0.014875 
-0.027231 -0.019890 -0.005848 0.024068 -0.002211 -0.027516 -0.001347 0.008553 
-0.020403 -0.007030 0.033803 0.008082 -0.002700 0.044018 -0.036714 0.002069 
0.000640 -0.022067 -0.024571 0.010907 -0.015569 0.009676 -0.007473 0.026974 
0.006508 -0.009148 0.045155 -0.004492 0.016767 0.036065 -0.025447 -0.013114 
