0.154849 1.073482
0.208846 1.198551
0.173370 1.257558
0.149785 1.268584
0.134657 1.243905
0.123129 1.177785
0.102303 1.090663
0.098658 1.006968
0.118567 0.978685
0.114947 1.138923
-0.427545 1.090937
-0.356147 1.202143
-0.220269 1.253237
-0.124067 1.275141
-0.076859 1.236446
-0.034648 1.191766
0.005442 1.098244
0.034387 1.024904
0.019436 0.999710
0.167025 1.078461
0.013396 0.894201
0.014968 0.948540
0.019327 0.971051
0.019928 0.974343
0.021559 0.961823
0.020005 0.962876
0.031252 0.950396
0.028317 0.939967
0.055318 0.919310
-0.062513 0.918185
-0.008963 0.895009
0.006210 0.943556
0.009730 0.966234
0.001508 0.975510
-0.014086 0.972906
-0.030499 0.967867
-0.022855 0.966336
-0.046730 0.957777
-0.053063 1.002361
-0.138470 0.969642
0.152292 1.074284
0.205474 1.197559
0.168139 1.254803
0.144819 1.264922
0.129518 1.240369
0.118484 1.176717
0.095362 1.089069
0.093330 1.006364
0.108420 0.968569
0.120588 1.127869
-0.425143 1.090820
-0.355285 1.200113
-0.220110 1.250786
-0.123645 1.270733
-0.074323 1.233670
-0.029728 1.188537
0.008746 1.094577
0.040981 1.023966
0.027080 1.000780
0.192029 1.091376
0.025709 0.709849
0.032948 0.706056
0.023296 0.708125
0.034750 0.705514
0.035512 0.704474
0.028426 0.713361
0.036471 0.704087
0.049442 0.698862
0.061330 0.706229
-0.091021 0.734720
-0.054906 0.705494
-0.097447 0.710492
-0.144555 0.708522
-0.190978 0.711435
-0.222025 0.720079
-0.273075 0.719525
-0.317369 0.724772
-0.319703 0.719760
-0.351536 0.692720
-0.297927 0.763732
0.005995 0.704430
0.010518 0.704449
0.011761 0.695437
0.018319 0.691586
0.018941 0.687284
0.020863 0.682648
0.012463 0.679011
0.022666 0.674553
0.009495 0.706068
0.064998 0.638636
-0.002721 0.702447
-0.022732 0.709897
-0.048727 0.706092
-0.045991 0.707507
-0.067194 0.695759
-0.079892 0.691345
-0.099386 0.694798
-0.101618 0.690920
-0.145293 0.667484
-0.141935 0.702840
0.004083 0.700671
0.010992 0.700119
0.021298 0.701023
0.020429 0.704250
0.034623 0.713861
0.028748 0.710351
0.040258 0.697007
0.033512 0.694992
0.016682 0.686762
-0.011748 0.683898
-0.005619 0.694608
-0.024690 0.694539
-0.040472 0.704918
-0.045404 0.711205
-0.052964 0.715346
-0.053415 0.711393
-0.057145 0.704254
-0.078662 0.706357
-0.098003 0.674959
-0.111240 0.668105
0.006084 0.694231
0.010975 0.717482
0.009488 0.754624
0.012685 0.783726
0.019719 0.816559
0.013940 0.819435
0.023941 0.801261
0.034134 0.766584
0.053409 0.766959
0.040508 0.812742
-0.006830 0.695985
-0.013096 0.714812
-0.015908 0.756737
-0.020436 0.786426
-0.030458 0.805331
-0.025673 0.809339
-0.034760 0.795695
-0.025445 0.752786
-0.010609 0.764544
-0.145337 0.740524
0.021153 0.703471
0.026012 0.740142
0.028723 0.790766
0.025588 0.827815
0.017918 0.841708
0.019414 0.844097
0.016925 0.794381
0.024190 0.744979
0.075368 0.744270
0.016087 0.846686
0.054323 0.702304
0.063284 0.728822
0.054676 0.787300
0.043168 0.824955
0.029335 0.835762
0.026348 0.828344
0.007022 0.807881
-0.002567 0.748216
0.060984 0.758428
-0.053434 0.857610
0.018667 0.657211
0.035654 0.698459
0.039383 0.736545
0.045468 0.772571
0.054876 0.777198
0.049014 0.765302
0.057277 0.720102
0.067985 0.676223
0.080388 0.656322
0.021117 0.694142
0.002299 0.670582
-0.034061 0.701341
-0.076932 0.750202
-0.099816 0.786094
-0.136640 0.784140
-0.158691 0.761550
-0.197469 0.732750
-0.209615 0.679871
-0.226151 0.687932
-0.315827 0.740377
0.003829 0.707707
0.004438 0.704844
0.010954 0.704831
0.004722 0.698095
0.008058 0.701986
0.009542 0.705125
0.010043 0.694627
0.009122 0.695163
-0.003999 0.686211
-0.021236 0.683142
-0.002097 0.703814
-0.009000 0.707382
-0.018102 0.703223
-0.021128 0.706767
-0.029566 0.704054
-0.032039 0.700839
-0.038550 0.696724
-0.022396 0.706923
-0.040041 0.695644
-0.032682 0.697726
0.003113 0.713969
0.005723 0.705472
0.002266 0.712957
0.015316 0.708088
0.011722 0.708996
0.007021 0.703574
0.028236 0.694328
0.026787 0.702216
-0.022351 0.699689
0.072717 0.693219
0.007800 0.699605
-0.012704 0.704869
-0.023198 0.709418
-0.022975 0.705695
-0.023275 0.702557
-0.023042 0.702604
-0.017662 0.711326
-0.040277 0.697781
-0.072483 0.705025
-0.002034 0.701838
-0.000720 0.710907
0.006080 0.706312
0.007972 0.703094
0.003904 0.706920
0.026810 0.706316
0.016561 0.695362
0.012761 0.698717
0.019133 0.696335
-0.014980 0.692511
-0.013533 0.692763
-0.008128 0.701281
-0.014868 0.708021
-0.018450 0.707080
-0.018200 0.704308
-0.021415 0.713804
-0.016552 0.708404
-0.029355 0.713581
-0.049287 0.706586
-0.062857 0.686651
-0.136097 0.721939
0.000530 0.708944
0.001381 0.705644
0.018813 0.705775
0.002224 0.706516
0.011833 0.712460
0.010556 0.708879
0.020753 0.713254
0.015210 0.712848
-0.005678 0.681901
-0.027576 0.666522
-0.013135 0.705107
-0.015406 0.706478
-0.017625 0.706417
-0.020724 0.710866
-0.021658 0.712400
-0.018576 0.713220
-0.014520 0.712675
-0.022445 0.717578
-0.021207 0.695050
0.020952 0.658266
0.008433 0.707565
0.008210 0.705054
0.010083 0.708765
0.014652 0.714350
0.018728 0.717715
0.019356 0.711384
0.013803 0.706193
0.005128 0.711385
0.082190 0.682642
-0.027689 0.729296
-0.008835 0.704145
-0.006913 0.704565
-0.010980 0.712416
-0.018175 0.711881
-0.017911 0.718255
-0.030661 0.717045
-0.029767 0.714019
-0.038928 0.717892
-0.019220 0.740287
-0.094661 0.761778
-0.002762 0.706914
0.006040 0.708386
0.004985 0.707356
0.011861 0.713192
0.014852 0.719847
0.009117 0.721642
0.008609 0.719151
0.028451 0.718407
0.027366 0.723341
0.057808 0.764834
-0.003325 0.706804
-0.008076 0.708646
-0.003095 0.708807
-0.005116 0.711171
-0.014156 0.719836
-0.016532 0.718124
0.000904 0.717882
-0.001961 0.709733
0.002509 0.726780
-0.076077 0.702054
0.005168 0.704903
0.002516 0.712735
0.003213 0.710552
0.003878 0.715451
0.001537 0.722492
0.007593 0.725222
0.018918 0.724708
0.010015 0.720418
0.030823 0.729335
0.064682 0.768289
-0.013454 0.705760
-0.012699 0.708070
-0.011736 0.714515
-0.005359 0.718070
-0.010526 0.721528
-0.007254 0.726106
-0.030444 0.717687
-0.013663 0.714768
0.003909 0.721077
-0.117674 0.736321
0.000877 0.706903
-0.000990 0.708062
0.002567 0.713857
0.004702 0.722609
0.004159 0.732227
0.009996 0.719348
0.004528 0.733353
0.003325 0.718535
0.044538 0.722512
-0.010269 0.783039
-0.007993 0.705804
-0.008927 0.704288
-0.007613 0.716495
-0.018052 0.718730
-0.016893 0.724250
-0.009312 0.727025
-0.016889 0.724871
-0.008332 0.718951
-0.047697 0.730178
-0.099119 0.657372
0.007267 0.705703
0.004073 0.713219
0.003697 0.713096
0.007050 0.729548
0.005968 0.735321
-0.003710 0.732951
0.011621 0.724838
0.015825 0.719244
-0.009644 0.713644
-0.058700 0.745993
0.007729 0.705943
0.004094 0.708296
0.004399 0.714741
0.000017 0.726821
-0.006791 0.731930
-0.003108 0.725551
-0.008130 0.724195
-0.015005 0.709281
0.026459 0.725788
0.043605 0.732623
0.007338 0.706635
0.014346 0.711900
0.008839 0.716752
0.003437 0.734307
0.015242 0.734858
0.007066 0.741838
0.005979 0.725832
0.017357 0.721635
0.017658 0.727863
0.008432 0.652881
-0.007114 0.707229
-0.006436 0.706469
-0.018245 0.719060
-0.014494 0.727089
-0.021572 0.729367
-0.021696 0.729371
-0.020773 0.741618
-0.018856 0.717190
-0.004450 0.747554
-0.083958 0.689905
0.016432 0.704713
0.004479 0.713280
0.005872 0.725521
-0.007559 0.732061
0.003801 0.737867
0.006128 0.739149
0.002514 0.723423
-0.000277 0.709541
0.017114 0.712648
-0.023171 0.735815
0.000245 0.706356
-0.005271 0.709763
-0.015038 0.724873
-0.012575 0.730837
-0.006015 0.734699
-0.014311 0.736482
-0.025010 0.733913
-0.015074 0.722691
0.026315 0.758391
-0.096679 0.744952
0.003530 0.709224
0.011790 0.720199
0.008902 0.729317
0.010785 0.729262
0.001492 0.733668
-0.002905 0.738152
0.012334 0.724759
0.004849 0.717370
0.043799 0.720907
-0.023273 0.758940
0.015394 0.702103
0.010131 0.706552
0.005436 0.720789
0.006352 0.726331
-0.008995 0.731498
-0.003754 0.730711
-0.011944 0.729774
0.008414 0.718793
0.020315 0.729437
-0.102108 0.666837
0.030771 0.713468
0.025430 0.719215
0.029452 0.726373
0.028762 0.735464
0.021982 0.742648
0.023714 0.741444
0.013619 0.730864
0.034998 0.720804
0.071337 0.740562
0.055288 0.707443
0.051721 0.697667
0.053486 0.703016
0.044939 0.714586
0.030787 0.727206
0.020186 0.729317
0.031081 0.730611
0.020632 0.722035
-0.016715 0.711712
0.043294 0.705188
0.080935 0.730276
0.002715 0.704452
0.012084 0.713200
0.012372 0.720398
0.009060 0.728436
-0.001458 0.734616
0.004960 0.738441
-0.001511 0.723900
0.005472 0.714414
0.010825 0.719203
-0.064897 0.702973
0.082294 0.701350
0.078449 0.707099
0.069705 0.721822
0.049820 0.722572
0.039986 0.726593
0.032136 0.723963
0.022345 0.723783
0.014137 0.711998
0.051032 0.706053
0.020012 0.765815
0.037123 0.709349
0.032616 0.705952
0.029521 0.711723
0.047599 0.711484
0.030073 0.714286
0.036275 0.714931
0.026546 0.712754
0.037249 0.724102
0.028403 0.713643
0.140624 0.734094
0.130083 0.689199
0.106835 0.704495
0.089077 0.706241
0.092066 0.708300
0.071043 0.704520
0.057790 0.706768
0.077693 0.706475
0.040470 0.689879
0.006008 0.715672
-0.066835 0.656354
0.049866 0.948206
0.072585 0.932518
0.055416 0.929271
0.028530 0.929992
0.032628 0.922142
0.016533 0.923491
-0.008037 0.909130
-0.019125 0.889907
0.058890 0.897279
-0.122920 0.866904
-0.012404 0.943969
-0.008432 0.927294
0.000688 0.924694
0.008606 0.927963
0.000143 0.930150
0.018213 0.914414
0.012189 0.898280
0.006135 0.906828
0.026044 0.913671
0.086077 0.929270
-0.001876 0.893839
0.006427 0.947058
-0.002299 0.973235
-0.016088 0.980709
-0.023504 0.979553
-0.024712 0.962657
-0.046448 0.960501
-0.025375 0.950399
-0.059998 0.954071
-0.147661 1.002772
0.007582 0.891132
-0.012260 0.941620
-0.001972 0.963021
0.001528 0.966525
-0.021925 0.960332
-0.009827 0.957295
-0.016212 0.950354
-0.011124 0.953345
-0.011308 0.957994
-0.020220 0.973610
0.049624 0.949732
0.072909 0.935023
0.054623 0.932785
0.025352 0.933298
0.028405 0.925963
0.012095 0.923752
-0.015465 0.912563
-0.022093 0.891120
0.050221 0.900911
-0.150670 0.870089
-0.011409 0.944359
-0.009587 0.928999
0.000313 0.927246
0.009112 0.931316
-0.003293 0.934066
0.016336 0.917106
0.009711 0.901284
0.004117 0.908994
0.022498 0.915698
0.085822 0.921781
0.005678 0.704400
0.012712 0.705969
0.016033 0.707357
0.020160 0.699707
0.021048 0.698780
0.047377 0.700477
0.037000 0.703560
0.032701 0.693473
-0.008250 0.689866
-0.003413 0.734311
-0.001904 0.709528
-0.004667 0.708856
-0.002773 0.711005
-0.012278 0.715614
-0.012473 0.711996
-0.021277 0.710413
-0.009148 0.704752
-0.014558 0.708982
-0.031144 0.682569
0.037905 0.726166
0.020602 0.705255
0.015380 0.710308
0.029252 0.710117
0.033193 0.711663
0.026072 0.717143
0.037315 0.713914
0.032363 0.706832
0.015765 0.688855
0.072128 0.699468
-0.028307 0.770831
-0.012039 0.710303
-0.006147 0.715229
-0.009619 0.708463
-0.016232 0.714263
-0.007918 0.714907
-0.006924 0.712108
-0.015359 0.711207
0.001962 0.702337
0.020059 0.700056
0.118767 0.641851
0.019654 0.706292
0.002732 0.707306
-0.004184 0.707209
-0.012322 0.710004
-0.014204 0.705040
-0.016096 0.705512
-0.029515 0.700280
-0.019604 0.697880
-0.024088 0.689516
-0.021392 0.635673
0.005648 0.707648
0.016719 0.711957
0.020043 0.703264
0.024679 0.709912
0.040866 0.704712
0.036621 0.715152
0.052072 0.695939
0.054689 0.713746
0.036310 0.681545
0.088601 0.743020
0.000519 0.706849
0.013860 0.700619
-0.002530 0.704251
0.013406 0.703148
0.003888 0.703224
0.011099 0.713823
0.010753 0.711204
0.000619 0.693769
-0.020491 0.693057
0.034166 0.623029
-0.003409 0.706072
-0.003210 0.706105
-0.001794 0.702552
0.003515 0.708955
0.007495 0.706212
0.001716 0.709511
0.003558 0.702002
0.011600 0.707051
0.004721 0.695302
-0.033675 0.717845
0.009280 0.703792
0.024276 0.701943
0.020463 0.707676
0.027129 0.705195
0.019503 0.709140
0.019978 0.710958
0.011776 0.708713
0.019993 0.703950
-0.037050 0.698172
-0.017801 0.709323
-0.012152 0.705069
-0.019150 0.703628
-0.012590 0.707505
-0.007768 0.701572
-0.012015 0.712003
-0.024485 0.714148
-0.015268 0.714137
-0.010100 0.722941
0.009798 0.697472
0.006626 0.774709
0.027491 0.704729
0.028352 0.702006
0.023099 0.706856
0.031556 0.711031
0.019593 0.718243
0.036166 0.717975
0.020334 0.707309
0.013988 0.687036
0.005246 0.681674
-0.019658 0.779632
-0.007874 0.704271
-0.004620 0.709470
-0.000626 0.709308
-0.000111 0.711687
0.013362 0.717391
0.003488 0.718476
0.015198 0.699927
0.029772 0.716888
0.025874 0.695634
0.110100 0.727243
0.012029 0.707324
-0.006343 0.707620
0.000863 0.706048
-0.004923 0.706712
-0.004905 0.704148
-0.013280 0.703806
-0.017945 0.700823
-0.002172 0.704567
0.023400 0.706820
-0.006528 0.660781
-0.003473 0.710344
0.003970 0.708776
0.001120 0.708636
0.009741 0.709207
0.008763 0.710435
0.006668 0.707301
0.019666 0.699109
0.038266 0.716808
0.028543 0.689794
0.068584 0.679718
0.017461 0.703430
0.005192 0.707343
-0.005949 0.703810
0.000749 0.703994
-0.003995 0.708005
-0.013204 0.701544
-0.012434 0.699146
-0.009216 0.699637
-0.014707 0.708178
0.028572 0.733004
0.004788 0.709972
0.002971 0.710349
0.009041 0.709219
0.009682 0.714532
0.022791 0.711690
0.014198 0.705429
0.035533 0.710589
0.018993 0.704395
0.005625 0.701984
-0.084847 0.688323
0.013213 0.705671
-0.002892 0.709650
-0.004461 0.705792
-0.009439 0.704076
-0.002376 0.712337
-0.005586 0.707998
-0.020191 0.693880
-0.021333 0.697929
-0.020210 0.669235
-0.071162 0.670744
0.005352 0.707976
0.010686 0.706182
0.008022 0.712128
0.012505 0.707589
0.010189 0.703683
0.013956 0.712629
0.015295 0.704253
0.017453 0.716820
0.031456 0.701018
0.073548 0.683700
0.003693 0.706188
0.003473 0.706738
-0.003526 0.708161
-0.006272 0.707078
-0.013133 0.703253
0.005126 0.699396
-0.012116 0.710162
-0.002129 0.697864
-0.009711 0.712127
-0.008512 0.692426
0.005218 0.708155
0.009793 0.705735
0.011599 0.706046
0.008514 0.708676
0.020738 0.709558
0.019143 0.706980
0.035524 0.709603
0.028369 0.703317
0.042604 0.717035
0.084167 0.710758
0.006682 0.706077
0.006601 0.706619
0.006908 0.704354
-0.005460 0.706672
-0.008399 0.705527
-0.007013 0.705986
-0.003205 0.705729
-0.009026 0.701014
-0.035231 0.718324
0.007618 0.677340
0.003003 0.708068
0.011376 0.708287
0.013049 0.704082
0.013712 0.702736
0.028046 0.701454
0.027059 0.706733
0.010455 0.698802
0.020102 0.695830
-0.019016 0.723869
0.070547 0.742325
0.002524 0.708556
0.005574 0.705037
0.000087 0.706787
0.006386 0.706595
-0.001216 0.706445
0.002014 0.706623
0.005144 0.705485
-0.014424 0.695314
-0.011694 0.705909
0.067561 0.543265
0.000802 0.706616
0.009576 0.708867
-0.004072 0.708390
-0.002100 0.715942
-0.001938 0.702727
-0.001407 0.707264
0.001854 0.704425
0.015786 0.701887
0.019003 0.724762
0.002238 0.632672
-0.000411 0.706747
0.006030 0.705366
-0.000854 0.709111
0.003103 0.709700
0.000344 0.709561
0.002392 0.708348
0.010453 0.712339
0.004473 0.704795
-0.041755 0.688864
-0.007294 0.705866
-0.006504 0.708800
-0.003325 0.704483
-0.005054 0.703030
0.001216 0.707891
0.005407 0.708994
-0.000642 0.704781
-0.002902 0.702852
-0.001585 0.711158
-0.004753 0.699558
-0.026691 0.771026
-0.001315 0.706993
0.008414 0.705222
0.002663 0.708542
0.007680 0.711510
-0.000113 0.706408
0.002020 0.705350
0.011945 0.706204
0.000105 0.698756
-0.009675 0.689375
-0.020267 0.623434
-0.006115 0.706487
-0.010697 0.707556
-0.000974 0.704927
-0.002640 0.710229
-0.000436 0.706616
0.004146 0.707542
-0.003283 0.708401
0.011474 0.716600
0.032257 0.678537
-0.045179 0.648839
0.002386 0.704057
0.007066 0.704126
-0.001239 0.705245
0.008963 0.703898
0.005966 0.706731
0.015664 0.704223
-0.004434 0.710279
0.003056 0.698421
0.049513 0.720069
0.011829 0.691688
-0.001376 0.709860
-0.002981 0.707503
-0.002098 0.703928
-0.000709 0.711245
0.004915 0.703689
-0.001835 0.710618
0.008792 0.702298
-0.008118 0.706560
-0.045475 0.722341
-0.057670 0.621804
-0.001581 0.707477
0.005676 0.708055
-0.004525 0.703417
0.003610 0.705211
0.003982 0.709972
0.004597 0.710621
-0.000048 0.706049
0.010476 0.702622
-0.033472 0.742832
0.025561 0.716336
0.001129 0.707237
-0.002940 0.708055
0.010705 0.705983
0.010215 0.707111
0.011291 0.710963
0.006103 0.703230
0.005140 0.701078
0.005891 0.702594
0.015673 0.727571
0.022848 0.642099
-0.002439 0.703559
0.002342 0.704695
0.003789 0.710533
0.004913 0.706961
-0.001267 0.709591
0.000172 0.710311
-0.011561 0.701591
0.005740 0.704740
-0.067660 0.681294
-0.037016 0.780014
-0.003279 0.710972
-0.004371 0.704593
-0.001942 0.707241
0.003635 0.699562
0.007599 0.707040
-0.010357 0.708322
0.001627 0.699687
0.006868 0.711211
0.043415 0.714259
-0.024900 0.662777
0.014352 0.704291
0.023498 0.706116
0.020178 0.704725
0.020733 0.706838
0.010304 0.702733
0.008023 0.710730
0.006569 0.702999
0.003039 0.708921
0.006070 0.717194
0.081361 0.588912
-0.000686 0.706835
-0.016388 0.710126
-0.003232 0.710652
0.003529 0.706412
-0.006229 0.712140
-0.003437 0.707906
-0.007085 0.707406
0.014725 0.709080
-0.013923 0.698678
0.084449 0.758189
0.020416 0.705571
0.026140 0.706078
0.017324 0.708637
0.023749 0.699145
0.020163 0.705970
0.016870 0.706796
0.023318 0.704120
0.012899 0.708664
0.009219 0.705989
0.002650 0.717477
-0.020570 0.708195
-0.009057 0.707696
-0.010663 0.703482
-0.010884 0.707713
-0.013700 0.708092
-0.017932 0.712305
-0.017580 0.708225
-0.009362 0.709412
0.014611 0.731819
-0.056629 0.707757
0.000156 0.707014
0.009794 0.702847
0.004930 0.704832
0.004930 0.703848
0.012035 0.707382
0.015472 0.707097
0.000810 0.707135
0.010686 0.707659
-0.004245 0.719857
-0.085943 0.687633
-0.008523 0.705233
-0.000503 0.708651
0.003238 0.709539
-0.002529 0.713098
0.004400 0.710786
-0.001395 0.708803
0.002896 0.705699
-0.009649 0.711834
0.000481 0.715874
0.007975 0.702196
0.010342 0.693775
-0.009501 0.696499
-0.002036 0.700312
0.001778 0.694335
0.013019 0.700479
0.017362 0.701381
0.018243 0.688709
0.048087 0.694287
-0.008246 0.710369
0.094715 0.678308
-0.033702 0.718744
-0.048723 0.716346
-0.056203 0.713677
-0.038811 0.713600
-0.060842 0.718487
-0.053176 0.715528
-0.052937 0.718343
-0.086497 0.707402
-0.134484 0.689307
-0.100358 0.685394
-0.030095 -0.037280 0.009444 0.000966 -0.007187 -0.001437 0.003731 -0.006485 
0.248023 -0.012266 -0.001796 -0.000846 0.006652 0.005134 -0.004150 0.003354 
-0.044261 -0.017066 0.002647 0.000565 -0.005206 -0.000356 -0.000295 -0.001474 
0.154848 -0.006696 -0.003936 0.003615 -0.001524 0.002775 -0.011723 0.004998 
-0.013133 -0.000162 0.005074 0.002070 0.000508 0.002584 -0.000438 0.001859 
0.054862 -0.003511 -0.000696 -0.005583 -0.001857 0.005216 0.001132 0.001482 
0.007392 -0.001154 0.002811 0.001017 -0.011505 0.001173 0.004518 -0.003448 
-0.025228 -0.007157 -0.004153 0.006955 0.001118 0.013904 0.007285 0.004338 
0.017302 0.003120 0.000655 0.009672 -0.000592 0.002242 0.003496 0.008205 
-0.078650 -0.009394 0.005625 -0.002388 -0.008407 -0.003146 -0.008262 -0.008522 
0.044652 -0.003869 -0.005443 0.003833 0.004436 0.002455 -0.002647 0.001027 
-0.152799 -0.010819 0.002138 0.003011 0.005580 0.005949 -0.003750 0.001345 
0.055482 -0.030501 -0.012520 0.006876 0.001857 -0.009951 0.002005 -0.000213 
-0.210140 -0.028551 -0.005083 0.002323 -0.005473 0.005785 0.002284 -0.000769 
0.053791 -0.036080 -0.008233 -0.003175 0.004396 -0.001572 -0.005313 -0.003910 
-0.243046 -0.034000 0.001702 0.003380 0.001448 -0.003278 -0.004374 0.006422 
0.016161 -0.038794 -0.001416 0.001764 0.006458 0.005926 -0.003564 -0.004029 
-0.247702 -0.014035 0.007716 -0.000305 -0.002509 -0.000326 -0.002922 0.004148 
-0.013281 -0.131832 0.000799 0.001390 -0.007344 0.008718 0.011768 -0.002377 
-0.378172 0.005330 0.034974 -0.002879 0.007466 0.003841 0.002621 -0.011973 
0.011720 -0.014277 0.001767 -0.002244 -0.001308 0.010859 0.004680 0.002138 
-0.020951 -0.003742 -0.004108 0.004413 0.006452 0.004355 -0.007411 0.001556 
0.000551 -0.004043 -0.010901 0.000493 -0.004012 0.003159 0.000783 -0.000511 
-0.021407 -0.001357 -0.005033 -0.004720 0.008059 -0.011295 0.004653 -0.000978 
0.000341 -0.012519 -0.002603 0.005442 0.005854 0.006754 -0.000039 -0.001565 
-0.017018 -0.003457 -0.000978 -0.000975 0.005120 0.002596 0.000524 0.004756 
0.002354 0.002835 -0.002489 0.005159 -0.001022 0.000395 -0.001989 -0.000994 
0.003102 0.005105 0.011286 0.003533 0.004160 0.004676 -0.014108 -0.006832 
0.004908 0.005140 -0.001173 0.012029 0.004331 -0.001107 0.002019 -0.001208 
0.012130 -0.002134 0.004854 -0.004544 0.005742 -0.001432 0.002929 0.000632 
-0.003878 0.006831 -0.000274 0.001798 -0.006115 0.000066 0.001817 -0.004015 
0.019413 -0.003578 -0.006003 -0.003101 -0.006922 0.001662 0.004545 0.012057 
-0.008288 0.010439 -0.007338 0.003008 -0.004383 0.000568 0.000450 -0.011888 
0.010596 -0.012108 0.003510 0.003440 0.004840 0.003613 -0.012135 -0.001028 
-0.011936 0.006282 -0.024471 0.004721 0.001642 0.000326 -0.005901 -0.004303 
0.019017 0.018227 0.000615 -0.000841 -0.003974 0.006189 0.006656 0.000898 
-0.023755 0.046907 -0.002970 0.009463 -0.006400 0.010591 -0.004744 -0.009627 
0.010599 -0.002531 -0.007519 0.001227 0.005513 0.007918 -0.010914 -0.003286 
0.054060 0.019618 -0.002224 0.014489 -0.003820 0.016088 0.008896 -0.002198 
0.027518 -0.001306 0.003656 -0.007684 -0.000198 0.006445 -0.017020 -0.011395 
-0.032025 -0.038381 0.005717 -0.003256 -0.003933 -0.000955 0.005419 -0.006606 
0.251025 -0.011213 -0.004235 -0.000913 0.003582 0.002399 -0.001818 -0.005021 
-0.044558 -0.013855 0.000569 -0.000251 -0.003054 0.004416 0.001251 0.001205 
0.156798 -0.007120 -0.008877 0.006066 -0.008734 0.005956 -0.007510 0.007454 
-0.013386 -0.000031 0.004579 0.000254 0.004572 0.004568 -0.002128 0.001987 
0.057008 -0.003619 -0.002423 -0.004746 -0.003325 0.005857 -0.004178 -0.004351 
0.006621 0.000875 0.005666 0.002381 -0.005053 0.004417 -0.001260 -0.006172 
-0.026073 -0.004851 -0.004583 0.002595 0.003056 0.014465 0.006502 0.001321 
0.016754 0.002137 -0.000402 0.010307 -0.001839 0.001307 0.000460 0.005718 
-0.080214 -0.010561 0.006893 -0.000374 -0.004298 -0.005589 -0.006233 -0.008655 
0.045083 -0.005009 -0.002309 0.005769 0.006145 0.000091 -0.003220 0.001287 
-0.154613 -0.009933 0.002380 0.005872 0.004009 0.004422 -0.004234 0.000982 
0.058510 -0.030781 -0.009369 0.003258 0.003058 -0.012111 0.002631 0.002807 
-0.211351 -0.027687 -0.003324 0.004403 -0.005674 0.005281 0.005310 0.001120 
0.055231 -0.038132 -0.009189 -0.002579 0.002552 -0.001020 0.004928 0.002650 
-0.245972 -0.034145 -0.000346 0.004928 0.001085 -0.005112 -0.004099 0.007327 
0.021153 -0.035088 0.000662 0.003314 0.001225 0.003054 -0.002030 0.000519 
-0.248952 -0.016292 0.006741 -0.000054 -0.001527 0.001999 -0.000166 0.006898 
-0.018153 -0.125446 -0.000226 0.000203 -0.008100 0.010551 0.006966 0.004488 
-0.386281 0.008001 0.028793 0.000742 0.010321 0.002805 -0.001474 -0.010525 
0.012596 -0.057059 0.001553 0.001946 -0.008620 0.006518 0.004563 0.002172 
-0.230834 0.002541 -0.001835 0.000012 0.004886 0.000419 -0.006330 -0.002284 
0.005277 -0.013288 -0.000974 -0.005788 -0.000826 0.003592 -0.002685 0.003363 
-0.138956 0.002186 0.000150 0.003723 0.003033 0.009645 -0.004216 -0.009587 
0.008778 -0.014218 -0.004244 -0.010852 -0.011695 -0.001278 0.005554 -0.001167 
-0.064154 -0.003894 0.003372 0.000364 0.004967 0.003748 -0.006128 0.000865 
-0.007388 -0.001066 -0.000353 -0.001503 -0.000766 0.004851 0.003713 0.003689 
0.013680 0.002325 0.002106 0.001232 -0.002211 -0.005785 -0.007171 0.002471 
-0.002468 0.005150 -0.002651 -0.002003 -0.005164 -0.002487 0.000067 0.000824 
0.068465 0.003246 0.002856 -0.000449 0.005022 0.001879 -0.005089 0.004555 
0.006780 -0.008227 0.007304 0.002866 -0.000985 -0.002143 0.007995 -0.009343 
0.129161 0.002143 -0.004856 0.001189 -0.000847 -0.005209 -0.008010 -0.006086 
-0.006695 -0.010629 0.005002 0.017257 -0.006855 -0.008533 -0.002002 0.005622 
0.177077 0.003120 -0.017449 0.004876 0.004618 -0.006385 -0.015564 -0.008151 
-0.009260 0.000201 -0.002145 0.003354 -0.010990 0.000714 0.006442 0.003721 
0.174835 0.000162 -0.005486 0.012697 -0.002162 0.001045 -0.020219 -0.005137 
-0.019974 -0.025476 0.011807 -0.005673 -0.001772 0.002142 0.011957 -0.002307 
0.190231 -0.003329 -0.004914 0.008896 -0.007971 -0.009777 -0.012685 -0.006864 
0.075329 0.022657 -0.002642 -0.005377 0.018562 -0.007668 0.000524 0.003426 
0.133429 0.019767 0.006883 0.001218 -0.007981 0.012771 0.002774 -0.020338 
0.012128 -0.012948 -0.004316 0.002774 0.004180 0.002969 0.004495 0.016696 
-0.095013 0.010032 0.004608 -0.002414 0.002887 0.001173 0.009950 -0.001033 
0.015267 -0.010087 -0.003292 -0.001545 -0.010159 0.008807 0.003998 -0.001770 
-0.051731 0.005225 -0.000523 0.003434 0.001612 -0.005492 0.001553 -0.006834 
0.002663 -0.000177 0.000088 -0.001689 0.003987 -0.002138 0.006038 0.003042 
-0.010161 0.006950 0.003166 0.007511 0.005808 0.004355 0.000294 0.000664 
-0.002883 -0.000759 -0.000049 -0.005682 0.003840 0.002371 0.002037 0.000832 
-0.007566 0.005331 0.005060 0.006398 0.002916 -0.000246 0.000645 0.006431 
-0.010332 -0.000982 -0.003551 -0.002863 -0.001844 -0.003066 -0.002189 0.007496 
0.020532 0.006778 0.000314 0.001417 -0.004373 0.004746 -0.005248 0.001120 
-0.009868 -0.001785 0.002209 0.001275 -0.000524 -0.003186 -0.010809 0.004078 
0.045547 -0.000656 -0.004757 -0.004967 -0.004813 0.000343 0.003607 0.000256 
-0.001401 0.011326 0.001093 0.000883 0.003824 -0.000975 0.001030 -0.002887 
0.062556 -0.003455 0.005785 -0.006932 0.001357 -0.003900 -0.006299 -0.004380 
-0.003490 0.002508 0.000947 -0.004452 0.008954 0.004987 -0.002701 0.008588 
0.080878 -0.003705 -0.011037 0.000838 -0.001669 0.006552 0.003781 -0.005526 
-0.003369 -0.045905 -0.004900 0.012187 0.004695 -0.000294 -0.000308 -0.000940 
0.124176 -0.006755 -0.011727 -0.004117 0.001282 -0.001152 -0.008724 0.007747 
-0.056505 0.065224 0.004632 0.006114 -0.001019 0.007114 0.000725 -0.010433 
0.109653 -0.018713 0.022602 -0.006392 0.003221 -0.005459 0.016425 0.000512 
0.027810 -0.007174 -0.000760 0.005462 -0.002344 0.006984 -0.000262 0.000968 
-0.048093 -0.001013 0.003933 -0.008148 -0.010888 -0.002655 0.005398 0.004024 
0.014665 -0.009694 -0.006393 -0.001930 -0.002898 0.004746 0.005880 0.003924 
-0.035659 0.006620 -0.004345 -0.000180 0.007563 -0.000511 0.005834 -0.007040 
0.006078 0.001582 0.004738 -0.003004 0.004882 0.013466 0.001558 0.003554 
-0.002419 -0.000752 0.001943 -0.006156 0.000574 0.000413 0.000522 -0.003148 
0.003395 0.006378 0.004409 0.007136 -0.002233 -0.004081 -0.000008 0.000102 
0.001346 0.005447 -0.001035 -0.000596 -0.002769 -0.005251 0.006082 0.000349 
-0.019552 -0.006518 -0.003431 -0.000889 0.000416 -0.003218 -0.000780 0.004357 
0.017118 0.000390 0.000457 -0.005525 -0.002198 0.004272 0.003308 0.000282 
-0.013293 0.011691 0.000104 -0.000816 0.003599 0.001415 0.002668 -0.005508 
0.025512 0.009420 0.001131 -0.007181 -0.008533 -0.004974 -0.000008 -0.002572 
-0.025404 0.003312 0.001436 -0.004398 0.003346 -0.001667 0.003455 -0.004914 
0.026333 0.000254 0.004884 -0.008584 -0.001865 0.004477 -0.000212 0.003147 
-0.016903 0.015231 0.004084 -0.016854 0.002390 0.002411 -0.005760 0.000079 
0.063722 -0.003383 0.000234 0.000357 0.002611 0.006091 0.001803 -0.000629 
-0.014876 -0.009087 0.006115 -0.000789 -0.000408 -0.007677 0.012417 0.004482 
0.071451 0.001748 0.001714 0.006329 0.000829 0.002510 -0.006707 0.000711 
0.006134 -0.008805 -0.007966 0.003430 0.005079 -0.007305 0.004198 0.001877 
0.101249 0.010947 -0.008941 -0.004017 0.011736 0.008523 -0.012817 0.002589 
0.017898 0.007681 -0.004720 -0.000400 -0.000976 -0.002120 -0.003143 -0.007381 
-0.014217 -0.000618 -0.005702 -0.002750 -0.002733 -0.002143 0.000012 0.005257 
0.004137 0.014145 0.001473 -0.014057 -0.001230 0.003985 -0.003220 -0.000924 
-0.013213 -0.008448 -0.009384 0.007396 0.000514 0.000487 0.007498 0.006857 
0.005828 0.004938 0.004140 -0.007296 0.003016 0.003973 -0.001848 0.000377 
-0.013235 -0.010053 0.001284 0.001378 -0.000363 0.005610 -0.005096 -0.007393 
0.000228 0.002587 -0.002165 -0.002080 -0.001967 -0.003889 0.005993 -0.003613 
0.003682 -0.001870 0.003724 0.003628 -0.002043 -0.002213 0.000691 0.000512 
-0.006847 -0.012535 -0.004386 0.003095 -0.008124 0.009179 0.001008 -0.007118 
0.006893 0.001968 0.008940 -0.004895 0.005294 0.005198 -0.001039 -0.000821 
-0.000848 0.000891 -0.004401 -0.000602 0.004139 0.002769 0.000611 -0.002436 
0.002458 -0.001480 0.011567 0.005337 -0.009018 0.005613 0.000399 -0.002354 
-0.009306 -0.003453 0.009561 -0.005872 -0.005082 0.001301 0.001379 0.005044 
0.028959 -0.002595 0.003019 0.013536 0.000111 -0.007855 -0.000799 0.001791 
-0.028867 -0.009606 0.003638 0.003011 -0.001132 -0.001500 -0.000985 0.011672 
0.005070 0.000255 -0.003776 -0.004096 0.000666 0.004149 -0.004985 -0.008630 
-0.040639 -0.003644 -0.007122 -0.003447 0.009643 -0.000762 -0.006170 0.006621 
0.001449 0.006833 0.007471 0.004307 0.008153 -0.000198 0.000055 -0.001079 
-0.029290 -0.066013 -0.004854 0.001479 -0.001941 -0.007782 0.004502 -0.006060 
0.121225 -0.010839 -0.013284 0.006837 -0.001846 0.000281 0.002952 -0.006427 
-0.002709 -0.007618 0.001012 -0.000958 0.005605 -0.008918 0.000056 0.004708 
-0.040929 -0.004631 -0.007858 -0.002460 -0.001183 -0.003556 0.001477 -0.001234 
-0.007013 0.005545 0.004878 0.011153 -0.006910 -0.004395 -0.001763 -0.002388 
-0.030132 -0.002438 -0.003250 -0.001189 0.000033 0.006486 -0.000392 -0.003951 
-0.004629 -0.004673 -0.000827 0.003819 0.000145 -0.000178 0.000909 -0.002729 
-0.015152 0.003000 0.003926 0.003443 -0.000377 0.002670 0.007294 0.001050 
-0.000025 0.002746 0.006442 0.000621 -0.008384 -0.003533 -0.000876 -0.005895 
0.005111 0.001818 -0.005838 -0.002026 0.003627 -0.001446 0.003397 0.012812 
0.011702 -0.003091 0.001626 0.011055 -0.000505 -0.005161 0.001686 -0.004862 
0.015929 -0.004921 -0.001515 -0.004366 -0.003085 0.010207 0.006683 0.000515 
0.005422 -0.006030 0.011467 0.002539 -0.003226 0.002442 0.005889 0.002224 
0.029358 -0.007849 -0.001064 -0.007459 -0.000546 0.005350 -0.000254 -0.008760 
0.005093 0.014015 -0.001176 -0.006907 -0.007037 -0.003044 -0.005554 0.001645 
0.050959 -0.009692 0.000333 -0.001461 0.004182 0.002384 -0.001446 0.002257 
-0.004542 0.001732 0.007277 0.001369 -0.001113 -0.003390 0.002878 -0.000136 
0.055563 -0.017013 -0.003009 0.000529 -0.000163 0.002446 0.002694 -0.000103 
-0.045186 0.010329 0.001240 -0.001090 0.006434 -0.006793 -0.001708 0.005189 
-0.009049 0.006307 0.010608 -0.000814 0.002749 -0.002867 -0.003947 0.004645 
0.009605 -0.002661 0.002530 -0.009670 -0.005987 0.010337 0.002319 -0.004259 
0.093162 -0.000760 -0.003339 -0.011253 0.001752 0.006711 0.011560 -0.002066 
0.041592 -0.006272 -0.002660 -0.003748 -0.007587 -0.010349 0.001499 0.002750 
-0.168230 -0.009533 0.005647 -0.006123 -0.001544 -0.002281 0.010831 -0.009244 
0.024258 -0.006082 -0.004640 -0.000224 -0.003718 -0.003896 -0.005269 -0.004003 
-0.105466 0.000266 -0.007830 -0.000142 -0.009209 -0.000822 0.003911 0.002622 
0.005929 -0.002008 0.004376 0.002063 -0.002980 0.003939 -0.006796 -0.000553 
-0.027761 0.004925 0.001631 -0.004073 -0.004152 0.000173 0.000478 0.002103 
-0.003778 0.004978 -0.006192 0.000803 0.008405 -0.001903 0.010369 0.004657 
0.008350 0.003237 0.004089 -0.000268 0.008056 -0.002425 -0.002377 -0.004182 
-0.010780 -0.005470 -0.005050 0.004358 0.000313 0.003928 -0.001130 -0.005425 
0.051281 -0.002163 0.003520 -0.010710 -0.004119 0.006342 0.001005 0.003917 
-0.006739 -0.007551 -0.007262 0.004090 0.009071 -0.001247 0.002730 -0.004719 
0.097696 0.009868 -0.000721 -0.004521 -0.001757 -0.002977 0.001092 0.006352 
-0.019039 -0.010719 0.001806 0.000599 -0.005339 -0.003346 0.001351 -0.002169 
0.161113 -0.000685 0.008875 0.003147 -0.009023 0.000858 0.008353 0.001116 
-0.032806 -0.030464 0.009890 0.004815 -0.007371 -0.001158 -0.004575 -0.004376 
0.189901 -0.007230 -0.002923 0.005125 -0.009051 0.004932 -0.001881 -0.004082 
-0.056879 -0.015381 -0.001661 0.002723 0.001079 -0.000805 -0.001442 0.002210 
0.203887 -0.005795 0.005759 -0.006409 0.001831 -0.004668 -0.000725 0.007800 
-0.016110 -0.034135 0.001515 0.001718 0.000372 -0.006706 -0.000856 -0.000751 
0.300511 -0.002245 0.003370 0.000532 0.007534 0.005081 0.000578 0.009065 
0.005947 -0.005029 -0.000753 -0.003706 0.003126 -0.008849 0.008104 -0.003669 
-0.029069 0.006090 -0.004055 0.005337 -0.006843 0.000016 0.002076 -0.002878 
0.005570 0.003948 0.005871 0.000902 0.003822 0.014914 0.006253 -0.005178 
-0.023023 0.001493 0.010559 0.000028 -0.002587 -0.001457 0.007285 -0.005246 
-0.007615 -0.005852 0.005221 -0.000697 -0.000610 -0.007206 0.000667 0.004325 
-0.002212 -0.012590 -0.003010 -0.006695 -0.004281 0.004214 0.001898 0.005464 
0.008600 0.002618 0.000379 -0.004854 0.007477 -0.001822 0.002046 -0.004336 
-0.000296 0.002269 -0.007454 -0.001999 0.007582 0.008978 -0.007475 0.003044 
-0.001146 -0.000382 -0.002325 -0.003340 -0.005858 -0.006011 0.000132 0.000483 
0.015171 -0.002417 -0.003350 -0.003870 0.002080 0.000692 0.006798 0.000389 
-0.005227 -0.004765 0.000154 -0.002283 0.007857 0.000972 -0.002314 -0.002095 
0.019648 0.002063 -0.000498 -0.002898 -0.002405 0.004740 0.000421 0.004086 
-0.004610 -0.006586 -0.001269 -0.000974 -0.003388 0.000433 -0.002244 -0.000811 
0.025233 0.003131 -0.006720 0.014097 0.000853 -0.000329 0.000171 -0.000013 
-0.004151 0.001776 -0.003904 -0.002687 0.004519 0.002823 0.002065 0.005122 
0.014180 -0.003331 -0.001368 0.000929 -0.005486 -0.001234 0.010969 -0.001008 
0.001682 0.003485 -0.003986 -0.002370 0.000066 -0.012080 -0.005477 -0.002592 
0.021067 -0.001921 0.004087 0.015079 -0.001438 0.002657 -0.008070 0.005761 
0.014419 0.052247 -0.006565 -0.004592 -0.004713 0.002783 0.015342 -0.015946 
0.043006 0.001780 0.010420 -0.000207 -0.004735 0.021660 0.008860 -0.004743 
0.020040 -0.022516 -0.008156 0.005051 -0.001749 0.000375 -0.003217 -0.000284 
-0.033067 0.003488 0.010916 0.005143 0.000804 0.004732 -0.002294 0.003014 
0.003031 -0.000936 -0.005418 -0.007921 -0.009515 0.001860 -0.002962 -0.003245 
-0.009592 0.009627 0.002600 0.002524 0.010905 -0.001707 0.001591 0.003317 
0.006809 -0.000368 0.003830 0.005703 0.006694 -0.003233 -0.001247 -0.001156 
0.000408 -0.000593 -0.003452 0.004743 0.000698 -0.004742 -0.005861 -0.010839 
-0.011750 0.005502 0.000791 0.005125 -0.000299 -0.001844 -0.003873 0.001068 
0.000343 0.006108 -0.001416 -0.002281 -0.002075 0.006741 0.003329 0.004207 
-0.005898 -0.006899 -0.006453 -0.002437 0.000998 -0.001329 0.004579 -0.003577 
-0.000035 0.008318 0.003521 -0.007037 -0.002125 0.004882 -0.004688 0.003249 
0.001475 -0.007648 -0.002974 0.010014 -0.000970 0.001678 -0.001923 0.002731 
0.013918 0.006700 0.005800 -0.000892 0.001659 -0.005633 -0.005269 -0.001734 
-0.019879 0.021443 -0.002343 -0.002773 0.004141 0.003153 0.009868 -0.003720 
0.001953 0.003355 0.004726 0.001314 -0.003024 0.017674 -0.000256 0.002575 
-0.018453 0.009979 0.000612 -0.006518 -0.000676 0.002923 -0.002473 -0.003341 
0.037824 -0.002142 0.002214 0.006803 -0.000979 0.006913 -0.000789 0.001047 
0.013720 0.012591 0.003301 0.005053 -0.007190 0.009042 -0.000833 -0.011502 
0.056327 0.004995 0.010992 -0.003313 -0.012528 0.000870 0.014482 -0.010105 
-0.056304 0.046829 -0.016414 -0.017254 0.005824 -0.005381 0.006700 -0.001316 
0.026990 0.000288 -0.000645 -0.012669 -0.015536 -0.000166 -0.003556 -0.012245 
0.016887 -0.014481 0.006202 -0.001424 -0.004891 -0.006503 0.001008 0.004638 
-0.024996 0.000441 -0.005015 -0.000868 0.005899 0.005852 -0.010569 0.006880 
0.010239 -0.007405 0.008524 0.003108 0.002057 -0.015479 0.000686 0.004341 
-0.006610 -0.000177 -0.008953 0.004588 -0.002340 -0.003280 -0.006078 0.003108 
0.007059 0.000197 0.007878 0.002556 0.000154 0.003586 -0.009820 0.003006 
-0.003192 -0.001257 -0.002157 -0.000042 -0.009998 0.000126 0.004685 -0.006908 
0.001910 -0.006275 -0.000847 -0.008207 0.003989 0.009090 0.014380 -0.001222 
0.001835 0.001168 -0.004481 0.000161 0.010402 -0.004300 0.004249 0.001131 
-0.018408 0.008274 0.003212 -0.007909 -0.008302 0.002785 0.001678 -0.002076 
0.003985 -0.003396 -0.008354 -0.001244 0.001117 0.008270 -0.001305 0.002351 
-0.005665 0.004654 -0.003351 -0.004281 0.003708 -0.001441 -0.004811 0.000487 
0.004463 0.002837 0.007134 0.006248 -0.007096 -0.006074 0.007676 -0.003197 
-0.008616 0.012626 0.003715 0.004313 -0.005540 0.008460 0.002394 -0.004043 
0.012661 0.003072 0.005460 0.003116 -0.001880 -0.004715 -0.007500 0.001688 
-0.006895 -0.002118 -0.001193 0.002919 -0.005894 0.014974 -0.004466 -0.000715 
0.037205 -0.001375 -0.003661 -0.010282 0.004627 -0.002637 0.010844 -0.009735 
0.008862 0.008131 -0.003502 -0.003698 0.019764 0.005722 0.004953 -0.001446 
0.025847 -0.000694 0.009667 -0.014100 0.009018 0.014932 0.003299 -0.006842 
-0.007072 0.041871 -0.017767 -0.010808 0.007088 0.009796 0.000604 0.011574 
0.080134 0.001585 0.022072 0.007367 0.007938 0.005384 0.009546 0.007624 
0.019619 -0.001122 -0.003279 0.005834 -0.002663 0.001350 -0.001877 -0.001179 
-0.002294 -0.002451 0.002479 -0.004898 0.006016 -0.005734 -0.002615 0.001119 
0.006853 0.007525 -0.000597 0.001972 -0.004104 -0.000140 -0.007092 -0.001848 
-0.007722 0.004543 -0.004975 0.001348 0.001936 0.007090 -0.000283 -0.007716 
-0.009054 -0.000726 0.000174 0.001066 0.000394 0.001652 0.000896 0.004008 
-0.004588 -0.000542 -0.002517 0.002651 -0.003142 -0.003428 0.011034 -0.008156 
0.009587 -0.003791 -0.004081 0.007845 0.000091 -0.002708 -0.003361 0.003902 
-0.001690 -0.000029 -0.011131 0.000584 -0.007673 -0.006758 0.000020 -0.005358 
0.007004 0.002729 0.000990 -0.002151 0.005207 0.000933 0.005956 -0.007381 
0.003466 0.009925 -0.007700 0.006371 0.002047 -0.002863 0.001361 0.003155 
-0.009397 0.000420 -0.005933 -0.001266 0.007024 -0.006541 0.001822 0.001713 
0.010622 0.004607 -0.002516 0.004024 0.002783 -0.002352 0.004190 0.005481 
-0.018639 -0.001399 0.005122 -0.001856 0.001195 -0.002392 0.009090 0.001561 
-0.007211 -0.002168 0.008518 -0.003958 0.003541 0.006462 0.002215 0.001958 
-0.013804 -0.006889 -0.004108 -0.006049 0.002536 0.005220 0.008508 0.001174 
0.002309 -0.003808 0.008770 0.007847 0.007582 0.000374 0.010001 -0.000583 
0.003252 0.014413 -0.011029 -0.006894 0.004282 0.005663 -0.007804 -0.001811 
0.010126 0.004430 0.000483 -0.001300 -0.005733 -0.000338 0.005200 -0.000687 
0.013457 0.020431 -0.010981 -0.008513 0.004717 -0.007712 -0.008564 0.001030 
-0.016404 0.005376 0.003821 0.006345 0.008602 -0.014480 -0.005099 -0.000323 
0.006126 -0.008278 -0.009647 -0.002013 -0.003590 0.002338 -0.000152 0.005932 
-0.022755 -0.001136 0.006027 0.003393 0.008702 -0.003366 0.004933 -0.001159 
0.013930 -0.007985 -0.003862 -0.002576 0.004439 0.000437 -0.007642 -0.004590 
-0.025716 0.000773 0.007323 0.007850 -0.001288 -0.002857 -0.003285 -0.006595 
0.003338 -0.001743 -0.008904 -0.001840 0.008930 -0.001714 -0.001654 -0.002816 
-0.004835 0.007297 0.000434 0.000992 0.009074 0.008174 -0.005209 0.004367 
-0.001981 -0.000394 -0.004953 0.003405 0.004801 0.000324 -0.003933 0.005925 
-0.009092 0.005312 -0.004805 0.002028 -0.008643 0.000128 0.003263 0.006228 
-0.007401 -0.007700 -0.001971 -0.001641 0.006376 -0.000552 0.002290 -0.003106 
0.011809 0.006620 0.011667 0.000126 -0.003890 -0.000150 0.011726 -0.006804 
-0.015068 0.002577 0.008376 0.006370 -0.001156 -0.000171 -0.006350 0.001429 
0.013671 0.003592 0.001035 0.011995 -0.008215 -0.002316 -0.000265 -0.004753 
-0.003909 0.005829 0.001593 0.004447 -0.003345 0.001061 -0.007214 0.009300 
0.021364 -0.000068 -0.010106 -0.007805 -0.005272 0.007604 0.006209 -0.000850 
0.011666 0.009006 -0.005192 0.001987 -0.005639 0.000590 0.003551 0.001631 
0.032736 0.002012 0.001496 0.003130 0.008919 -0.002542 0.002564 0.002609 
-0.058439 0.044810 -0.014414 0.002127 0.004323 0.000105 0.005961 0.007640 
-0.001466 0.006358 -0.001873 0.006756 -0.002841 0.003033 -0.004627 -0.000202 
0.034340 0.040083 -0.001782 -0.006820 0.012934 -0.007377 0.004918 -0.017265 
0.050813 0.002347 0.001038 -0.003918 -0.012421 0.008048 0.010334 0.005197 
0.015055 -0.003152 -0.013211 -0.007459 0.006030 -0.003956 0.000338 -0.005346 
0.005170 -0.014241 0.010029 -0.001567 0.003006 0.005281 -0.006786 0.000456 
0.002211 0.001349 -0.004399 0.001432 -0.001326 -0.007760 0.004966 0.002639 
-0.007627 -0.007425 0.000447 0.000356 -0.002454 0.004166 -0.001617 0.007394 
0.012147 -0.004469 -0.003163 -0.002184 -0.005609 0.004100 -0.002567 0.000672 
-0.008540 0.003686 -0.004693 0.007498 -0.001422 -0.000674 0.003343 -0.001620 
-0.006097 0.008984 0.002518 -0.000534 0.007130 0.003586 -0.007494 -0.000307 
0.002844 -0.008864 -0.006869 -0.001343 -0.007256 -0.001907 -0.000374 -0.010638 
-0.003091 -0.002985 0.001877 0.003856 -0.008644 0.006011 -0.006452 0.000129 
0.004535 0.011786 0.001764 0.000491 -0.001105 -0.001371 0.008229 -0.000208 
-0.000602 0.001849 -0.011827 -0.003749 -0.003373 -0.001538 0.000291 0.001464 
0.005730 0.001612 0.003218 0.000538 0.000157 0.002514 -0.000230 -0.001227 
-0.005471 0.003633 0.004009 0.005877 -0.005940 -0.012650 0.005804 0.007121 
-0.004949 0.012649 -0.008002 0.005981 0.000773 -0.004313 -0.002934 0.001346 
-0.028550 -0.009245 -0.002562 -0.001739 0.000286 0.000503 -0.008193 0.008988 
-0.007193 -0.001636 0.008009 0.002704 -0.003821 -0.011999 0.002114 0.000119 
-0.010641 -0.006869 0.004170 0.005410 0.002629 0.004922 -0.001258 0.001347 
0.000880 -0.001896 0.000092 -0.009237 0.010719 -0.006192 0.004842 0.004916 
-0.056938 -0.042602 -0.010449 0.005300 0.002854 -0.003843 0.010279 -0.013622 
0.045777 -0.019279 0.008397 -0.002334 -0.025056 0.008253 0.007908 0.011485 
0.011029 0.006339 0.002618 -0.000737 -0.000653 -0.005977 0.001467 0.001103 
-0.008772 -0.000710 -0.006291 0.008900 0.006551 -0.002461 -0.003417 0.002080 
0.005259 -0.008511 -0.001814 0.003098 -0.000279 0.003700 0.000637 -0.000707 
0.005249 -0.003419 -0.000623 -0.005024 -0.002032 -0.000227 0.008229 -0.004032 
-0.000965 0.003092 0.005437 0.011747 0.000807 -0.002646 0.006652 0.000243 
-0.001879 -0.004521 0.001636 0.000505 0.000353 -0.006915 -0.003218 0.006373 
0.004613 -0.000202 -0.001898 -0.000499 0.004383 -0.010878 -0.000537 -0.006176 
-0.000097 0.003218 -0.001927 0.002853 0.006627 0.001462 -0.008738 -0.003058 
-0.004646 -0.004640 -0.003477 0.010796 0.003340 -0.008793 -0.007203 -0.002651 
-0.001598 -0.002872 -0.004493 0.002580 0.004065 -0.006087 -0.008310 0.001743 
-0.005404 0.011182 -0.001559 0.006115 0.002226 -0.004483 -0.002851 0.004191 
-0.009077 -0.006660 -0.002145 -0.003264 0.005007 0.003520 0.006709 0.002073 
-0.011935 -0.003838 -0.009129 -0.002920 0.006667 0.007005 -0.003782 0.007349 
0.022611 -0.003601 -0.001193 0.008502 -0.000977 0.005736 -0.001670 -0.005207 
-0.009211 -0.007200 0.006067 -0.005891 0.002078 0.006656 -0.007239 0.005463 
-0.002780 -0.011082 -0.005449 0.001232 -0.001672 0.009000 0.001556 -0.000148 
-0.018440 0.001793 -0.003595 0.001433 0.005945 0.008921 -0.018579 -0.007332 
-0.021473 -0.001569 0.000547 0.005696 -0.012564 0.004930 0.003759 -0.001721 
-0.036176 -0.023644 0.003241 0.002484 0.008525 -0.001257 -0.015964 -0.001452 
0.065671 -0.008289 -0.002797 0.001058 -0.005275 0.011790 0.002683 0.001025 
0.000066 -0.003297 -0.002565 -0.006862 0.006092 0.000174 0.010545 0.000471 
-0.005765 -0.003608 -0.009918 0.008756 -0.000399 0.000569 0.000786 0.007087 
0.008252 0.002808 0.008270 0.000881 -0.004533 -0.001154 0.000233 -0.005015 
-0.006971 -0.002057 0.005811 -0.005836 -0.000261 0.003808 0.004824 0.000848 
-0.000011 0.004130 0.005663 -0.006396 -0.012377 -0.006034 0.000214 0.002140 
-0.009837 -0.003193 0.001383 0.002003 0.004325 0.000152 0.000929 0.003904 
0.000050 -0.003336 -0.000323 -0.002450 -0.000864 0.000014 0.006131 0.003094 
0.006527 -0.001563 0.001542 0.000554 0.000370 0.001541 0.006206 -0.001567 
-0.000826 -0.009148 -0.002151 0.010185 -0.007874 -0.002563 -0.003120 0.001367 
0.006334 -0.003886 -0.005295 0.000782 0.005644 -0.002408 -0.003247 0.003685 
-0.009431 0.009596 0.007984 -0.002264 -0.005210 0.004346 -0.001381 -0.007184 
-0.004445 -0.001773 -0.002598 0.006815 -0.000992 0.005524 0.006491 0.006102 
-0.004959 -0.001787 -0.003213 -0.004341 0.009280 -0.007144 0.007407 0.002206 
0.018523 -0.005066 -0.010630 -0.007239 0.005434 -0.001530 -0.004986 0.007211 
-0.001560 0.002137 -0.003690 -0.001148 0.000709 0.005914 -0.004668 -0.008922 
-0.009504 -0.005334 0.001388 -0.004422 0.002200 0.008823 0.007189 -0.004430 
-0.034897 0.004759 -0.000587 -0.000255 0.012117 0.000696 -0.012319 -0.001988 
0.023159 -0.009699 0.003456 -0.003168 0.013849 0.009892 0.009036 0.009719 
0.014422 -0.097093 0.003507 0.012892 0.001482 0.004254 -0.012913 -0.007012 
0.063161 0.001487 -0.015540 0.001106 0.013190 -0.020738 0.007651 -0.010383 
-0.000865 0.003128 0.001142 0.001801 0.007439 0.001112 0.000454 0.002499 
-0.013930 0.001221 0.000695 -0.007874 -0.005579 0.000954 -0.001394 0.003158 
-0.000514 0.005493 -0.001130 0.001686 -0.005363 0.003513 0.007624 0.001888 
-0.004562 0.002335 -0.003387 0.004398 -0.000341 -0.004012 0.000985 -0.000314 
-0.001456 0.006266 0.001195 0.008111 0.005186 0.008358 -0.000837 0.002417 
-0.012174 0.004978 0.005311 0.001544 -0.005801 -0.004222 0.009132 0.000559 
-0.001692 -0.004618 0.001155 -0.009715 0.005058 0.012648 -0.000731 0.002987 
-0.003361 -0.004228 0.001579 -0.004077 0.001007 -0.000905 -0.002546 -0.004894 
0.002136 -0.003037 0.005087 -0.000664 -0.004685 0.003195 -0.000815 0.005946 
0.015702 -0.003433 0.003903 -0.001328 0.016774 0.006991 -0.009989 -0.008060 
0.005692 0.003956 0.002687 0.001434 0.001860 0.004889 -0.000564 0.005886 
0.001096 -0.005089 0.003647 -0.005685 -0.005345 0.003025 0.003355 -0.003098 
-0.008965 0.004663 -0.004285 -0.002546 0.003266 -0.001423 -0.010169 0.007969 
0.016661 -0.006135 -0.000083 -0.004520 0.003102 -0.004554 0.006253 -0.003366 
-0.007307 -0.006552 0.000277 -0.014648 -0.005270 0.002447 -0.002152 -0.009338 
0.014124 -0.003779 0.003868 0.002409 0.000848 0.003426 -0.002315 -0.008666 
0.012238 0.005841 0.003689 -0.001533 0.007417 -0.009544 -0.010556 0.008356 
-0.007537 -0.005557 0.013016 -0.002283 -0.000567 0.002254 0.006470 -0.005999 
0.046097 -0.010379 -0.007470 -0.001815 0.003806 -0.009958 0.012467 -0.006874 
-0.008911 -0.009564 -0.006237 0.000497 -0.008829 -0.003971 -0.011082 -0.000009 
0.004322 -0.003447 0.001851 -0.003938 -0.004106 -0.006710 -0.005731 -0.000840 
-0.012616 0.009940 -0.005556 -0.017448 -0.004697 0.001225 0.002879 0.003832 
-0.007740 -0.001073 -0.015784 0.003606 -0.001237 0.006887 0.004499 -0.004186 
-0.014578 -0.003145 0.000758 0.002483 0.000103 -0.002774 0.007221 0.004940 
0.001720 0.008989 -0.002386 -0.000161 -0.005893 -0.004950 0.000934 -0.005969 
-0.000592 -0.006075 -0.001163 0.001633 0.004646 -0.005547 0.004592 -0.003526 
-0.005644 -0.006042 -0.003024 -0.002542 0.000428 0.012735 -0.003452 -0.002206 
0.001062 -0.002042 0.004861 0.004203 -0.003066 -0.000792 -0.001210 -0.003181 
0.000313 -0.003720 0.004223 -0.002825 -0.002776 -0.001518 -0.003959 -0.003551 
0.001148 0.002389 -0.009375 0.007348 0.002465 -0.005494 0.007206 0.000420 
0.005447 -0.000155 -0.007368 -0.002728 -0.006917 0.001030 -0.006225 -0.008565 
0.006355 -0.008945 -0.002521 0.005481 0.002500 -0.001693 0.001859 0.002303 
0.001600 0.013106 0.004779 0.007186 -0.000410 -0.000289 -0.000090 -0.005682 
0.021450 0.005103 -0.002228 -0.001085 -0.001031 -0.005199 0.002937 0.005524 
-0.009050 -0.008479 -0.001753 0.007988 -0.007814 0.006886 -0.004423 0.001144 
0.009000 -0.008677 -0.005121 -0.010838 -0.000811 0.003731 -0.004001 0.009883 
0.001304 0.008295 -0.006650 -0.001067 0.006357 0.004585 -0.003672 -0.005231 
-0.004917 0.013292 0.012784 -0.005976 0.015543 -0.002004 0.011718 0.003617 
0.002238 0.037064 -0.008635 -0.007693 -0.013410 0.008764 -0.003799 -0.006259 
0.051054 0.000982 0.008921 0.000934 -0.002334 0.007498 0.012286 -0.014261 
-0.011502 -0.009044 -0.000602 0.003586 0.000558 -0.008054 -0.010593 0.000600 
-0.020168 0.001160 0.006786 -0.000183 -0.000417 0.002222 0.002151 -0.000798 
0.000070 -0.000500 0.002426 -0.004524 0.002945 -0.001458 -0.001911 -0.008876 
-0.005420 -0.003959 0.004614 -0.004543 -0.004550 0.003976 -0.002540 -0.004013 
-0.011492 0.002314 -0.007750 0.003519 0.006021 -0.000550 0.002377 0.003638 
0.008538 0.001110 0.003213 0.005047 -0.005080 0.000699 -0.004776 -0.001065 
0.011640 -0.000232 -0.001187 0.007619 -0.004044 -0.000413 0.005416 -0.001778 
0.005886 0.000702 -0.000238 -0.003139 -0.000772 0.008077 0.000698 -0.002219 
0.002463 -0.001881 -0.001762 0.001525 0.004032 0.000281 0.001167 0.005771 
-0.009006 -0.008886 0.004765 0.002621 0.002290 -0.004206 0.004066 -0.009666 
-0.005787 0.003826 0.000997 0.004630 0.001298 0.001863 0.003174 0.002501 
0.009742 0.005003 0.004669 0.001228 -0.005807 0.000590 0.004470 0.010589 
0.008083 0.004665 0.002468 -0.009780 -0.004588 -0.008656 -0.000982 0.000758 
0.023105 0.000987 -0.003064 -0.002031 0.005921 -0.000055 -0.004684 0.002050 
0.011831 0.009772 -0.007222 -0.013910 0.000652 0.005821 -0.003082 0.001712 
0.015066 -0.000560 0.001439 -0.004648 -0.005688 0.000608 0.007408 0.007952 
0.009434 0.023065 0.004377 -0.008224 0.011685 -0.009429 -0.010106 -0.000297 
-0.024772 0.006691 0.007428 0.000846 -0.008562 0.002983 -0.004612 -0.006075 
0.028446 0.009437 0.006680 0.000446 -0.000826 0.001082 -0.001094 -0.006729 
0.064700 0.020669 0.015791 -0.009492 -0.013131 0.005214 0.001859 -0.006935 
0.006906 -0.009195 0.002385 -0.002242 0.004509 0.000041 0.003178 0.001181 
-0.015925 0.004408 0.000189 -0.001598 0.000973 0.004015 -0.004483 0.000624 
-0.012230 -0.001278 -0.001975 -0.002007 -0.004841 -0.001953 -0.003482 0.000112 
-0.010811 0.003510 0.008985 0.003127 0.006468 -0.002149 0.004225 -0.005891 
-0.006393 0.001185 0.000914 0.002067 -0.007544 -0.001795 -0.004294 -0.001418 
-0.009018 0.006593 -0.005412 0.001486 -0.004253 0.004972 0.008040 -0.004958 
-0.008193 0.005180 -0.001743 -0.001706 -0.000679 -0.005680 -0.001273 0.006224 
0.006732 0.002845 0.005118 0.002494 0.003852 0.000768 -0.005196 -0.000562 
0.007853 -0.000065 -0.002632 -0.002642 0.002952 -0.000438 0.002881 0.000200 
0.010136 -0.001267 0.004418 0.004864 0.000918 -0.002432 0.003368 0.002300 
0.016501 0.002014 -0.007644 -0.007783 0.003309 0.003159 0.006988 -0.002407 
0.012576 -0.005135 -0.000656 0.001328 0.000568 0.005530 -0.003833 -0.002728 
-0.004743 0.018652 -0.000668 -0.006716 -0.005052 0.003217 -0.002543 0.000805 
0.023259 0.000002 -0.002862 0.016491 -0.003903 0.007064 -0.000159 -0.001872 
-0.004707 0.008510 -0.007108 -0.009355 0.002580 -0.000260 -0.001900 0.000229 
0.005376 -0.006796 0.021809 -0.009134 -0.002101 0.010832 -0.005138 0.000548 
-0.029363 0.016148 -0.014715 -0.001996 0.009156 -0.003420 0.001195 -0.000869 
0.000109 -0.005136 0.007364 -0.008068 -0.008787 0.004918 -0.002611 0.001228 
0.020138 -0.065738 -0.009667 -0.004673 0.005282 0.015385 0.003784 0.002392 
0.081623 0.008803 -0.026624 -0.014718 -0.006982 0.018364 0.008629 0.001582 
-0.008773 -0.002991 -0.006528 -0.005566 -0.002661 0.011864 -0.007331 0.002173 
-0.034183 -0.006596 -0.006541 -0.011866 0.004527 0.002648 -0.004055 0.002887 
-0.001960 0.000831 0.006719 0.005822 0.003805 0.008243 -0.004863 -0.005066 
-0.022322 0.001031 -0.001116 -0.002305 0.005820 0.001085 0.006043 0.002250 
-0.001712 -0.002799 0.002020 -0.004388 -0.001135 -0.001221 -0.007539 0.005401 
-0.013192 -0.003810 0.003531 -0.001356 0.002491 0.008240 -0.006470 -0.002163 
-0.001037 0.001583 -0.001353 -0.005008 0.005343 -0.001667 -0.001273 -0.003561 
0.001643 0.002384 -0.002868 -0.005387 -0.001244 0.007683 0.001886 -0.001927 
0.011295 -0.000562 0.013108 0.002197 -0.006845 0.003925 -0.008642 0.011283 
0.020353 0.000623 -0.007911 -0.005771 -0.000439 -0.000264 -0.009034 -0.004540 
0.003802 0.005664 -0.000117 -0.002375 -0.005080 0.009870 -0.000467 -0.002058 
0.026501 -0.000052 0.015838 -0.007489 0.006345 0.005989 0.002181 -0.008891 
0.012783 0.004673 0.006388 0.000513 -0.009928 0.004976 -0.000195 -0.009233 
0.032135 -0.007180 0.007761 -0.025231 0.006637 0.009858 0.015502 -0.004849 
0.009568 0.013426 0.011126 0.003734 -0.017937 0.002104 -0.006492 0.004732 
0.067495 -0.025367 -0.008255 -0.016274 -0.003381 0.008427 -0.001933 -0.005515 
-0.016483 -0.002047 0.010562 -0.018852 -0.005216 0.006720 -0.017001 0.010935 
0.019555 -0.014947 -0.011882 -0.023852 -0.001902 -0.003074 0.011876 -0.002035 
-0.000498 0.034969 0.009885 -0.010634 -0.019417 0.001529 -0.021786 -0.003942 
0.014484 -0.015066 -0.005045 -0.024391 0.015179 -0.000710 -0.006912 -0.018638 
0.001305 -0.005155 -0.001605 0.008560 -0.011379 -0.001045 -0.000037 -0.010762 
-0.049092 -0.001016 0.005862 -0.006663 0.004000 0.002623 0.000653 0.006497 
-0.008178 0.002143 0.002664 -0.002108 -0.008023 -0.000706 0.000509 -0.004951 
-0.039723 0.004019 0.001349 -0.003631 -0.003945 0.007763 -0.001270 -0.007353 
-0.007153 -0.000860 0.010315 -0.003038 -0.002640 0.006271 0.010389 0.002355 
-0.016254 -0.000114 -0.003006 0.001326 -0.000585 0.012726 0.001662 0.002656 
0.004800 -0.000904 -0.000666 -0.002388 -0.006777 0.000123 0.003650 0.004726 
0.006143 0.009035 -0.002283 0.003469 -0.003116 0.008290 0.002049 0.001347 
0.013169 -0.017017 -0.005823 -0.002999 -0.012286 0.012462 0.003929 0.001622 
0.028851 0.000363 0.002125 -0.009867 0.003189 0.004136 0.008284 -0.003786 
0.004829 -0.006896 0.007980 0.000410 -0.005134 0.012542 0.004970 0.002912 
0.045510 0.003298 0.002712 -0.009905 0.014464 0.006845 0.001704 -0.009664 
0.015355 -0.001087 0.011804 -0.000656 -0.019828 0.011110 0.001870 0.000441 
0.055007 -0.003688 0.017374 0.001084 0.010120 0.009371 0.000822 -0.004505 
-0.000130 0.010628 0.010694 0.000344 -0.002739 0.018228 -0.000154 -0.000871 
0.071601 -0.012498 0.017894 -0.031409 0.014208 0.007224 0.008755 -0.004097 
-0.015702 -0.007128 0.000460 0.010619 -0.019908 0.019464 -0.009866 0.011300 
0.049417 -0.009644 0.026558 0.000710 0.031489 0.016923 0.007628 -0.007834 
0.061474 0.005701 -0.004289 0.004146 -0.017743 0.002567 0.015089 0.004241 
0.075801 0.004688 0.042960 -0.011515 0.004952 0.038889 0.009985 -0.007188 
0.006669 -0.000274 0.013056 -0.015670 -0.004508 0.010361 0.022525 0.003997 
-0.026740 -0.049427 0.010944 0.000972 0.017173 0.008226 -0.006571 0.003907 
0.008077 0.009181 0.013543 -0.008125 0.007479 0.007311 0.020938 0.010858 
-0.013495 -0.039333 0.020291 -0.001299 0.031499 0.011854 0.012478 -0.012857 
0.018194 -0.000179 0.005823 -0.003484 0.005290 -0.013079 0.017559 0.017064 
0.011475 -0.038720 0.023681 0.000264 0.032490 0.029008 0.000464 0.005035 
0.006474 0.006755 0.013825 -0.018171 0.028576 -0.001606 0.015422 0.007336 
0.035837 -0.038548 0.031424 0.011721 0.031696 0.022367 -0.003085 -0.005632 
0.012372 -0.003860 0.031228 -0.005311 -0.000175 0.006273 0.012053 0.014691 
0.045099 -0.049967 0.038162 0.014207 0.028940 0.026644 0.003045 0.001825 
0.011734 -0.000794 0.024240 -0.012871 -0.003875 -0.015827 0.026456 0.028055 
0.062369 -0.042831 0.034123 -0.000521 0.037973 0.020996 -0.001423 0.000204 
0.018125 -0.003393 0.021490 -0.018434 0.010505 -0.009419 0.018060 0.018068 
0.072301 -0.026047 0.052300 -0.014272 0.049429 0.031633 0.014697 -0.011959 
0.002368 0.007697 0.000225 -0.019358 0.004698 -0.007845 0.013864 0.025470 
0.097628 -0.052926 0.035491 -0.000212 0.056773 0.039580 0.014654 -0.010066 
0.032476 -0.011654 0.020767 -0.032365 -0.015483 0.017871 0.032162 0.048731 
0.127099 -0.018747 0.057187 -0.010022 0.019852 0.033393 0.021010 0.020061 
-0.033251 -0.083285 0.015221 -0.060010 -0.025785 0.028740 -0.003860 0.000563 
0.203118 -0.013790 0.058394 0.011763 -0.007413 0.033754 0.036029 -0.003762 
-0.037679 -0.002058 -0.003157 -0.003861 0.002623 0.004817 0.007398 -0.004473 
0.017994 0.001396 -0.007632 0.005321 0.000058 -0.001274 -0.002358 -0.007886 
-0.033607 -0.003620 -0.004506 0.001648 0.002261 -0.005400 0.009157 -0.000929 
0.013067 0.007076 -0.000836 0.003405 -0.006497 -0.001448 0.001538 0.003467 
-0.021354 0.000802 -0.007118 -0.000184 0.006433 -0.000028 -0.004305 0.003937 
0.001882 -0.009505 0.000801 -0.004437 -0.004427 -0.003643 0.003440 0.002043 
0.012092 -0.007258 0.009666 -0.002984 -0.006293 0.002660 -0.005353 -0.002958 
-0.008449 -0.003950 0.003153 0.000144 0.010487 0.005569 -0.002348 -0.001316 
0.016560 0.011950 -0.000603 -0.000134 0.003950 0.004456 -0.004968 0.000331 
0.003674 0.002231 0.005622 -0.000769 0.002527 0.000795 0.000174 -0.004351 
0.039042 -0.002792 -0.005332 -0.005304 -0.006191 0.001614 0.000191 -0.001773 
-0.015558 -0.010009 0.003274 0.000275 -0.002678 -0.002086 0.001017 0.000922 
0.060227 -0.001919 0.004139 -0.001910 0.003826 -0.006523 0.000498 -0.001921 
-0.015704 -0.005220 0.009194 -0.005051 0.000537 -0.000863 -0.003512 -0.003899 
0.057026 0.021353 -0.001635 -0.003309 -0.002868 0.000564 0.001042 -0.002335 
-0.018788 -0.008022 -0.000687 0.004600 0.005841 0.003204 0.003124 -0.000436 
0.002171 0.002944 0.004256 0.004001 -0.000006 0.008375 0.003099 -0.003512 
-0.025193 0.012129 -0.004645 0.002566 -0.009125 -0.000028 -0.008594 0.005340 
0.104052 0.039604 0.013991 -0.002323 -0.003263 -0.000310 -0.007039 -0.006695 
-0.061877 -0.011827 -0.009472 -0.001121 0.002792 0.005537 0.006634 0.003765 
-0.022861 0.002219 0.003515 0.000571 0.002069 -0.001159 0.005270 -0.003493 
-0.014509 -0.005306 -0.000933 0.000162 0.002061 0.003483 0.009131 0.007281 
-0.015404 0.000761 0.001882 -0.001504 -0.001240 -0.000021 0.002945 0.000233 
-0.004728 0.003447 0.000286 -0.000670 0.004453 -0.006104 -0.001382 0.001682 
-0.014274 0.001833 0.003354 -0.006855 0.004117 0.001186 0.006497 0.009166 
-0.005733 0.008517 -0.003178 -0.007339 0.005739 0.001106 0.003326 -0.000494 
0.007530 -0.000147 -0.004834 -0.001650 0.001014 0.007148 0.006873 -0.001921 
0.002576 0.008261 0.003421 -0.006529 0.002984 0.003418 -0.006290 -0.003240 
0.007420 -0.005304 -0.001002 0.001736 0.000276 0.006672 0.003474 -0.003091 
0.011849 -0.012135 0.004589 0.004743 0.004138 -0.003735 0.004410 0.001694 
0.016274 0.001324 -0.000049 0.001528 0.003341 0.002758 0.008063 0.004819 
0.001849 -0.003896 0.006814 0.004951 0.005443 0.008153 -0.009798 0.001289 
0.024635 0.000297 0.002938 -0.008507 0.005374 0.012734 0.013134 0.005691 
-0.005544 0.004840 0.001599 -0.002776 0.012802 -0.001629 0.008924 0.003184 
0.010120 0.000803 -0.003830 -0.009709 0.012180 0.003848 0.003415 -0.004524 
0.023219 -0.002689 -0.003760 0.003033 -0.001384 -0.002092 -0.008842 0.009197 
0.028369 0.008811 0.007624 -0.010832 0.013589 0.011975 0.013232 0.006193 
0.004245 0.002493 0.009664 -0.014777 0.016843 -0.005560 -0.000102 0.003419 
0.064231 -0.005136 0.005880 -0.016845 -0.010124 0.014027 0.021310 -0.013479 
0.011976 -0.007715 0.001681 0.015497 0.007399 0.011662 -0.022085 0.011381 
-0.042043 -0.002302 -0.004335 -0.007445 0.003107 0.003606 0.000470 -0.004933 
0.015928 0.001973 -0.007040 0.000569 0.001507 0.001815 0.000363 -0.004045 
-0.037366 -0.007321 -0.002293 -0.006660 0.003180 -0.006335 0.004038 -0.003433 
0.012501 0.005937 -0.007471 -0.002599 -0.002959 -0.006370 0.001156 -0.004948 
-0.023706 0.001744 -0.006269 0.001508 0.001277 -0.001646 -0.001648 0.001375 
0.000145 -0.005763 0.002590 -0.002390 -0.006955 -0.001572 0.003495 0.006289 
0.012635 -0.006050 0.007024 -0.004986 -0.005278 -0.004159 -0.003134 -0.004464 
-0.009219 -0.002933 0.005146 0.000508 0.005110 0.006840 0.000960 -0.000022 
0.018316 0.010574 0.002077 0.000202 0.000463 -0.000911 -0.003406 -0.005826 
0.006806 0.001390 0.006015 -0.001336 0.007968 0.004362 0.003094 -0.003070 
0.040375 -0.004983 -0.006256 -0.005978 -0.004657 -0.003198 -0.003762 0.000417 
-0.015451 -0.009911 0.004985 0.002375 0.000321 0.003088 -0.003050 0.000862 
0.066791 -0.000173 0.001526 -0.007681 0.002395 -0.006165 -0.002834 -0.000002 
-0.015736 -0.002893 0.010301 -0.002907 -0.002410 -0.003052 0.001969 -0.000206 
0.059640 0.024029 -0.003223 -0.002732 -0.002596 0.001835 0.000899 0.001397 
-0.015128 -0.006038 -0.004567 0.004672 0.005946 0.001955 0.003081 -0.004923 
0.007614 0.001117 0.004672 0.004819 -0.002392 0.007630 0.000861 0.000031 
-0.022932 0.011360 -0.003169 0.002007 -0.003796 0.000234 -0.009064 0.003976 
0.120974 0.037079 0.014858 0.001275 -0.003190 -0.000051 -0.007459 -0.007623 
-0.062128 -0.010558 -0.007726 -0.000597 0.003540 0.007440 0.004511 0.004075 
0.026093 0.005052 -0.003769 0.000578 -0.004932 0.003016 0.004804 0.005310 
-0.008838 -0.011659 -0.006177 -0.007653 0.008874 -0.006009 -0.004561 0.000413 
0.028257 -0.003702 -0.001184 0.009616 -0.009481 -0.000921 -0.009548 -0.005107 
-0.011023 -0.003521 -0.010418 -0.012251 -0.003115 -0.006017 0.006318 -0.003351 
0.000972 -0.016601 -0.001334 0.011092 0.002984 0.002469 -0.001938 -0.001300 
-0.009343 0.002585 0.001372 -0.003245 0.008608 0.004150 -0.001877 -0.001732 
0.001648 0.013787 -0.004535 -0.006120 -0.001641 -0.000285 -0.004076 0.003040 
0.002493 0.000852 -0.004049 -0.008687 0.003381 -0.004523 -0.010065 0.005060 
0.001001 0.004975 0.003581 -0.004039 0.000079 -0.000905 0.001860 -0.004662 
0.005023 -0.009399 -0.000500 -0.004635 0.001467 -0.004667 -0.007356 0.000882 
-0.034884 0.005123 0.004417 -0.009198 0.003646 -0.010245 -0.002154 0.002411 
0.005354 -0.010946 -0.006129 0.003234 0.007606 -0.008690 -0.002604 0.004774 
-0.021051 0.004100 -0.006264 0.004151 -0.001690 -0.010992 -0.002488 -0.011348 
0.017970 0.001846 0.002693 0.002608 -0.009325 -0.020037 0.005330 0.000553 
-0.019556 0.005014 0.000250 0.001010 0.001064 -0.019062 0.002923 -0.002485 
0.011862 0.002668 -0.000425 -0.003681 -0.003095 -0.042891 0.010055 -0.000369 
0.010115 -0.011256 -0.006841 -0.000599 0.007686 -0.036352 -0.003745 0.000570 
0.013573 0.002370 -0.002946 0.003733 -0.000328 -0.059760 -0.008180 0.012546 
0.012794 -0.016490 -0.011338 0.011604 0.012811 -0.048596 -0.003109 -0.009973 
-0.027020 -0.006768 -0.000073 -0.002078 0.000217 -0.055500 0.018250 0.008847 
0.008304 -0.001723 -0.004241 -0.001618 0.004078 0.007112 -0.000153 -0.007420 
0.008686 -0.006275 0.005875 -0.005240 0.001359 0.005855 -0.006909 -0.003666 
0.010877 0.012710 -0.003287 -0.002902 -0.004542 0.001072 0.000887 -0.003085 
-0.003972 -0.002081 0.005208 -0.001960 -0.000315 0.009543 -0.000596 -0.002838 
0.001233 -0.001678 0.000280 0.001191 -0.010159 0.003362 0.002167 0.003290 
-0.004382 -0.002807 0.001263 0.002000 -0.002442 0.002010 -0.010525 -0.003371 
0.001561 0.001596 0.005352 -0.008995 0.004312 -0.003378 -0.000714 0.002921 
-0.001130 -0.004169 -0.000361 -0.003153 0.001489 -0.007242 -0.003694 0.008524 
0.001205 0.001134 -0.000026 -0.000221 0.005992 0.001254 -0.001408 0.004583 
-0.001137 -0.001438 0.009330 0.000145 -0.002982 0.003222 -0.001858 -0.004028 
-0.014506 0.000854 0.002011 0.005218 -0.002772 -0.005872 -0.004587 -0.001908 
-0.003168 -0.004430 0.000461 -0.001335 -0.000443 0.004378 0.000825 -0.000688 
-0.018470 -0.009120 0.006952 0.008806 0.005786 -0.002587 -0.001561 0.006192 
0.009499 -0.005556 0.004145 -0.008918 -0.002669 0.005262 0.002236 0.008573 
-0.001556 0.001453 -0.005090 -0.004863 -0.006262 0.002937 -0.001933 0.011205 
-0.008855 -0.004557 0.005479 -0.000599 -0.007112 0.001219 0.000650 0.005316 
-0.048477 0.004755 -0.010492 0.003080 -0.000161 -0.002847 0.005739 0.001572 
-0.029014 0.000056 -0.008671 0.010281 0.006134 -0.001318 -0.003016 0.003229 
0.056501 -0.097927 -0.011057 0.012038 0.008742 -0.007555 -0.001621 0.002610 
-0.102667 -0.013362 0.021317 0.002944 0.001860 -0.013479 0.007784 0.012649 
-0.044392 -0.003431 -0.002566 0.000238 -0.009341 -0.001933 0.000859 -0.000917 
0.043884 -0.000570 0.001317 -0.004470 -0.000298 -0.002472 0.007003 -0.005276 
-0.013786 -0.009230 0.005029 -0.005712 -0.005919 0.003288 0.004581 -0.014982 
0.016841 0.007969 -0.005208 -0.009401 -0.003079 -0.007017 0.001261 -0.002549 
-0.007926 -0.002261 -0.007205 -0.005516 -0.004380 0.000886 -0.000778 -0.000125 
0.005718 0.008859 0.000049 0.000725 -0.005757 0.001890 -0.002972 0.001088 
0.003480 -0.000599 -0.004512 0.001654 0.010082 -0.004289 0.000221 0.001773 
0.006729 0.011171 -0.003379 0.001672 0.005236 0.002533 0.003999 0.000499 
0.015161 -0.005527 0.002167 0.006494 -0.001447 0.008684 0.002241 -0.000952 
-0.017529 0.005189 -0.003220 -0.003591 0.000505 0.000785 -0.005118 -0.004560 
0.008020 0.002158 -0.002011 0.006279 -0.000686 0.003978 -0.003696 -0.006231 
-0.014874 0.000060 0.000222 -0.007747 0.000616 -0.006661 0.000549 0.001260 
0.033170 0.000340 0.003235 0.001594 -0.002543 0.011712 -0.002053 -0.002681 
-0.034974 -0.015327 0.009255 0.003232 -0.002051 0.003032 -0.002206 -0.004263 
0.019975 0.002728 0.000533 -0.002953 0.005906 -0.002196 0.003272 -0.000956 
-0.045136 0.000592 -0.005796 0.003811 -0.002360 0.001264 0.000812 0.007472 
0.033198 -0.000270 -0.004973 -0.003886 -0.001262 -0.001405 0.003256 -0.003756 
-0.027883 -0.004765 -0.000472 -0.002364 -0.006068 0.002556 -0.000041 -0.001979 
0.063379 0.068856 0.006144 0.003412 0.003022 -0.004933 -0.002350 -0.008136 
-0.061644 -0.006998 -0.007339 0.000919 -0.000801 -0.012266 -0.005857 -0.006594 
0.009569 -0.003713 -0.009605 0.001331 -0.006286 -0.007080 0.001886 0.009793 
0.006015 -0.001375 -0.005614 -0.002569 -0.001092 -0.005321 -0.004777 0.005753 
-0.008608 0.002303 0.007603 -0.000720 -0.001988 0.001896 -0.005472 0.003737 
0.006475 0.002499 0.006814 -0.003391 0.000520 -0.000247 -0.000169 0.001990 
0.012501 0.001706 0.004033 0.008143 -0.000688 0.001426 0.002118 0.001310 
0.007574 -0.003293 0.004089 0.003683 0.002399 -0.004725 -0.003385 0.000476 
-0.009717 0.002045 -0.001688 -0.003734 -0.007022 -0.007509 0.002999 0.005359 
-0.008420 -0.006919 0.001867 -0.000647 0.002956 -0.002831 0.001852 0.009210 
-0.004778 0.012620 -0.001579 0.003120 -0.002419 -0.008536 -0.000297 0.001666 
-0.009479 0.000536 0.000218 0.001659 0.002772 0.003599 0.007338 -0.002051 
0.002527 -0.009860 -0.003834 -0.002940 0.000512 0.004159 0.004332 -0.002687 
-0.010993 -0.001287 -0.006050 -0.003104 -0.004358 0.005409 -0.004745 -0.001948 
0.001883 -0.009987 -0.003835 0.003733 -0.003579 0.001709 0.004948 0.000815 
-0.001284 -0.005986 -0.000388 0.001456 0.008610 0.000632 -0.001792 -0.003218 
-0.002970 0.008057 0.000702 0.002691 -0.003957 -0.002537 -0.003484 -0.003872 
-0.022534 0.002339 0.000973 -0.016353 0.006421 0.000930 -0.002950 -0.001206 
0.022149 0.006674 -0.003157 0.005423 -0.002015 0.000710 -0.003692 -0.005713 
-0.004302 0.005631 -0.000371 -0.004173 0.000314 0.006729 -0.004128 -0.005558 
-0.026566 0.071903 -0.007706 -0.004528 -0.001460 -0.006387 0.010863 -0.006094 
0.025978 -0.000939 0.006979 -0.002498 -0.003144 0.004414 -0.007556 0.002153 
0.003868 -0.008568 0.004985 -0.000408 0.012472 0.003031 0.004200 0.002112 
0.001639 0.007184 -0.007408 -0.012373 0.012078 -0.006982 0.000224 0.003108 
0.001400 -0.005737 -0.008670 0.002348 0.002732 0.010662 0.008319 -0.001636 
-0.001079 0.001474 -0.002144 -0.005328 0.009646 -0.013529 0.001267 -0.003289 
0.000891 -0.003284 0.001915 -0.002787 -0.008232 -0.004092 -0.005994 -0.005153 
-0.002423 -0.000700 -0.000457 0.001928 0.003388 0.001835 -0.000067 0.001355 
0.000529 -0.000326 0.006276 0.003149 -0.002717 -0.005119 -0.003229 -0.000032 
-0.003488 -0.005095 -0.001360 0.003289 -0.002156 0.003607 -0.003882 0.000592 
0.002846 0.001238 -0.004005 -0.000933 -0.010191 0.003217 -0.006289 0.002830 
0.000718 -0.005347 0.004310 -0.003284 -0.000857 0.002387 0.003583 -0.002576 
0.010038 -0.004770 0.003083 -0.014009 0.001834 -0.001426 -0.005457 -0.002133 
0.004715 0.003026 0.004773 0.006535 -0.000611 -0.001955 -0.011247 -0.002109 
0.007701 0.004982 0.001733 0.004064 -0.002648 -0.004088 0.010295 0.004232 
-0.002001 0.003886 -0.004959 -0.003245 -0.008361 -0.005862 -0.001642 -0.001248 
-0.001038 0.011712 0.005595 0.003273 -0.004665 0.004662 0.001272 -0.004245 
-0.014586 -0.004142 0.013058 -0.000738 -0.006693 0.003451 -0.001879 -0.003102 
0.043541 0.009019 0.002313 0.003389 0.008176 -0.003472 -0.001230 -0.008761 
-0.020041 -0.007380 -0.000780 -0.002218 -0.003263 -0.002863 0.001585 -0.003295 
0.019913 0.032079 -0.002741 0.005942 0.009153 -0.000221 -0.010709 0.002946 
-0.006026 -0.011856 0.013570 -0.007315 0.018214 -0.007332 0.005807 0.004713 
-0.010709 -0.007388 -0.003945 -0.004667 -0.001663 0.006133 -0.003169 -0.005775 
0.025552 -0.005915 -0.001809 -0.002112 -0.001760 0.001160 -0.000612 0.005876 
0.002317 0.001926 -0.004648 -0.003938 0.007083 -0.007180 -0.009615 0.008924 
0.009930 0.001832 -0.004658 0.005166 -0.003605 0.005109 -0.008049 0.003951 
-0.002072 0.003602 -0.000300 0.001541 -0.000011 0.002119 -0.002740 0.007277 
0.000065 -0.010492 -0.005614 0.003887 0.003313 -0.002514 0.003334 0.003041 
-0.004348 -0.006615 0.011340 -0.012652 0.001765 0.002155 0.000699 -0.004687 
-0.003841 0.000361 -0.007290 -0.001625 0.001708 -0.000034 -0.001722 0.001663 
0.004649 -0.003122 -0.002947 -0.004556 0.000823 0.004489 -0.000479 -0.007815 
-0.011623 0.004054 0.002929 0.001757 0.000008 -0.009069 -0.000201 0.008465 
-0.005347 -0.005451 -0.005214 0.002026 0.006420 0.003195 0.000536 -0.009713 
-0.012211 -0.006476 0.001724 0.002254 0.000731 0.011937 0.006263 0.006492 
0.003142 -0.009843 0.006289 0.004775 0.004921 -0.006561 -0.005016 0.008642 
-0.006799 -0.000090 -0.002559 -0.002254 -0.003485 0.001877 -0.000525 -0.001539 
-0.005176 0.017490 0.002186 -0.006509 0.004300 0.005155 -0.006964 -0.007847 
-0.039806 0.002395 -0.001491 -0.001803 -0.000697 0.000093 -0.004837 -0.007389 
0.016166 0.016151 -0.007731 0.011057 -0.005102 -0.006881 -0.001654 -0.003764 
-0.029659 0.006585 -0.009648 -0.004386 -0.003373 0.000424 0.007056 0.004569 
0.059600 -0.041602 0.001198 0.005730 -0.002949 -0.006764 -0.000925 0.003480 
-0.100223 -0.010681 0.009713 -0.004456 -0.000338 -0.007858 0.001186 0.001603 
-0.019975 0.001088 -0.010798 -0.004255 -0.003815 0.001179 0.002652 0.004716 
0.020985 -0.009175 -0.005534 -0.002045 -0.001130 -0.005807 0.002055 0.004298 
-0.004484 0.002709 0.006618 -0.003509 0.001421 -0.003837 -0.003534 -0.002597 
0.002712 0.002009 -0.004569 0.002421 -0.000356 0.012170 -0.007042 0.000528 
-0.009269 -0.006008 -0.001589 0.001479 -0.005677 0.001272 0.013986 -0.002894 
0.006524 -0.001881 0.010145 -0.009686 -0.003897 0.006863 -0.009126 0.002912 
0.006933 0.006261 0.001040 0.003886 -0.002679 0.003298 0.001437 -0.001289 
-0.004756 -0.000692 0.000612 0.002317 0.002157 -0.004832 -0.000209 0.000176 
0.006947 0.008237 -0.006224 0.000099 0.002127 -0.003894 0.000495 -0.004895 
-0.009477 0.004597 -0.007603 -0.004270 -0.003708 -0.000991 0.001121 0.004813 
0.001794 0.004175 -0.000479 -0.002668 -0.002060 -0.014812 0.005511 -0.005175 
0.000216 -0.003571 -0.001623 -0.004586 -0.000671 0.005073 -0.007840 0.000068 
0.014179 -0.002364 0.000327 0.003902 0.006175 -0.013686 0.004630 -0.004628 
-0.020647 0.007038 -0.004325 -0.002458 -0.000291 0.003103 -0.000393 0.000512 
0.001387 0.000851 0.001623 0.012912 0.000867 -0.010075 -0.004095 -0.007713 
-0.028930 0.000013 -0.000685 -0.004715 -0.001868 0.001745 0.004857 0.010944 
-0.013432 -0.013372 -0.005515 -0.002159 0.001259 0.001507 0.002072 0.004896 
-0.018450 0.017187 -0.000577 0.006585 0.006724 -0.011718 0.006799 -0.011266 
0.052447 0.009614 -0.002313 -0.016596 -0.003669 0.002064 0.009177 0.011603 
-0.051125 -0.004714 0.020395 -0.004955 -0.031519 -0.002290 -0.001400 -0.003989 
-0.024266 0.001863 -0.003834 -0.001687 -0.000958 0.001986 0.003036 -0.001493 
0.018374 -0.003038 -0.002559 0.000611 -0.007584 0.001423 -0.004345 -0.000596 
-0.014458 0.003842 -0.003430 0.002697 -0.005132 -0.001242 -0.004126 0.000445 
0.006982 0.004212 0.006341 -0.012053 0.000596 -0.004712 0.000205 0.000737 
0.002879 -0.000550 -0.008484 0.001496 0.005004 0.006776 -0.000169 -0.002788 
0.006605 0.002340 -0.000813 0.004048 0.002886 -0.003960 0.004449 0.003532 
-0.003441 -0.007277 -0.007399 -0.002207 -0.002827 0.001761 -0.006133 -0.007900 
0.000668 0.001331 -0.003553 -0.005809 -0.002018 -0.008589 -0.002046 -0.001198 
0.001443 -0.000656 -0.009047 0.009401 -0.007007 -0.000419 -0.005274 0.003387 
-0.012144 0.002760 0.001944 0.006880 0.001294 -0.001458 0.002858 -0.004335 
0.019240 0.004250 0.002508 -0.011094 -0.003287 0.002241 0.003570 0.012088 
-0.010559 -0.009789 0.009421 0.000566 0.003263 -0.003305 0.003242 -0.004001 
0.016053 -0.000530 -0.005396 0.000065 -0.002936 0.000922 -0.001296 -0.003189 
-0.027560 -0.003656 0.016483 -0.002700 0.000874 -0.003994 -0.001511 -0.008552 
0.019534 -0.008255 0.002921 -0.004150 -0.013601 0.005491 0.003386 -0.002614 
-0.011140 0.001744 -0.002527 0.001734 -0.012152 0.003849 0.003986 -0.003697 
0.026102 -0.004856 0.000882 -0.005781 -0.001887 0.004445 0.003389 0.000218 
-0.007220 -0.006122 -0.001551 -0.013434 0.007399 0.007962 0.007627 0.015988 
0.025841 -0.057739 -0.001474 0.003134 0.005399 -0.003682 0.008080 -0.001515 
0.059027 -0.009340 -0.005005 -0.009308 -0.000676 -0.014809 0.003342 -0.003627 
-0.033291 -0.007446 -0.006232 -0.002439 -0.007740 -0.005734 -0.000704 -0.002735 
0.010582 -0.006814 0.000485 0.001052 0.003250 0.007643 0.004170 -0.001535 
-0.002714 -0.008424 0.000910 -0.001118 -0.006094 0.004787 0.006802 -0.002305 
0.000832 -0.001185 -0.013003 -0.004010 0.002784 -0.003512 0.005742 -0.002721 
0.000842 0.008418 0.000250 -0.000056 0.001979 0.004673 -0.001212 0.002186 
-0.001973 -0.004936 -0.000295 -0.007871 0.002348 0.006311 0.011460 -0.003260 
-0.001442 0.002140 0.001227 -0.004289 -0.000457 -0.000091 -0.001432 -0.006101 
0.000304 0.002340 0.004897 -0.007361 0.007425 -0.004099 0.004016 -0.001027 
0.005297 -0.005564 -0.003298 0.000100 0.002419 0.007666 -0.003685 -0.002681 
-0.001475 0.000288 -0.011290 0.000196 -0.000663 -0.000964 0.007325 -0.003618 
-0.003748 0.005917 0.000558 0.003725 -0.003472 -0.006288 0.007669 0.002435 
-0.003781 -0.001216 -0.000318 -0.003016 0.000922 -0.002821 -0.001062 -0.001257 
0.024062 0.012446 0.003741 -0.004645 -0.002347 -0.004954 -0.003471 0.013474 
-0.004014 0.002025 -0.005947 -0.002165 0.004112 -0.004385 -0.006904 -0.005651 
0.014677 0.014471 0.000531 0.001668 0.010386 -0.004678 -0.005239 0.010632 
-0.015079 -0.007092 -0.001030 -0.010912 0.001844 0.001866 0.000091 0.000341 
0.030434 0.023989 0.006899 0.002940 -0.002187 -0.000996 -0.010158 0.003243 
-0.015014 -0.017241 0.005046 -0.004785 0.004735 -0.013604 -0.010481 -0.000046 
0.085632 0.001436 0.014249 0.017445 0.025308 0.005176 0.008009 -0.017476 
-0.036052 -0.001894 -0.009973 -0.000617 -0.000219 -0.001297 0.005441 -0.008286 
-0.009123 -0.006204 -0.003272 -0.000194 -0.003059 0.006806 -0.001407 -0.005815 
0.024986 0.004692 -0.011914 -0.000240 0.009436 -0.001575 -0.007676 0.001126 
0.003457 -0.008305 -0.007140 0.003760 0.002002 0.003674 0.008982 -0.007356 
0.008200 0.005735 -0.001137 -0.009730 -0.002111 0.001645 -0.000360 -0.008045 
-0.008912 -0.001026 0.001795 -0.002684 0.001204 -0.005444 0.002803 0.003786 
0.002431 -0.006938 -0.004317 0.001397 -0.003902 -0.000308 0.013130 0.003181 
-0.002578 0.006421 -0.002907 0.000110 0.004456 0.001890 -0.001451 0.000885 
0.000306 -0.000932 -0.001261 0.002796 0.008670 0.007639 -0.003056 0.005415 
0.009688 0.006658 -0.002390 -0.003479 -0.004195 -0.002164 -0.003546 -0.004674 
-0.006165 0.006739 0.004663 0.002285 0.007448 0.002649 0.006248 -0.001270 
-0.000790 0.003169 -0.002544 0.002035 -0.000841 0.004215 0.006161 -0.001915 
-0.007518 0.005913 -0.001564 0.003883 0.003508 -0.003337 -0.005863 -0.000359 
0.009977 0.005902 0.004191 0.008551 0.001130 0.007003 -0.001182 0.006622 
-0.027083 -0.002103 0.007900 0.004887 -0.003231 -0.006979 0.001376 -0.003941 
-0.010389 -0.003165 0.006412 0.005132 -0.011556 0.005669 0.006587 0.004140 
-0.021470 0.006773 0.006312 -0.002673 -0.001279 -0.009451 0.000020 0.005144 
0.018689 -0.006701 -0.000849 0.001898 0.007674 -0.002296 -0.009025 0.001413 
-0.023303 0.001705 0.005169 0.002219 -0.009360 -0.001508 0.001598 0.001902 
0.031466 -0.001394 0.002662 0.001632 0.006323 0.017303 -0.004413 0.004420 
-0.045294 0.001955 -0.017589 -0.001726 0.014728 -0.013583 0.007903 0.008715 
-0.007380 0.001518 -0.005360 0.000736 -0.001812 -0.006189 -0.004506 -0.003358 
0.010016 -0.005142 -0.008201 0.004292 -0.000911 0.001340 0.000515 0.004284 
-0.009975 -0.001324 0.001468 -0.005238 -0.002223 0.002434 0.004622 -0.004125 
0.020684 -0.000801 -0.000993 0.002481 -0.001287 -0.002342 0.002485 -0.003230 
-0.012779 0.003004 -0.000139 -0.006518 -0.002226 -0.005341 0.006144 0.001971 
0.007831 0.001568 -0.000530 0.011878 -0.009622 0.007925 -0.003233 -0.002941 
0.007672 0.000030 -0.007199 0.003194 0.003227 0.005251 -0.002927 0.007282 
0.005507 0.005082 0.009783 -0.001043 -0.003352 -0.009307 0.002826 0.001349 
0.011276 -0.007005 -0.001115 -0.009595 0.000020 -0.003707 0.000534 0.005535 
-0.022132 -0.003550 0.000724 -0.001166 -0.006163 -0.015828 -0.011209 0.000035 
0.006383 -0.002421 -0.011903 0.001373 -0.002167 0.000223 -0.010933 0.002722 
-0.017971 -0.001272 0.001931 0.002213 -0.001191 -0.005619 -0.003632 0.000720 
0.013455 -0.000107 -0.002349 -0.001420 0.003570 0.008613 0.000229 -0.000388 
-0.010935 -0.005501 -0.004325 -0.001986 0.000807 -0.001698 -0.009741 -0.003273 
0.015215 -0.002895 -0.004991 0.005671 0.006218 -0.004762 -0.003147 0.002927 
-0.021774 -0.001296 -0.004318 -0.004435 -0.003397 -0.013843 -0.008928 -0.003607 
0.026121 0.002584 -0.003500 0.001152 0.004404 0.007818 -0.004868 -0.014841 
0.024366 0.006287 0.012982 0.002049 0.009185 -0.003659 0.006397 -0.001574 
0.027051 0.036610 -0.008059 -0.012546 -0.002527 -0.018098 0.005295 -0.006734 
-0.037705 -0.009585 0.007909 0.002554 -0.014773 -0.005278 -0.002403 0.012484 
-0.004595 -0.004276 -0.003469 0.008318 -0.011291 0.004956 0.007310 -0.003442 
0.002241 -0.001180 -0.002242 -0.007901 0.001766 -0.000131 0.000689 0.005278 
-0.007010 0.006251 0.001196 0.003241 0.002358 0.006269 0.003689 -0.006490 
-0.006694 0.001937 0.001289 0.002465 -0.004072 0.007469 0.006064 0.001419 
0.000217 -0.002167 -0.004395 -0.004426 -0.009408 -0.003069 -0.003553 0.004192 
0.001708 -0.002038 -0.006434 0.010828 0.006928 0.001104 -0.001143 -0.007554 
0.001603 0.003487 0.005189 0.001592 0.003855 -0.000569 0.005686 0.007763 
-0.007277 0.001731 -0.005856 -0.002498 0.000064 0.001809 0.003781 0.001657 
0.000547 -0.007523 0.004591 -0.000833 0.000568 0.001770 -0.006016 -0.003612 
0.003132 -0.004086 -0.000801 0.004641 -0.000228 0.004293 0.004380 0.001665 
0.005643 -0.004654 0.006501 0.004070 -0.001373 0.007170 -0.001466 0.001899 
0.008806 0.003739 0.005400 0.000844 0.007261 0.002974 0.002191 0.000496 
0.000125 0.000698 -0.004572 0.005609 -0.009411 -0.000812 -0.007119 0.000866 
0.008674 0.004872 -0.002247 0.001298 -0.012687 -0.007746 -0.005325 -0.003733 
0.013606 0.005479 -0.009267 0.005943 0.001941 -0.002178 0.002521 0.001344 
-0.007975 0.002692 -0.004183 -0.001339 0.003416 -0.004151 0.005937 0.002726 
0.007690 0.018038 -0.003763 -0.001782 0.004701 -0.002561 -0.003211 0.001384 
-0.020770 -0.008512 -0.000012 0.002074 -0.006407 0.001409 0.007427 0.005176 
-0.038845 0.075399 -0.021414 0.000384 -0.002441 0.000745 -0.001334 -0.002782 
-0.015759 -0.003950 -0.008009 0.016348 -0.014250 -0.005516 -0.005572 -0.021249 
0.005783 0.010134 -0.003772 -0.013714 -0.006535 0.002039 0.007970 0.007868 
0.001890 0.003916 -0.005141 -0.005554 0.004442 -0.000223 -0.011902 -0.003330 
0.001290 -0.003863 0.003809 -0.001631 -0.004636 -0.005472 0.002823 -0.001231 
0.001782 -0.000693 -0.001961 -0.006047 0.000342 0.001581 -0.006579 0.001347 
-0.000590 -0.003444 0.007061 0.002901 0.007738 -0.003482 -0.005054 0.005020 
0.013406 -0.003439 0.001226 0.003858 0.005806 0.002098 -0.004786 -0.001927 
-0.003668 0.000679 0.008740 -0.004684 0.002293 0.009020 0.005489 -0.003622 
-0.007838 -0.000834 0.003670 0.003041 0.005420 -0.007071 -0.004133 0.001850 
0.001375 0.004496 -0.005131 0.000916 -0.007686 0.005153 -0.002824 -0.007294 
-0.008958 -0.006662 0.000954 0.005478 -0.005860 0.007300 0.005222 0.001972 
0.006833 0.007713 -0.003051 0.007039 -0.001397 -0.008194 -0.000715 0.007515 
0.002019 0.005365 0.001703 0.003969 0.005644 -0.005254 0.003569 0.004350 
-0.005864 -0.011606 0.003780 0.006903 -0.010802 -0.002071 0.008427 0.008262 
-0.002787 -0.000703 0.003926 -0.001912 -0.003928 -0.004779 0.007240 0.006888 
-0.007416 -0.002154 0.005851 0.003760 0.006110 -0.000586 -0.006023 0.003472 
-0.014224 0.005127 0.006476 0.000086 -0.006965 -0.008328 -0.000364 -0.020555 
0.030221 0.009324 0.017243 -0.011772 -0.000657 -0.013363 0.004439 -0.004955 
0.005759 0.002788 0.003140 -0.003512 0.003786 -0.001267 -0.000869 0.005785 
0.006962 0.040403 0.003245 0.000503 0.012305 0.001606 -0.003329 0.003479 
0.010922 -0.003080 0.009375 0.007099 -0.000276 -0.012758 -0.003469 0.003340 
0.009650 -0.011693 0.000264 -0.000541 -0.002622 -0.005284 -0.000360 0.000842 
0.004695 -0.001984 -0.006618 -0.003446 0.002699 -0.009953 -0.000209 0.002938 
-0.003588 -0.001580 0.001114 0.002426 -0.003038 -0.004468 -0.000782 -0.009862 
0.014896 0.001099 -0.002093 -0.010998 0.009021 -0.006994 -0.001330 -0.001358 
0.000734 0.000305 0.002919 -0.001701 0.003257 -0.004767 0.001253 -0.009333 
-0.000286 -0.003701 -0.001110 0.002466 0.001609 0.000892 -0.003743 0.002492 
-0.002907 -0.001166 -0.003542 -0.000453 -0.006888 -0.003454 -0.002309 0.001046 
-0.006889 -0.006302 0.002340 -0.001141 -0.006277 0.007844 -0.004721 0.001793 
0.002633 0.013100 0.001418 -0.005503 0.003859 -0.001238 0.001827 0.008007 
0.004092 -0.001370 0.003940 0.004642 -0.003718 0.003736 0.002581 0.014095 
0.006861 0.000059 -0.005684 -0.005423 0.003912 -0.004783 -0.000177 -0.013807 
-0.014421 0.001889 -0.005853 0.003731 0.007920 -0.005838 0.001235 -0.000485 
-0.009011 -0.001326 -0.012978 0.001264 -0.000771 0.002956 -0.003681 -0.003739 
-0.005865 -0.013550 0.001842 0.002816 0.002412 -0.009830 0.004443 0.006289 
-0.006442 0.010043 -0.004111 -0.009764 -0.006706 -0.000364 0.009216 -0.000857 
-0.021262 -0.004155 0.007214 0.002406 0.005912 -0.006988 -0.002063 -0.004286 
0.016376 -0.011818 0.002825 -0.000742 -0.007183 0.001409 -0.010969 0.010824 
-0.033680 -0.002490 0.000016 0.010518 0.008380 0.003808 0.002181 -0.005719 
0.001834 0.018839 0.005858 -0.007062 0.001586 -0.000126 0.000037 -0.008866 
0.027606 0.003259 -0.010905 -0.008898 0.018004 -0.022281 0.001598 0.009407 
-0.001619 0.003823 -0.001318 -0.008728 -0.002484 -0.003139 -0.002978 0.001032 
0.001695 -0.003934 0.002831 0.001808 0.002144 -0.003334 -0.001484 -0.007530 
0.008852 -0.008025 0.004534 0.001253 0.000237 -0.004573 -0.005214 0.002358 
0.002008 -0.005158 0.004263 -0.006892 -0.004035 0.006770 0.006886 0.006524 
0.007132 -0.001281 -0.004955 0.005987 -0.002994 -0.007285 0.000196 0.005860 
0.000827 0.002225 0.001355 -0.003064 0.001894 -0.001715 0.001358 0.000687 
-0.012123 0.001758 0.004366 0.004301 0.001129 -0.000802 0.003095 -0.003971 
-0.004874 0.000898 -0.005328 -0.008590 -0.006034 0.000133 0.004934 0.003966 
-0.001131 0.006627 0.009941 0.013649 0.005444 0.000586 -0.011279 0.000070 
-0.007685 0.008819 -0.004020 -0.004240 -0.006756 -0.007653 0.007941 -0.005842 
-0.005140 0.001907 -0.000519 0.005135 -0.001634 -0.002860 -0.004746 -0.004386 
0.000502 -0.005027 -0.000156 -0.003618 0.003769 0.000210 -0.002824 -0.003914 
0.007024 -0.011907 0.004383 0.004893 -0.000827 0.001091 -0.001972 0.007247 
-0.007858 -0.001817 -0.004359 0.002233 -0.000342 -0.004085 -0.004984 -0.005047 
0.004817 -0.005334 0.007004 -0.005844 -0.006595 0.010801 0.001136 -0.006672 
0.000950 -0.001798 -0.003410 -0.010120 0.000261 -0.004925 -0.006152 -0.000216 
-0.034999 -0.001424 -0.005031 0.007417 0.000706 -0.004859 0.001619 0.002042 
0.029099 -0.007254 0.003015 -0.005256 0.008278 -0.000528 0.006474 0.013179 
-0.009350 -0.053894 0.002091 -0.003591 0.009264 -0.007202 0.003618 0.003859 
0.038244 -0.001969 -0.003809 0.002127 0.007543 -0.006165 -0.001245 -0.015532 
0.006916 0.007030 -0.006594 -0.000642 0.003117 -0.002032 0.002839 0.005189 
0.006046 -0.008277 0.000212 0.000768 0.001594 0.008277 -0.003788 0.006447 
-0.012604 0.008156 -0.001185 -0.004314 0.003952 0.000809 0.001438 0.000293 
0.009132 -0.002138 0.006358 0.000764 -0.001475 0.003606 -0.001510 -0.000183 
0.009777 0.001556 0.003806 -0.002806 0.003397 -0.004858 -0.000255 -0.001190 
-0.007019 0.001393 -0.007002 0.002477 0.002869 -0.007867 0.001633 0.003550 
-0.003529 -0.006157 0.001895 -0.003892 0.000859 -0.002936 -0.004602 0.007555 
0.004746 0.003076 -0.003804 -0.005684 -0.010892 -0.000685 0.002449 -0.002459 
-0.008739 -0.005377 -0.005510 0.003905 -0.004571 0.002326 -0.001401 0.005278 
-0.004851 0.000404 -0.007588 -0.002749 0.005997 0.003709 -0.001526 -0.003049 
-0.000610 -0.006403 -0.000199 0.002669 -0.000576 0.009906 0.004427 0.003598 
-0.012936 -0.000282 0.002060 -0.001905 0.002594 -0.005407 0.004443 -0.001350 
0.007374 0.000352 0.001397 -0.004375 -0.000324 0.004880 -0.005795 0.008611 
0.001157 -0.006961 -0.001226 0.003795 0.004418 -0.011449 0.003154 -0.002497 
-0.017180 0.011842 0.001461 0.004165 0.007501 0.002335 -0.004224 -0.007537 
-0.015660 -0.011896 0.003777 0.013440 0.012600 -0.006737 0.004189 0.005343 
0.014282 -0.006363 0.004361 -0.005912 -0.007139 0.011875 -0.004393 -0.010719 
-0.002464 -0.007216 -0.004067 0.004947 0.001505 -0.012784 -0.000796 0.003379 
0.001812 -0.064721 0.012221 0.006489 0.011832 -0.010146 0.004859 0.002197 
-0.012583 0.004925 0.003007 -0.009845 0.022794 -0.012069 -0.000733 -0.006331 
-0.005912 0.002590 0.000978 -0.004019 0.005715 0.000446 -0.003728 0.005505 
0.010375 0.000846 -0.003412 -0.003811 0.001763 -0.005330 0.002646 -0.007952 
-0.001901 -0.003259 0.002847 0.000514 -0.011899 0.002314 0.005992 -0.004472 
-0.001840 -0.003046 -0.004696 0.002008 0.001536 0.005518 -0.000281 0.003190 
-0.000526 0.001938 -0.002651 -0.001570 -0.006437 -0.001066 0.002245 -0.002395 
0.008301 0.003428 0.001872 0.002837 -0.004261 -0.000865 0.001007 0.000017 
0.000704 0.000366 0.001991 -0.005301 -0.000234 0.002961 0.001621 -0.003361 
-0.000696 -0.004449 0.003310 0.003647 -0.000185 0.001596 0.006932 0.002725 
0.002272 -0.004563 -0.006728 -0.001192 0.008592 0.010112 -0.007251 -0.003037 
-0.007454 -0.000156 -0.001272 -0.009267 0.013950 0.003598 -0.002033 0.000058 
0.005140 -0.002710 -0.000023 -0.004266 0.005206 -0.003101 0.002204 -0.002741 
0.004351 0.002567 0.000639 -0.002102 -0.001838 -0.005389 -0.009007 -0.002665 
0.005854 -0.007195 -0.003876 0.002720 0.002061 0.002952 0.005422 -0.002318 
-0.011974 0.004159 -0.006788 0.003494 -0.003731 -0.002710 -0.013837 -0.007129 
-0.007456 -0.009954 0.009050 0.001252 0.009579 -0.001839 -0.005577 -0.011390 
-0.014550 -0.003978 0.006652 0.009639 -0.001979 -0.011842 -0.004632 -0.008597 
0.043148 0.019637 -0.005429 -0.002945 -0.000814 -0.019020 -0.007712 -0.005854 
-0.024457 0.000948 -0.001475 -0.000411 -0.000663 -0.004594 0.003516 -0.003622 
0.024618 -0.082747 -0.005148 -0.003629 -0.009327 0.013046 -0.008409 0.001319 
0.024525 -0.010007 0.004073 -0.008936 0.007189 -0.004156 -0.004310 0.016252 
-0.006857 0.004718 0.004050 -0.006299 -0.002393 0.000381 0.003374 -0.008557 
0.003288 0.003828 -0.003826 -0.006197 -0.003639 0.002565 0.000992 0.009271 
-0.011527 0.002043 -0.002411 -0.000148 0.001944 -0.005817 0.000573 -0.004841 
0.011240 -0.002197 0.002602 0.004145 0.011142 -0.003168 0.000725 -0.001421 
-0.009311 0.001290 -0.000334 0.000076 -0.006956 0.007553 0.000584 -0.003927 
-0.001751 -0.001174 0.008028 -0.006478 0.003141 -0.005946 0.000721 0.005563 
0.003377 -0.004260 -0.003053 0.001555 -0.005030 -0.001303 -0.001566 0.004090 
-0.001754 0.002063 0.006547 0.003352 -0.002335 -0.007903 -0.008421 -0.003604 
0.006442 0.005037 0.001292 0.000004 -0.003628 -0.000061 -0.004777 0.001265 
0.007039 -0.001616 0.002894 0.002774 -0.002423 -0.004466 -0.001260 -0.003429 
0.010355 -0.007556 0.001378 -0.003593 -0.005679 -0.000207 0.008432 0.004876 
-0.012156 0.002262 0.003318 0.000498 -0.000653 -0.009364 -0.002258 0.006084 
0.015283 -0.000344 0.004581 0.002594 -0.002425 -0.007420 -0.010199 0.000009 
0.002362 0.015621 0.000825 -0.000503 -0.008572 -0.003715 -0.004223 0.007042 
0.014051 -0.012287 0.005006 -0.002201 -0.003064 0.009219 0.006066 -0.002884 
-0.018406 -0.005150 0.012897 -0.006513 -0.004579 0.000167 -0.002560 0.006869 
0.010255 -0.014785 -0.002596 -0.002487 0.004273 -0.009576 -0.006819 -0.013052 
0.003842 -0.005826 0.005660 0.004813 0.012497 -0.008103 0.011920 0.006116 
-0.043649 0.109222 0.003860 0.015433 0.011630 0.011625 -0.017622 0.012083 
-0.038393 -0.008503 0.011177 -0.005007 0.005457 -0.022175 -0.006650 -0.008674 
-0.003936 -0.002099 -0.001499 -0.001237 0.000839 0.002162 0.001910 0.005944 
0.009300 -0.006808 -0.000883 0.002715 0.002664 0.006433 0.000495 -0.002805 
-0.007305 0.003053 -0.005841 -0.002792 0.006701 0.002509 -0.011107 0.001154 
-0.006820 -0.003744 -0.001082 0.006061 0.005498 -0.000869 -0.001267 -0.000982 
0.001898 -0.003147 0.002373 0.001087 0.009325 0.000532 0.000375 -0.000782 
-0.000995 -0.008224 0.005178 -0.008746 -0.000280 0.001098 0.000198 0.003411 
-0.005149 0.006705 -0.006156 -0.009083 -0.003913 -0.000186 -0.002398 0.000699 
0.000850 -0.007992 0.012305 -0.006523 0.008443 0.000878 -0.003504 -0.001007 
-0.001476 0.007550 0.004606 0.009932 0.001171 0.005275 -0.006312 0.006024 
0.003107 -0.012700 -0.006561 -0.004385 0.002603 0.003407 -0.001670 -0.001953 
0.015496 0.004881 -0.000901 -0.004325 0.002286 -0.004371 0.002292 -0.000224 
0.008778 -0.010172 -0.000111 -0.014948 0.003065 -0.009731 -0.014372 -0.003797 
-0.004929 0.000263 0.003764 -0.008631 -0.009520 0.002285 -0.005064 0.002618 
0.003932 -0.029107 -0.000492 -0.002902 0.006316 -0.007111 0.001346 -0.007371 
0.001091 0.003084 -0.003948 0.005814 -0.008696 -0.012649 0.004678 0.001409 
-0.018817 -0.018991 0.009578 -0.007187 -0.010152 -0.007860 -0.006840 0.008901 
0.017793 0.009042 -0.002816 0.003670 0.008257 0.001351 0.018111 0.004573 
-0.030700 -0.022696 -0.019794 -0.004557 -0.010891 0.002079 -0.001981 -0.020988 
0.029838 -0.015883 -0.003365 0.001907 0.018591 -0.016966 -0.000412 0.001682 
0.018921 -0.022876 -0.001946 -0.020935 -0.007302 0.002159 0.018722 0.002811 
0.000991 -0.003040 0.001452 -0.005042 0.000096 -0.009298 -0.006820 0.003426 
0.010130 -0.011756 0.000413 0.007721 0.008308 -0.010629 -0.000875 -0.002927 
0.000714 0.000325 0.003009 -0.005758 0.007283 0.007270 -0.001046 0.011222 
-0.000576 -0.008139 0.004626 -0.007081 0.003590 -0.006136 0.009528 -0.001811 
0.002791 -0.003250 0.005263 0.006957 0.000325 -0.002938 0.006258 -0.000532 
-0.003147 -0.000223 -0.000096 0.001146 -0.010215 -0.000777 0.002979 -0.000601 
-0.004141 0.003528 0.004904 0.001388 -0.009834 -0.009446 -0.002661 0.005157 
0.000776 -0.004434 0.010426 0.000170 0.007905 -0.004233 -0.006000 -0.000975 
-0.007382 -0.009406 0.011291 0.000826 0.005140 -0.004138 0.000089 0.003321 
0.000212 -0.009779 0.001341 -0.000589 0.002264 -0.009770 -0.007737 0.003155 
-0.004657 -0.001203 0.003981 0.003652 0.010340 -0.006998 0.010179 0.002752 
0.006462 -0.007186 0.001965 -0.004485 0.013144 -0.006697 0.004139 0.001419 
0.008297 -0.003657 -0.000432 -0.001060 -0.006702 -0.003134 -0.015515 -0.003754 
-0.003070 0.003072 0.004052 -0.005505 0.010585 -0.010855 -0.009435 0.008885 
0.004787 0.003098 0.012895 -0.001468 0.005828 -0.003646 -0.002691 0.003376 
-0.007868 -0.031321 0.011880 -0.005128 -0.003801 -0.005180 -0.002646 -0.004710 
0.003168 0.003278 0.015028 0.007752 -0.007512 0.010330 -0.004785 -0.008966 
-0.011259 -0.001114 0.011334 -0.011726 0.006346 -0.012718 -0.002511 0.001352 
0.004341 0.010477 0.012361 -0.007280 -0.013660 -0.006830 -0.025969 -0.000467 
-0.008473 -0.016339 0.045264 -0.012995 0.019423 -0.015947 -0.004130 0.010073 
0.013984 -0.002711 0.000360 0.013671 0.000266 -0.004895 -0.005241 0.009228 
-0.041393 0.001414 0.010925 0.001103 -0.002183 0.013569 -0.014883 0.018818 
0.026361 -0.004846 -0.014169 0.009779 -0.003580 -0.028599 -0.003511 0.014100 
-0.021482 0.004594 0.009439 -0.000633 -0.008056 0.023981 -0.014465 -0.018190 
0.010977 -0.011497 -0.023045 0.019337 0.011909 -0.026189 -0.005867 0.004132 
-0.011989 0.002337 0.031859 0.008344 -0.003310 0.006731 0.000556 -0.010294 
-0.003937 -0.016372 -0.007938 0.006622 -0.002147 -0.030982 0.001274 -0.000945 
-0.020816 0.017854 0.032049 0.006955 0.009022 0.024644 -0.011689 -0.004882 
-0.008914 0.000523 -0.018213 0.013400 -0.001051 -0.036586 0.004160 -0.007971 
-0.018988 0.012085 0.020364 0.006500 0.010282 0.019710 -0.008618 -0.009800 
-0.013427 -0.010361 -0.024366 0.028052 -0.020165 -0.028209 -0.010693 0.006182 
-0.016047 -0.002002 0.020931 -0.000962 -0.000335 0.033674 -0.016825 0.000702 
-0.025920 -0.014507 -0.020377 0.010385 -0.014448 -0.041419 0.006563 -0.007629 
-0.001781 -0.012388 0.043541 -0.011330 0.000892 0.025917 -0.022270 -0.004920 
-0.002922 -0.016312 -0.017010 0.014881 0.003986 -0.030368 -0.001140 -0.011655 
-0.011069 -0.002213 0.046568 -0.005322 -0.003374 0.041431 -0.033632 -0.021494 
-0.009826 -0.050145 0.016842 0.029905 -0.017639 -0.013448 -0.071742 -0.006489 
0.050302 -0.007186 0.034111 0.033172 0.032069 0.035386 -0.023504 -0.025221 
-0.058994 -0.041680 0.009281 0.014707 0.037571 -0.040245 0.003132 -0.012504 
0.042955 0.032832 0.031524 0.009080 0.004648 0.026985 -0.016682 0.009108 
