0.156857 1.079335
0.202507 1.211275
0.170928 1.262969
0.141588 1.276716
0.119315 1.242984
0.101052 1.174480
0.081835 1.091202
0.083623 1.004335
0.084845 0.998755
0.103045 1.145778
-0.399216 1.099702
-0.325943 1.212097
-0.182930 1.262406
-0.089453 1.271087
-0.031043 1.247742
0.008576 1.185721
0.031635 1.097856
0.059964 1.015379
0.054233 0.996426
-0.058637 1.102650
0.014470 0.899586
0.015734 0.946164
0.024414 0.964982
0.022806 0.972100
0.022649 0.969594
0.017177 0.962962
0.017761 0.955714
0.017563 0.944555
-0.003600 0.948375
0.005834 0.951504
-0.005212 0.898637
0.009236 0.950153
0.009591 0.969726
0.000899 0.974586
-0.008883 0.971315
-0.018878 0.970929
-0.022987 0.962168
-0.032674 0.957170
-0.024281 0.952167
0.012155 0.982649
0.154364 1.079890
0.198708 1.209755
0.165728 1.260335
0.136072 1.274008
0.114017 1.239607
0.096419 1.171263
0.077367 1.089953
0.079694 1.004938
0.083347 0.997942
0.099082 1.142661
-0.397593 1.099234
-0.325521 1.210205
-0.183225 1.259642
-0.089251 1.268114
-0.029815 1.243612
0.010988 1.183732
0.034414 1.096909
0.064200 1.015812
0.057180 0.996941
-0.058856 1.104292
0.037583 0.705201
0.069821 0.701174
0.094545 0.701059
0.113033 0.706443
0.129560 0.709194
0.146091 0.717535
0.155159 0.722134
0.142098 0.719355
0.099474 0.720433
0.151564 0.723983
-0.068686 0.710494
-0.118084 0.709580
-0.168171 0.710416
-0.216820 0.712206
-0.260367 0.715294
-0.298042 0.717950
-0.335224 0.720504
-0.350593 0.713343
-0.364189 0.720701
-0.368525 0.714056
0.017697 0.706352
0.059254 0.698220
0.079261 0.695382
0.098253 0.692506
0.117431 0.689823
0.131758 0.690505
0.149560 0.690382
0.145002 0.694912
0.112080 0.696176
0.164818 0.757785
-0.013015 0.702798
-0.032900 0.708610
-0.051368 0.704779
-0.065625 0.698310
-0.077661 0.696275
-0.091396 0.693237
-0.099323 0.687907
-0.105407 0.684761
-0.119731 0.682029
-0.197145 0.722141
0.009587 0.696984
0.012616 0.696547
0.017195 0.701905
0.022134 0.707945
0.028334 0.709341
0.033008 0.708835
0.039103 0.704369
0.042461 0.695072
0.039846 0.690943
0.069494 0.647781
-0.023321 0.696574
-0.026883 0.697053
-0.031234 0.702414
-0.036089 0.708954
-0.040321 0.710325
-0.049154 0.711973
-0.051020 0.705298
-0.055805 0.690268
-0.075731 0.698187
-0.073385 0.708215
0.008511 0.695875
0.007551 0.717108
0.009252 0.757835
0.012659 0.792967
0.013392 0.812879
0.013344 0.820533
0.015097 0.795816
0.013170 0.757189
0.027379 0.738113
-0.077109 0.780467
-0.016348 0.695360
-0.015123 0.714207
-0.018557 0.754586
-0.017732 0.790944
-0.023006 0.810627
-0.022727 0.815975
-0.020884 0.795741
-0.026321 0.754711
-0.022888 0.727378
-0.076107 0.788049
0.017753 0.706510
0.019269 0.741584
0.018794 0.790175
0.020445 0.827232
0.015437 0.844017
0.015587 0.836129
0.013417 0.799047
0.013887 0.754589
0.016375 0.735013
0.060273 0.793859
0.047817 0.700229
0.063207 0.731402
0.060678 0.784953
0.052255 0.822623
0.043909 0.838557
0.031173 0.833118
0.021207 0.793640
0.006239 0.755319
0.008728 0.730417
0.050339 0.779155
0.029231 0.659859
0.067165 0.695700
0.088419 0.745155
0.109226 0.775092
0.127633 0.781644
0.143686 0.766342
0.160512 0.726644
0.156111 0.679348
0.131043 0.673571
0.153297 0.762906
-0.022892 0.666636
-0.046903 0.699494
-0.078771 0.747294
-0.107759 0.776984
-0.137051 0.780595
-0.166681 0.765295
-0.187547 0.722516
-0.205800 0.671368
-0.224898 0.655225
-0.278032 0.770633
0.006128 0.706378
0.005117 0.705174
0.007298 0.705246
0.008460 0.703363
0.010926 0.701119
0.010625 0.700389
0.016029 0.699417
0.017233 0.697550
0.013790 0.692923
0.053961 0.686035
-0.012880 0.706756
-0.014286 0.706638
-0.018083 0.707393
-0.022143 0.705371
-0.023516 0.704948
-0.028721 0.704206
-0.033632 0.700386
-0.036101 0.697913
-0.053870 0.693265
-0.038186 0.733709
0.008866 0.706695
0.005173 0.705270
0.007197 0.704147
0.009022 0.703019
0.010443 0.702562
0.014805 0.702852
0.013537 0.700405
0.016355 0.700010
0.022893 0.694119
0.083916 0.708516
-0.015832 0.705318
-0.015098 0.707734
-0.015599 0.706415
-0.018264 0.706330
-0.020880 0.704336
-0.027800 0.706863
-0.029009 0.701654
-0.027624 0.698889
-0.041450 0.702511
-0.059619 0.724801
0.005521 0.707490
0.008084 0.706055
0.008819 0.706822
0.008386 0.706450
0.015896 0.705246
0.020386 0.704348
0.024954 0.702854
0.025390 0.697016
0.017789 0.707984
0.027439 0.695591
-0.014863 0.704707
-0.010690 0.705037
-0.013471 0.706386
-0.016181 0.709433
-0.015826 0.707870
-0.021731 0.707389
-0.018778 0.708478
-0.023618 0.701365
-0.033290 0.713852
-0.015349 0.736526
0.007135 0.707036
0.007310 0.706659
0.009808 0.707192
0.015706 0.709764
0.015239 0.707652
0.016751 0.707548
0.019289 0.705859
0.022811 0.700871
0.007237 0.705555
0.026403 0.649663
-0.012953 0.705149
-0.010819 0.708208
-0.010425 0.708190
-0.010233 0.711061
-0.017497 0.711264
-0.014372 0.709736
-0.017080 0.708257
-0.018037 0.704760
-0.016492 0.713765
-0.049261 0.726122
0.002697 0.706576
0.004337 0.706018
0.004948 0.709676
0.006749 0.712568
0.009722 0.711897
0.010271 0.713327
0.012139 0.709348
0.011497 0.710152
0.023948 0.696378
-0.042418 0.677922
-0.013058 0.704998
-0.010836 0.706156
-0.010151 0.708880
-0.011915 0.711841
-0.010720 0.713142
-0.016913 0.715472
-0.012758 0.712272
-0.015925 0.711441
-0.023533 0.707276
0.002792 0.718445
0.003865 0.706017
0.001867 0.707786
0.009094 0.709893
0.008558 0.715805
0.009387 0.717418
0.013167 0.719823
0.013691 0.715930
0.005011 0.709313
0.019375 0.704850
-0.032816 0.715366
-0.010786 0.705207
-0.005417 0.705970
-0.008025 0.710883
-0.007459 0.714952
-0.007981 0.717041
-0.008377 0.719678
-0.007745 0.716040
-0.007614 0.713230
-0.016875 0.697801
-0.057895 0.727097
0.004136 0.705629
0.000477 0.707288
-0.000232 0.713080
0.004606 0.720592
0.001710 0.726997
0.004596 0.726819
0.004836 0.721839
0.006134 0.717216
0.008845 0.726447
-0.074153 0.703226
-0.012950 0.706188
-0.008985 0.707738
-0.007962 0.711935
-0.009735 0.718501
-0.012238 0.720911
-0.010286 0.724439
-0.009339 0.721162
-0.012954 0.710480
-0.012164 0.712295
-0.030453 0.740731
0.001636 0.706271
0.003248 0.709302
0.002594 0.715662
0.001989 0.724158
0.003742 0.726219
0.001276 0.729070
0.002960 0.725160
0.004660 0.718597
-0.004509 0.703050
0.007947 0.721162
-0.010094 0.705019
-0.009693 0.708110
-0.009606 0.714748
-0.010552 0.721829
-0.011917 0.726247
-0.011912 0.728668
-0.010074 0.723315
-0.014512 0.714508
-0.014256 0.718575
-0.032324 0.735984
0.005430 0.707413
0.003414 0.711190
0.003764 0.720011
0.002823 0.726791
0.004984 0.730501
0.006526 0.732798
0.002513 0.731514
0.004644 0.718479
0.017908 0.711864
-0.026305 0.759366
-0.000903 0.704009
0.000650 0.708402
0.000416 0.716009
0.001915 0.724113
-0.002882 0.730814
-0.002239 0.731289
-0.001607 0.727702
-0.007558 0.713875
0.010553 0.712615
0.008798 0.705017
0.010542 0.705671
0.008063 0.711147
0.006043 0.721284
0.011209 0.728898
0.009116 0.734820
0.003778 0.734815
0.008095 0.727466
0.011785 0.716437
0.013823 0.707758
-0.043148 0.726038
-0.014813 0.705462
-0.011941 0.711041
-0.014815 0.719067
-0.013941 0.728680
-0.015768 0.734578
-0.016240 0.735705
-0.017824 0.723706
-0.015822 0.715934
-0.013464 0.712534
-0.056529 0.735228
0.001789 0.705798
0.002699 0.713736
0.002174 0.721625
0.002882 0.729918
0.002790 0.736342
0.002928 0.738158
0.006505 0.726974
0.003500 0.720276
0.000473 0.710203
-0.007836 0.692166
-0.010266 0.706275
-0.007532 0.710690
-0.010048 0.722556
-0.011027 0.731436
-0.015578 0.735443
-0.013740 0.737782
-0.011765 0.728313
-0.014714 0.718672
-0.020383 0.710990
-0.009141 0.716718
0.011680 0.711932
0.009776 0.716800
0.006780 0.727057
0.009259 0.735277
0.006181 0.737838
0.002635 0.736577
0.005559 0.728596
0.004306 0.717428
0.005690 0.714325
0.039931 0.723648
0.014405 0.701170
0.016281 0.707730
0.013308 0.718534
0.009005 0.728508
0.008603 0.731227
0.001855 0.734155
-0.001056 0.724174
-0.006919 0.717167
0.001614 0.710214
0.010987 0.744491
0.026746 0.713344
0.022523 0.718824
0.022232 0.726761
0.022725 0.735841
0.019054 0.737689
0.021756 0.733462
0.015694 0.730072
0.021112 0.718625
0.022306 0.726486
0.066646 0.742275
0.051983 0.697975
0.048197 0.705495
0.043857 0.717685
0.039726 0.723952
0.034363 0.730427
0.025356 0.729208
0.018735 0.720782
0.011324 0.713055
0.011724 0.712243
0.033302 0.732292
0.008348 0.707479
0.002253 0.714559
-0.000100 0.721647
-0.000794 0.728980
-0.002805 0.731517
-0.004158 0.729405
-0.007075 0.724461
-0.006462 0.715911
-0.007598 0.705228
0.002492 0.716032
0.081601 0.702920
0.076364 0.708778
0.066066 0.718948
0.056052 0.725650
0.047498 0.730473
0.038172 0.726592
0.026735 0.719376
0.014466 0.715840
0.011125 0.714543
0.053865 0.734679
0.030279 0.703812
0.032406 0.707676
0.035156 0.709406
0.033859 0.712683
0.025429 0.715310
0.032915 0.712534
0.020573 0.714515
0.023963 0.712025
0.048912 0.717767
0.044988 0.725353
0.130399 0.698550
0.118156 0.699817
0.105064 0.703129
0.091564 0.704465
0.080589 0.706414
0.069163 0.706370
0.063977 0.703145
0.053360 0.703331
0.070658 0.696772
0.062721 0.670055
0.043114 0.948915
0.053987 0.936360
0.040128 0.933977
0.026392 0.931018
0.012959 0.923163
0.005562 0.918041
-0.006933 0.907016
-0.012506 0.903342
-0.013353 0.899545
-0.001461 0.891329
-0.006576 0.950725
-0.009974 0.936349
-0.000623 0.934468
0.003646 0.931246
0.011360 0.924188
0.012841 0.918067
0.013664 0.911072
0.014258 0.897845
0.013830 0.904639
0.017696 0.879187
-0.000386 0.899986
-0.006572 0.951847
-0.008500 0.970427
-0.013562 0.977191
-0.015460 0.974645
-0.022471 0.970006
-0.022617 0.961388
-0.024348 0.953079
-0.031698 0.964814
-0.025103 0.933945
-0.005306 0.891340
-0.001832 0.943480
-0.001837 0.964564
-0.004744 0.966379
-0.005241 0.968024
-0.012357 0.959568
-0.011137 0.949859
-0.007729 0.944872
-0.017673 0.943846
-0.027195 0.918678
0.042993 0.949923
0.053004 0.938465
0.038632 0.935923
0.024232 0.934167
0.010409 0.926242
0.001792 0.921041
-0.010616 0.910340
-0.016542 0.906786
-0.019327 0.905915
-0.006642 0.899323
-0.007032 0.951912
-0.010116 0.937952
-0.000883 0.936577
0.002834 0.934064
0.010396 0.927049
0.010640 0.920473
0.011677 0.913956
0.012868 0.899916
0.010625 0.906134
0.013658 0.871497
-0.011392 0.704817
-0.028826 0.703767
-0.038025 0.702229
-0.044788 0.703950
-0.051266 0.702868
-0.053900 0.706385
-0.061484 0.706070
-0.050113 0.705678
-0.033878 0.700193
-0.025086 0.706302
0.015649 0.713134
0.035198 0.714111
0.051430 0.711890
0.064161 0.714631
0.072622 0.715174
0.078052 0.714674
0.090574 0.715189
0.080269 0.715339
0.050269 0.724336
0.120472 0.724935
0.014451 0.710692
-0.009509 0.710451
-0.020893 0.711826
-0.027305 0.714262
-0.034664 0.713433
-0.041002 0.710735
-0.051269 0.709170
-0.049320 0.708822
-0.025944 0.703239
-0.083078 0.689062
-0.004256 0.709777
0.015944 0.712108
0.025527 0.713298
0.038267 0.714593
0.047024 0.715115
0.054866 0.712555
0.063998 0.707198
0.067558 0.708619
0.066452 0.704770
0.140572 0.715079
0.006787 0.707052
-0.005176 0.708148
-0.008984 0.707744
-0.011543 0.707371
-0.020397 0.707083
-0.022325 0.705750
-0.031581 0.701913
-0.037121 0.700422
-0.035054 0.701542
-0.041759 0.712240
0.001461 0.710077
0.015798 0.708268
0.023934 0.709898
0.035594 0.712123
0.040587 0.709769
0.049696 0.708368
0.052536 0.703587
0.058152 0.703438
0.067667 0.687565
0.031155 0.660678
0.003223 0.705338
0.005820 0.703009
0.007890 0.702887
0.008392 0.705627
0.010740 0.707674
0.009976 0.708394
0.008893 0.707700
0.011745 0.707923
-0.002482 0.714703
0.026399 0.693062
-0.002306 0.706981
0.003748 0.703907
0.008650 0.705196
0.009962 0.706653
0.006733 0.709982
0.015303 0.709746
0.010001 0.709305
0.008607 0.706867
0.006442 0.706923
0.013371 0.719963
0.013294 0.703183
0.019242 0.701757
0.019108 0.700647
0.020281 0.704430
0.022657 0.705415
0.015667 0.708256
0.018554 0.710330
0.020749 0.709469
0.021137 0.717902
0.049161 0.705794
-0.008377 0.707280
-0.011354 0.703823
-0.011092 0.705384
-0.011896 0.705707
-0.010207 0.708660
-0.006488 0.709673
-0.011309 0.710179
-0.009750 0.710253
0.002028 0.724575
-0.046639 0.683386
0.016862 0.706694
-0.005345 0.703163
-0.015888 0.707923
-0.022344 0.715913
-0.032199 0.718349
-0.040733 0.714079
-0.054050 0.707141
-0.052092 0.708346
-0.037837 0.699015
-0.046113 0.727496
-0.004195 0.707289
0.023362 0.704873
0.041075 0.711788
0.058814 0.719844
0.068584 0.724222
0.084964 0.719594
0.092566 0.712490
0.095177 0.705969
0.092388 0.695944
0.122849 0.701060
0.000462 0.705985
-0.003378 0.705418
-0.006170 0.705951
-0.004950 0.704498
-0.010575 0.705767
-0.012945 0.705568
-0.010865 0.701189
-0.018453 0.699229
-0.009712 0.701350
-0.031406 0.732850
-0.001740 0.709850
0.003627 0.709363
0.008050 0.710200
0.011415 0.710020
0.012934 0.708105
0.016961 0.709629
0.021134 0.705036
0.025061 0.705480
0.030242 0.701786
0.059961 0.698614
0.003293 0.706282
-0.004513 0.704467
-0.006908 0.705801
-0.006719 0.704809
-0.012241 0.703568
-0.013446 0.704171
-0.017275 0.702512
-0.022308 0.704338
-0.004289 0.697680
-0.012697 0.697968
-0.000646 0.709047
0.003826 0.709536
0.006388 0.709325
0.013202 0.709655
0.016369 0.708393
0.019881 0.708172
0.019502 0.705979
0.022674 0.704800
0.044201 0.694703
-0.002762 0.687764
0.005806 0.706891
0.000759 0.705781
-0.002782 0.705874
-0.004837 0.707195
-0.005717 0.704873
-0.007554 0.702912
-0.018760 0.700047
-0.015984 0.702601
-0.023427 0.695486
-0.041932 0.713588
0.000585 0.709289
0.009224 0.708509
0.008399 0.709252
0.013611 0.709086
0.016486 0.707766
0.022334 0.707575
0.021822 0.705990
0.025547 0.707508
0.021302 0.697706
0.010741 0.699807
0.002491 0.706494
-0.004832 0.706951
-0.005619 0.706962
-0.008634 0.704696
-0.012326 0.705398
-0.011394 0.706094
-0.013994 0.704571
-0.014030 0.703057
-0.020194 0.706138
-0.022191 0.694831
0.006456 0.708273
0.009782 0.708531
0.014996 0.708123
0.020560 0.707114
0.018989 0.708872
0.025580 0.707040
0.029681 0.704010
0.029138 0.704101
0.028092 0.698786
-0.036455 0.651201
0.002402 0.707135
-0.001223 0.706202
0.001412 0.708725
0.000605 0.704982
-0.003880 0.706858
-0.002584 0.705045
-0.008650 0.705611
-0.011153 0.708048
-0.021805 0.699144
0.019273 0.716207
0.004889 0.707640
0.010230 0.707822
0.013828 0.705042
0.019033 0.708046
0.025072 0.705500
0.025333 0.703800
0.024086 0.706292
0.027649 0.704398
0.029038 0.701109
0.039965 0.670103
0.001338 0.707375
0.001122 0.706283
0.002844 0.705434
0.002402 0.707070
0.005851 0.705131
0.005221 0.707894
0.004307 0.704500
0.004037 0.707386
0.006260 0.716476
0.048302 0.684788
0.000217 0.707825
0.001279 0.707310
0.004495 0.707594
0.005265 0.708505
0.005232 0.707154
0.010336 0.707884
0.006696 0.708154
0.003549 0.707325
0.000780 0.704323
0.017576 0.724062
0.000074 0.706450
-0.000773 0.705191
0.003970 0.705447
0.004166 0.705513
0.005648 0.705912
0.006505 0.708086
0.004635 0.707188
0.004827 0.709957
0.011840 0.709935
0.030155 0.683965
-0.001627 0.709392
0.002390 0.707480
0.003382 0.707517
0.001848 0.707066
0.001779 0.709045
0.006986 0.706608
0.002624 0.709131
0.002330 0.709613
0.002872 0.692399
0.008213 0.723511
0.003171 0.706705
0.004734 0.705313
0.002729 0.705113
0.005419 0.706553
0.004423 0.707689
0.003751 0.707414
0.003704 0.706149
0.005118 0.709111
-0.019453 0.721649
-0.026618 0.729546
-0.001315 0.708023
-0.001450 0.707488
0.003797 0.708158
0.002854 0.707134
0.000633 0.708330
0.002947 0.708806
0.000585 0.707613
0.000437 0.708186
0.009077 0.700252
0.000153 0.702328
0.005703 0.705437
0.006989 0.705464
0.006642 0.707191
0.006465 0.705515
0.004458 0.705559
0.007832 0.706449
0.005426 0.706210
0.010938 0.707441
0.004550 0.706286
0.045873 0.738251
-0.006058 0.708263
-0.000262 0.708366
-0.000258 0.707367
0.002773 0.708000
0.002129 0.707478
0.003127 0.707675
0.003039 0.709449
0.004551 0.708617
0.007426 0.707673
0.001317 0.712458
0.000092 0.706232
0.000760 0.705676
0.002388 0.706782
-0.000405 0.707170
0.002920 0.706584
-0.002522 0.706641
0.002919 0.710554
0.002058 0.707230
-0.006034 0.699341
-0.023981 0.696258
0.005808 0.708360
0.005479 0.706481
0.008181 0.707195
0.009656 0.708691
0.003651 0.707632
0.010704 0.708491
0.009190 0.709451
0.008276 0.708841
-0.008427 0.711037
0.002281 0.679302
-0.000262 0.706140
0.003480 0.704993
-0.000307 0.705696
-0.001072 0.705511
0.001153 0.706478
-0.001492 0.705428
-0.003755 0.709219
0.004486 0.709277
0.004757 0.706892
-0.010026 0.703182
0.001365 0.708189
0.002718 0.707178
0.003769 0.708174
0.002865 0.705915
0.004129 0.706475
0.006849 0.707885
-0.000581 0.708612
0.001427 0.710020
0.018778 0.715891
-0.061222 0.697880
0.016645 0.704622
0.015266 0.704906
0.015752 0.704974
0.015304 0.704795
0.016667 0.705025
0.012123 0.706776
0.015401 0.707865
0.013165 0.709441
0.012688 0.709698
0.023067 0.690003
-0.004933 0.708942
-0.003720 0.708167
-0.004470 0.706435
-0.002297 0.707363
-0.000700 0.709249
0.002139 0.708041
0.001606 0.709037
-0.000227 0.709851
0.000879 0.709982
0.003109 0.689342
0.022296 0.705241
0.021241 0.706248
0.021463 0.706842
0.022955 0.708040
0.021208 0.705068
0.015100 0.708044
0.018628 0.707747
0.015766 0.707184
0.029070 0.711281
0.044577 0.725061
-0.013213 0.707910
-0.014728 0.706148
-0.008747 0.704924
-0.012378 0.708352
-0.010635 0.707413
-0.009104 0.705125
-0.007556 0.710190
-0.004125 0.707322
-0.020931 0.721536
-0.028646 0.676404
0.003386 0.704340
0.005279 0.706257
0.003034 0.706483
0.003234 0.708630
0.003713 0.708308
0.005358 0.708823
0.006663 0.708812
0.004660 0.709733
-0.011633 0.715259
0.021715 0.697239
-0.000222 0.708768
-0.001971 0.706875
-0.004662 0.706810
-0.002185 0.707576
-0.001736 0.709194
-0.001598 0.704688
-0.004013 0.706911
-0.004224 0.709025
0.021698 0.704961
0.003801 0.677817
-0.007763 0.693879
-0.001113 0.696017
0.001516 0.693744
0.005924 0.697562
0.009093 0.698461
0.008026 0.699181
0.014920 0.701106
0.012346 0.700000
0.028936 0.706834
0.072759 0.693859
-0.038181 0.719017
-0.042781 0.716701
-0.041982 0.717312
-0.045228 0.715101
-0.050055 0.714189
-0.043760 0.712658
-0.053940 0.710305
-0.056969 0.711294
-0.047856 0.717148
-0.060297 0.711223
-0.043254 -0.032966 0.004469 -0.002105 -0.003059 -0.000143 0.002547 -0.002253 
0.247590 -0.013548 -0.001338 0.002957 -0.001459 0.000575 -0.001277 -0.003478 
-0.047319 -0.016131 0.000775 -0.001150 0.000860 -0.003183 0.000637 0.001087 
0.161684 -0.008791 -0.001770 0.000851 0.002745 0.000295 -0.001438 0.001739 
-0.021906 -0.001759 -0.001731 0.000711 -0.001141 0.000535 0.000256 -0.000370 
0.059543 -0.001969 -0.000862 -0.001743 0.001455 0.001586 -0.003293 0.001037 
0.007984 -0.000632 0.000316 -0.000783 -0.002374 0.000943 -0.000004 0.000174 
-0.020983 -0.001877 0.000398 -0.002898 -0.000340 0.000212 0.000820 0.002898 
0.023986 0.000100 0.002501 0.001991 0.000456 0.000936 -0.000662 -0.001832 
-0.088656 -0.006391 -0.003003 0.001906 0.002076 0.002753 -0.002182 -0.001746 
0.047770 -0.013493 -0.002787 0.000915 0.003204 0.001238 0.000978 -0.002372 
-0.154886 -0.018370 -0.001348 0.000826 0.000523 -0.000614 0.002470 0.003977 
0.057105 -0.024400 -0.007408 -0.001370 0.002876 -0.000244 -0.000700 -0.001029 
-0.210749 -0.025850 0.001659 0.000081 0.001946 -0.002796 -0.000340 0.001167 
0.059794 -0.034898 -0.008988 -0.002704 -0.000868 -0.000848 -0.000058 -0.002088 
-0.238748 -0.033420 -0.002865 0.001863 -0.001138 -0.001159 0.000436 -0.000825 
0.035651 -0.043146 -0.009202 0.000750 -0.001389 -0.001797 0.000284 -0.000171 
-0.243990 -0.023974 0.004716 0.000316 -0.000618 -0.000614 -0.000217 -0.000144 
-0.002194 -0.074111 -0.004560 0.004917 0.000309 -0.001934 0.000575 0.001143 
-0.236996 -0.002645 0.014360 -0.000896 -0.002484 -0.001328 -0.001191 -0.000716 
0.003908 -0.007636 -0.001905 -0.000124 -0.001398 -0.000693 -0.001934 -0.002315 
-0.017781 -0.002033 0.005311 0.001703 0.000410 -0.000395 -0.001342 -0.000954 
0.001577 -0.003506 -0.000183 0.001179 -0.000029 -0.002251 0.002149 -0.002235 
-0.019942 -0.002513 0.001486 -0.000441 -0.001168 0.000861 0.000198 -0.000653 
0.002520 -0.000606 -0.002338 0.000407 0.000395 -0.001261 0.001077 -0.002107 
-0.009742 -0.000302 0.001092 0.002017 -0.000582 0.003960 -0.002197 -0.000835 
0.001771 -0.003288 -0.001122 0.003641 -0.001732 -0.002295 0.001008 -0.001873 
0.000341 0.001410 0.000764 0.002169 0.004500 0.001362 -0.001553 -0.001642 
0.004533 -0.001160 -0.000656 0.003213 -0.001928 0.001843 0.002072 -0.000854 
0.008407 0.001380 0.000017 0.001128 0.000484 0.000146 -0.003958 0.002445 
0.001102 0.000855 -0.006526 0.001959 -0.000509 -0.000208 -0.000404 -0.003119 
0.011674 -0.002917 0.000106 0.001142 0.003845 0.000327 -0.000700 0.003358 
-0.006746 0.000848 -0.004330 0.002487 -0.001066 0.001703 0.000360 -0.006077 
0.015231 0.001023 0.002015 -0.001052 0.005348 -0.001397 -0.005055 -0.001073 
0.003768 0.006826 -0.003563 0.005494 -0.002213 0.001144 0.001274 -0.002167 
0.012413 -0.003324 -0.006709 0.000475 0.000556 0.002836 -0.002825 0.000102 
0.003741 0.003147 -0.008837 0.004234 0.000459 0.009160 -0.005026 -0.010949 
0.007997 -0.004493 -0.003807 -0.000935 0.007321 0.001935 -0.002715 -0.003110 
0.007542 -0.007883 -0.010774 0.006876 -0.003288 -0.004178 -0.003428 -0.014413 
-0.015971 -0.002388 -0.008696 -0.000020 -0.002104 0.001336 -0.007036 0.003031 
-0.043994 -0.033478 0.004978 -0.003561 -0.002444 0.000199 0.001083 -0.002205 
0.249197 -0.014767 -0.001556 0.003753 -0.001212 0.002247 -0.000504 -0.001036 
-0.047799 -0.016920 0.000579 -0.001578 0.003025 -0.003228 0.002410 0.001857 
0.163256 -0.008766 -0.002653 -0.000906 -0.000035 -0.001305 -0.000272 0.003691 
-0.021900 -0.002085 -0.002113 0.000376 -0.000637 -0.000217 0.001712 0.000050 
0.059749 -0.002411 -0.001014 -0.002206 0.001965 0.000932 -0.002650 0.001931 
0.007837 -0.000633 0.000194 -0.001324 -0.002274 0.000903 0.000989 0.001038 
-0.020587 -0.002389 0.000690 -0.002633 -0.001334 0.000181 -0.000767 0.001029 
0.024066 -0.000247 0.001635 0.002336 0.001935 0.000406 0.000450 -0.001563 
-0.089352 -0.005390 -0.002229 0.002389 0.001202 0.001373 0.000082 -0.000470 
0.048220 -0.012367 -0.002973 0.001104 0.004330 0.000057 0.001165 -0.001863 
-0.155994 -0.018877 -0.001423 0.000256 0.001036 0.000939 0.002415 0.002021 
0.058873 -0.024765 -0.006499 -0.000986 0.002435 -0.000407 -0.001849 -0.002452 
-0.212653 -0.025377 0.000800 -0.000645 0.002266 -0.001659 -0.000260 0.001332 
0.060497 -0.034955 -0.009031 -0.002321 -0.001325 -0.001835 0.000547 -0.000651 
-0.240619 -0.034441 -0.003246 0.000470 -0.001331 -0.001100 0.001822 -0.000480 
0.035739 -0.042741 -0.009528 0.001213 -0.001490 -0.002065 0.000466 -0.000311 
-0.245388 -0.025043 0.004992 0.001531 -0.001476 -0.000054 -0.001249 0.000524 
-0.000328 -0.074066 -0.004964 0.003944 -0.000014 -0.000147 0.000558 0.001422 
-0.237667 -0.003366 0.014816 -0.001027 -0.001603 -0.000419 -0.002860 -0.001664 
0.092139 -0.025650 0.000760 -0.000774 -0.001438 0.001132 0.000107 0.002333 
-0.233288 -0.019156 0.005555 -0.000458 -0.002263 -0.001796 0.001607 0.001760 
0.059823 -0.005110 0.001241 0.001928 -0.000937 -0.004786 0.001174 -0.001169 
-0.151921 0.002116 0.000664 -0.002139 -0.000225 -0.000599 0.001218 -0.001355 
0.018971 0.001245 0.002252 -0.000404 0.001411 -0.000666 -0.001846 -0.002627 
-0.069765 0.008821 0.001507 -0.003262 0.002047 -0.001972 0.002960 0.000083 
-0.013216 -0.001141 0.000554 -0.001683 0.000995 -0.001749 0.001418 0.000416 
0.013255 0.010518 0.000362 -0.000245 -0.000828 -0.001484 0.000771 0.000085 
-0.045649 -0.005915 0.003910 -0.004727 -0.002374 0.002372 -0.000511 -0.001139 
0.080389 0.006783 -0.001103 0.001957 -0.000503 0.000014 0.002013 -0.002648 
-0.069826 -0.013311 0.010001 -0.002872 -0.003479 0.007915 -0.005103 -0.002811 
0.137660 0.000917 -0.007779 0.009848 -0.006857 0.000777 0.002984 -0.002808 
-0.083609 -0.018997 0.013973 -0.005577 -0.002983 0.012016 -0.007341 -0.005750 
0.169605 -0.004740 -0.010390 0.010317 -0.009853 -0.002478 0.001147 -0.004440 
-0.073558 -0.023742 0.011976 0.002807 -0.009412 0.011519 -0.006275 -0.012710 
0.182566 -0.002063 -0.019237 0.014539 -0.005400 -0.008088 -0.001774 0.000611 
-0.045745 -0.027394 0.011043 0.001070 -0.011465 0.009371 0.002127 -0.015168 
0.178192 0.004623 -0.019757 0.011210 -0.005278 -0.008517 -0.010529 0.000256 
-0.097456 0.005692 0.012878 -0.009646 0.006590 0.005982 -0.008934 -0.012189 
0.188431 -0.014981 0.006026 -0.003391 -0.004490 -0.004045 -0.003374 0.013933 
0.113444 0.006216 -0.001165 0.000206 0.000816 0.000343 -0.001513 -0.000041 
-0.080419 -0.005015 0.001511 0.000297 0.000067 -0.001256 0.002112 -0.000509 
0.061980 0.006526 0.002840 0.002996 0.000680 0.000394 0.000397 -0.000109 
-0.052351 0.006715 0.000753 0.000089 0.002856 0.000236 0.001081 -0.000918 
0.020039 0.001189 0.000869 0.001082 -0.003762 -0.000837 -0.000693 -0.000221 
-0.021720 0.007244 -0.000308 0.001105 0.000692 -0.000765 -0.001271 0.000718 
-0.016245 -0.000448 -0.001528 -0.001732 -0.000288 0.000402 -0.002308 -0.000967 
0.005201 0.006991 -0.000529 0.001289 0.000706 0.001946 0.000676 0.001328 
-0.049616 -0.004388 -0.000028 0.002938 0.002412 -0.001406 0.000034 0.000515 
0.025191 0.004025 -0.000412 0.002494 -0.000217 0.000425 -0.002197 -0.000292 
-0.074545 -0.002714 0.001441 -0.001422 0.001360 -0.002980 0.000718 -0.000768 
0.047037 0.004517 -0.001129 -0.000462 -0.001683 0.001350 0.002388 0.000746 
-0.101143 -0.005622 -0.001026 0.002264 -0.000445 0.001688 0.000032 0.003453 
0.062652 0.000380 -0.000668 -0.002529 0.001129 -0.000391 -0.000241 0.003219 
-0.110359 -0.005778 0.004547 -0.004375 0.001697 0.000400 0.002308 0.001015 
0.071026 -0.009859 0.005209 0.000073 -0.004156 0.002132 -0.002233 0.002002 
-0.090768 -0.009167 0.003301 -0.005915 0.006261 -0.000094 -0.004248 0.003899 
0.090292 -0.016252 0.008256 -0.002057 -0.001243 0.004579 -0.003083 0.002167 
-0.177668 0.033277 -0.017544 0.003819 0.005624 -0.002550 -0.003583 0.010250 
0.104789 -0.042274 0.038540 -0.017192 0.011656 -0.008243 0.004138 0.001247 
0.028454 0.001781 0.001485 0.000316 0.000058 0.000702 -0.001405 -0.000890 
-0.026366 0.000360 -0.001595 -0.001013 0.000958 0.000788 -0.001192 0.001545 
0.017561 -0.002600 -0.001963 -0.000169 -0.000569 -0.000750 0.002019 -0.000030 
-0.017403 0.003676 0.002042 -0.000407 -0.000377 -0.002984 -0.001594 -0.001968 
0.006671 0.000733 0.001885 0.003002 -0.001747 -0.003040 0.000188 0.001591 
-0.005948 0.001388 0.001434 0.001455 -0.000900 0.002247 0.001806 0.000749 
-0.004715 0.000850 0.001984 -0.001235 -0.001965 0.002852 -0.001648 -0.000313 
0.000278 0.005058 -0.001227 -0.001777 0.000160 0.001067 0.000152 0.000823 
-0.004875 -0.001072 -0.001598 -0.001387 -0.000760 0.002142 0.000913 0.000845 
0.009002 0.003703 0.000385 -0.003126 -0.002083 0.001917 -0.000724 0.002002 
-0.014260 0.005636 0.001875 0.001204 0.001572 -0.000178 -0.000415 -0.000309 
0.015705 0.002782 -0.000643 0.000051 -0.003616 -0.001089 0.000060 0.003291 
-0.019932 -0.000480 -0.002437 -0.000248 0.000476 0.001989 -0.002027 -0.000123 
0.019668 0.000260 -0.000743 -0.001118 0.000590 -0.000134 0.001238 0.001102 
-0.025250 -0.002614 0.002134 -0.000993 0.003099 -0.002640 -0.004389 -0.002004 
0.027960 0.001236 -0.000649 -0.000014 -0.000256 0.001276 0.000327 0.000198 
-0.028897 -0.001907 -0.001151 -0.002281 0.001490 0.000445 -0.003584 0.004509 
0.036418 -0.004414 -0.000713 0.002510 0.000915 0.002162 0.000614 0.002956 
-0.036918 0.038782 -0.009381 -0.003014 0.006226 0.003281 -0.005896 0.000038 
0.040240 -0.016942 0.016083 0.012990 -0.001974 -0.002593 -0.004792 -0.001765 
0.004010 0.002375 -0.001113 0.000387 0.000573 -0.000432 -0.001913 0.001672 
-0.004394 -0.001178 -0.004518 0.000188 -0.001551 -0.001122 -0.001052 -0.001795 
0.005010 0.002242 -0.000958 0.003463 0.004414 -0.002383 0.002052 0.000700 
-0.006606 0.000550 0.000636 -0.003136 0.002025 0.000636 0.001698 -0.000902 
0.002152 0.001628 0.000377 0.000490 0.001545 0.000300 0.001407 -0.000611 
-0.003381 -0.001903 0.000707 0.001136 -0.000775 0.001623 -0.000017 -0.001204 
-0.000229 0.000482 -0.001358 -0.000649 -0.000014 0.001452 -0.001003 -0.002722 
0.002313 0.001947 0.001649 -0.004368 0.001058 0.000318 0.000196 0.000920 
-0.003031 0.001210 0.000224 -0.003531 -0.001860 0.000737 0.002989 -0.001739 
0.001036 0.000531 -0.000587 0.000940 -0.001303 0.002018 0.000371 -0.002061 
-0.003373 -0.000000 -0.000528 -0.001078 0.000538 -0.004430 -0.001758 0.002565 
0.004581 0.001056 -0.000436 0.000941 0.002044 -0.000644 -0.001961 -0.000207 
-0.002816 0.003406 -0.001042 0.000676 -0.000077 0.000703 0.000279 0.000873 
0.008539 0.003009 -0.000385 0.000152 -0.000610 -0.000592 0.001395 0.000519 
-0.004690 -0.000146 -0.000657 0.000169 -0.000564 -0.000666 0.002096 0.001715 
0.006930 -0.001595 0.000055 0.000424 0.001595 -0.002141 -0.000816 -0.002547 
-0.017629 0.000459 -0.000626 0.000552 -0.000765 0.001037 0.000282 0.000861 
0.012669 -0.001359 0.001129 0.000779 0.003152 0.002012 -0.001239 0.000563 
0.041248 0.000437 -0.016108 -0.003442 0.004567 0.004781 0.000920 -0.003988 
0.037319 0.002016 0.002777 0.003812 -0.004681 -0.001506 0.000567 0.004027 
-0.003164 -0.002504 0.001110 -0.001421 -0.000623 0.001193 -0.002490 0.001215 
-0.025188 -0.001677 0.000756 -0.000307 -0.000342 0.001432 -0.000371 0.000088 
-0.002812 -0.002645 0.001204 0.003356 -0.001170 -0.002453 -0.000229 0.001531 
-0.022063 -0.000991 0.000990 -0.001048 0.002783 -0.001027 -0.002295 0.001411 
0.001283 0.000902 0.001333 0.001801 0.000519 -0.002102 -0.002639 0.001324 
-0.007302 -0.002719 0.003083 -0.000624 -0.002403 0.001408 -0.001547 0.001166 
-0.001817 0.000059 0.000686 0.000313 0.000489 -0.001121 0.003428 -0.001774 
0.002009 -0.003015 0.001170 0.001769 0.000379 -0.000444 0.000973 0.001149 
0.006013 0.001117 -0.002188 -0.000913 -0.000471 -0.000980 -0.000778 0.001956 
0.014003 -0.006450 0.003102 -0.000032 -0.001994 0.000674 -0.000179 -0.002352 
0.003388 0.004227 0.000563 0.001468 -0.001415 -0.000245 -0.001339 -0.001810 
0.028344 -0.002618 0.000330 -0.001925 -0.001425 0.001590 0.002531 0.001776 
0.010618 0.002770 0.000134 -0.000405 -0.000575 0.000430 0.000156 0.001209 
0.038195 -0.002563 0.001599 0.001260 -0.001307 -0.002743 -0.003537 0.001204 
0.007568 0.004174 -0.001468 -0.000556 -0.001908 0.003178 0.000784 0.000528 
0.043105 -0.002683 0.001432 -0.002685 0.000461 0.001798 0.001844 -0.003282 
0.007901 -0.001756 0.003120 -0.003091 -0.001669 0.001987 -0.000189 0.003729 
0.037376 -0.000612 0.004995 -0.000506 0.003955 0.001703 0.003941 -0.006278 
-0.010019 0.003528 -0.004485 -0.005935 -0.003936 0.010282 -0.005351 0.001578 
-0.000903 -0.003875 0.005525 0.000695 0.008792 0.004997 -0.000124 0.002128 
0.110270 0.001931 -0.002361 0.000568 0.001091 -0.000034 0.000007 0.000803 
-0.147258 -0.015119 -0.002365 0.002040 -0.004006 0.000663 0.001531 -0.000621 
0.055081 0.003663 0.003099 -0.002104 -0.000378 0.002641 -0.000831 0.001195 
-0.090420 -0.000845 -0.000054 -0.000830 0.000384 -0.001027 -0.001079 0.000080 
0.018953 0.002042 -0.000365 -0.001488 0.000866 0.000805 -0.001175 0.001072 
-0.036199 0.004489 0.002505 0.003007 -0.000292 -0.001050 0.000697 -0.000637 
-0.016707 0.001515 0.000078 0.001538 -0.000263 0.001002 -0.000917 0.000113 
0.011700 0.005378 0.001464 0.001612 -0.000621 0.001098 -0.002038 0.000636 
-0.044884 -0.002107 0.002556 -0.000102 -0.000576 -0.000128 0.003044 -0.001243 
0.053977 0.000396 0.001490 -0.001720 0.000092 0.000779 -0.002845 0.000181 
-0.076140 -0.003860 0.000497 -0.001948 0.000057 -0.001684 -0.000101 0.001528 
0.100710 -0.005504 0.001057 0.000365 -0.001823 -0.000055 -0.001396 0.001545 
-0.103074 -0.010576 0.002008 -0.000289 0.000639 -0.002361 -0.001559 -0.000807 
0.137070 -0.012674 -0.001650 0.000511 -0.001183 0.000720 -0.000904 0.000864 
-0.114689 -0.017418 0.004177 -0.002813 0.000430 -0.001507 0.001079 0.002090 
0.165226 -0.023926 0.000615 -0.000077 0.000004 0.000851 -0.001948 -0.001069 
-0.106874 -0.029928 0.003193 -0.000730 -0.000338 0.001257 0.000390 0.002198 
0.185360 -0.022319 -0.002940 0.000952 0.001599 -0.002173 -0.000380 -0.002263 
-0.176493 -0.014226 0.003774 -0.001480 0.004151 -0.000074 -0.004246 -0.001558 
0.211353 -0.056212 0.013496 0.001836 -0.001013 -0.001990 0.004007 -0.004287 
0.008480 -0.001394 0.001924 -0.001111 0.000947 0.000410 0.003243 -0.002450 
-0.020263 0.002256 -0.002608 -0.000956 0.002315 -0.001976 -0.001066 -0.000612 
0.005315 -0.001641 -0.000354 -0.002088 0.001929 -0.001697 0.000303 -0.002388 
-0.011242 0.000683 0.001032 0.000613 0.000115 0.002135 0.000923 -0.002585 
0.002762 -0.000434 -0.000005 0.001479 -0.003441 0.000775 -0.003466 0.001369 
-0.003306 0.001985 0.000827 -0.000497 0.000552 0.001337 -0.000495 -0.001288 
-0.003839 0.000778 -0.001040 -0.001065 0.001027 0.002009 -0.000014 -0.004307 
0.000292 0.002627 0.001981 -0.000642 0.001284 -0.000137 0.002809 -0.001099 
-0.002168 -0.000290 0.000064 -0.001055 0.000356 0.002628 0.001142 0.000147 
0.009357 0.002314 0.001936 0.000927 -0.004202 -0.001024 0.001845 0.000299 
-0.004893 -0.000479 0.001236 0.000659 -0.001766 0.003955 -0.000522 -0.002447 
0.014051 -0.000737 0.002366 0.001810 -0.000972 0.001991 0.002567 -0.000914 
-0.009886 -0.004366 0.000660 -0.004757 -0.003055 0.002617 -0.001382 -0.002855 
0.014279 -0.002587 0.001592 0.000197 -0.004672 -0.000297 0.000894 -0.001769 
-0.007276 -0.004088 -0.002613 -0.003134 0.000574 0.004531 -0.003867 -0.002680 
0.017534 0.001500 0.000058 -0.001652 0.001524 0.004412 0.000274 -0.001676 
-0.009655 0.005202 -0.004866 -0.002809 0.005320 0.001875 -0.002479 -0.006525 
0.014300 -0.003250 0.000356 0.000899 0.002669 0.004651 0.000787 -0.003268 
-0.017063 0.044203 -0.016406 -0.003006 0.013904 0.004266 -0.007003 -0.006248 
0.039421 -0.018842 0.009456 0.007714 -0.002545 -0.001021 -0.009035 0.002435 
0.008792 -0.002285 -0.001665 0.003716 -0.000562 0.002815 -0.000965 0.000033 
-0.012872 0.002366 -0.000564 -0.002482 -0.000455 -0.002913 -0.000883 0.000970 
0.008304 -0.003149 -0.000147 -0.003113 -0.003372 -0.001786 -0.003060 0.000903 
-0.008876 0.004280 0.001273 0.001186 -0.000745 0.001137 -0.003636 -0.002849 
0.002169 0.002809 -0.000401 0.000439 0.001367 0.000658 0.001647 0.001381 
-0.005399 0.003740 -0.000249 -0.000759 -0.002265 0.000799 -0.000401 -0.000188 
-0.000764 0.000264 0.001330 0.000094 0.001910 0.002167 -0.000686 0.001350 
0.001155 0.002139 0.000179 -0.000882 -0.001952 0.002870 -0.001605 0.001660 
-0.003126 -0.000038 -0.006225 -0.001639 0.003457 0.001479 0.000147 -0.000412 
0.007472 0.001695 0.000412 0.001601 -0.002150 0.002130 -0.000025 -0.001007 
-0.008246 0.000410 0.004919 -0.001532 -0.001334 0.001604 -0.000228 0.001965 
0.008915 0.002287 -0.001577 0.001932 -0.002714 0.001162 0.000771 0.000549 
-0.005440 -0.005060 -0.000961 -0.003628 0.000307 -0.001411 -0.000225 0.001186 
0.012397 -0.000344 0.000602 0.003596 -0.004025 0.003585 0.003453 -0.002922 
-0.006340 -0.003424 -0.003089 -0.002075 0.002036 0.003319 -0.004248 -0.001621 
0.008304 0.001311 0.004522 0.001448 -0.005170 0.002377 0.000272 0.000570 
-0.007029 0.002643 -0.005700 -0.004808 0.002278 0.002128 -0.006479 -0.002218 
0.011171 -0.001114 0.005064 0.005125 -0.006596 -0.001901 0.000548 0.000296 
-0.017428 0.022836 -0.017874 -0.001417 0.012783 -0.000612 -0.010795 -0.003342 
0.000717 -0.011469 0.014980 0.016389 -0.002068 -0.000759 -0.006728 0.003672 
0.016031 -0.006793 -0.002875 0.001359 -0.000262 -0.000027 0.001172 -0.000321 
-0.006721 0.002905 -0.002397 0.000052 -0.000314 -0.000182 -0.001870 -0.000284 
0.011299 -0.003332 0.002751 0.001324 -0.001591 -0.000737 -0.001909 -0.000380 
-0.007267 0.002054 0.002815 -0.002883 0.000628 -0.000969 -0.002948 0.000469 
0.000830 -0.001352 -0.000715 -0.000245 -0.000369 -0.000589 -0.000846 0.000203 
-0.003834 0.005676 0.002309 -0.002394 -0.000139 -0.001161 -0.000643 0.002299 
-0.002546 -0.000039 0.001248 0.000565 0.001379 0.002019 0.000215 0.001872 
-0.000294 0.004131 -0.000688 -0.000735 0.000943 0.000708 0.000218 -0.000273 
-0.004981 0.000467 0.000026 -0.001423 0.000489 0.000385 -0.003620 -0.000294 
0.003649 0.003790 0.003879 0.001024 -0.000717 0.000379 0.000150 -0.003529 
-0.008685 0.004402 0.000274 -0.001611 0.002321 0.000951 -0.002298 0.000033 
0.011023 0.002303 -0.001045 -0.004081 -0.005559 0.000965 0.000379 0.000302 
-0.012309 0.001194 0.003424 -0.000869 0.004041 0.002881 -0.006674 -0.000124 
0.006118 0.001404 0.001860 0.000391 -0.004510 0.001304 0.001714 0.000592 
-0.013734 0.001847 -0.005328 -0.002903 0.002002 0.003644 0.000075 -0.001070 
0.005599 -0.001073 0.001597 -0.001344 -0.001791 0.004770 -0.001092 -0.001751 
-0.012293 0.008039 -0.005103 -0.002308 0.011562 0.002125 -0.008937 -0.000046 
0.008640 -0.001532 0.004090 0.003699 -0.003209 0.004878 0.001964 -0.002004 
-0.017172 0.035218 -0.017648 -0.005207 0.011984 0.000776 -0.007037 -0.000243 
-0.017255 -0.010631 0.011531 0.007444 0.000280 0.005270 0.000061 0.001724 
0.013205 -0.004571 0.000694 0.000274 0.001719 -0.003117 -0.001516 0.002450 
-0.003700 0.005860 0.002549 0.000694 0.000356 0.001601 0.001505 0.000053 
0.007899 -0.002239 -0.001865 -0.001796 0.000478 -0.001441 -0.000098 -0.004051 
-0.007037 0.002135 0.001193 0.001912 -0.002912 0.000360 0.002182 0.000754 
0.005796 -0.001815 0.000715 -0.002238 0.000829 0.000258 0.001841 -0.000852 
-0.002659 0.005277 -0.000399 0.000861 -0.001915 0.002888 -0.000327 0.000640 
-0.001241 0.002891 0.000779 0.001104 0.001672 0.000086 0.000768 0.001131 
0.002858 0.005205 0.001478 0.000869 -0.000956 -0.000641 -0.000314 0.002135 
-0.004165 0.000372 0.001104 -0.000123 0.001246 0.002726 -0.004117 -0.001887 
0.005761 0.000996 -0.001502 -0.000714 0.000946 0.000584 0.000016 0.002443 
-0.009127 0.004746 -0.001969 0.001046 0.002053 0.000476 -0.000332 0.000244 
0.000479 0.004188 0.002880 0.000446 0.000565 0.001111 -0.000564 0.002303 
-0.009533 0.000142 0.001495 0.000375 0.001107 -0.000773 -0.001964 0.000030 
0.004771 0.002923 0.002900 0.001787 -0.003386 0.003465 -0.000831 0.003677 
-0.012125 0.002808 -0.000948 -0.006418 0.001933 0.002093 0.000474 0.001985 
0.009345 0.004470 0.001577 0.003989 -0.003699 0.002411 0.000267 0.002071 
0.000814 0.012154 -0.006709 -0.001361 -0.000625 0.004047 0.002665 -0.000763 
0.001166 0.001569 0.001130 0.000134 -0.006424 0.002054 0.000680 0.001229 
-0.003284 0.035195 -0.013015 -0.001488 0.010153 0.000944 -0.002761 0.001088 
-0.000417 -0.008582 0.011398 0.014151 -0.004115 -0.003923 -0.008560 0.004702 
0.010152 -0.003012 0.001879 -0.002231 0.001515 0.001103 0.000133 0.001259 
-0.001006 0.004704 0.000567 0.000609 0.001616 -0.003472 -0.000240 -0.002104 
0.005117 -0.002961 0.000879 -0.001309 -0.000643 0.000894 0.000663 0.000021 
-0.007725 0.006448 -0.001892 0.000557 -0.001608 -0.001155 -0.000879 0.000073 
0.004140 0.000865 -0.001926 0.000167 0.000450 0.000903 -0.000517 0.001961 
0.000895 0.004544 -0.003931 -0.001336 -0.001199 -0.000937 -0.001098 -0.000212 
-0.004891 0.000901 -0.000643 0.000244 0.001050 -0.002218 -0.000542 -0.001354 
-0.001759 0.003438 0.002618 -0.002269 -0.001311 0.000433 -0.000448 -0.000100 
-0.004212 -0.000064 -0.002314 0.001796 0.002651 0.001839 -0.001613 0.001712 
0.000300 0.004626 0.001029 -0.001321 -0.002938 -0.001703 -0.001092 -0.000147 
-0.001587 0.000767 0.004871 -0.000494 -0.002591 0.001874 -0.002796 0.000222 
0.007400 0.003012 -0.001671 -0.000488 -0.001646 0.000700 0.002158 -0.000556 
-0.007678 -0.001304 -0.001104 0.000046 0.001469 0.001115 0.000910 -0.000381 
0.001339 -0.000669 -0.000016 -0.000482 -0.003002 0.002299 -0.001084 0.000312 
-0.010960 0.005919 0.000143 -0.001268 0.002020 0.000962 -0.004858 0.001547 
0.002316 0.003510 0.003721 0.001939 -0.003498 0.003008 0.000132 -0.000308 
-0.005862 0.003472 -0.006533 -0.002867 0.000188 0.000708 -0.001560 0.002608 
0.003001 0.002933 0.003070 0.002744 -0.001404 -0.003489 -0.001571 -0.002157 
0.021316 0.006854 -0.011135 -0.004569 0.010987 0.000851 -0.005951 -0.005446 
-0.012591 -0.003973 0.010028 0.012725 -0.003470 -0.001771 -0.005050 -0.001046 
0.005295 0.000291 0.000112 0.001422 -0.003087 -0.001854 0.001031 0.000181 
0.002797 0.001687 -0.000127 0.000694 0.000107 -0.002435 0.000426 0.000734 
0.007436 0.000974 -0.001663 0.002058 -0.001656 0.000551 -0.000771 0.001328 
0.000423 0.002943 -0.004388 0.000723 -0.002815 0.001465 0.000143 -0.002089 
0.002729 -0.000124 -0.001986 -0.002830 -0.002110 0.001161 0.001594 0.000355 
-0.003257 -0.000277 0.000767 -0.000270 -0.000099 0.001672 0.002433 0.001197 
0.002520 0.000017 0.000464 -0.000314 -0.001468 0.001588 -0.000671 -0.000165 
0.001569 0.003124 0.003158 -0.000759 -0.001713 -0.000642 -0.000313 0.000206 
-0.001765 -0.001960 0.002313 0.000807 0.003467 -0.002214 -0.000328 0.001747 
0.000951 0.000199 0.001443 -0.003342 -0.001504 -0.001035 0.001923 0.003087 
-0.006032 0.000100 0.000505 -0.000632 -0.001659 -0.001013 -0.000555 0.000177 
0.000974 0.001718 0.001885 -0.003406 -0.000144 0.001343 -0.002133 0.003049 
-0.008345 0.002499 -0.001534 -0.000332 0.000515 -0.002200 -0.002405 -0.000391 
0.005547 0.001624 0.003442 -0.000648 -0.000077 0.002065 -0.000791 0.000235 
-0.004206 0.002721 -0.002580 -0.002264 0.001408 -0.006381 -0.001278 0.001942 
-0.005359 -0.001610 0.005567 -0.002193 0.000829 0.003295 0.004067 0.001063 
-0.009901 -0.003199 0.003210 -0.001569 0.002352 -0.001467 0.001955 -0.000535 
-0.001125 0.001521 0.001814 0.001425 -0.001032 -0.001386 0.000363 0.002667 
0.017848 0.024889 -0.011676 -0.002883 0.009266 -0.005361 0.000487 0.000062 
0.001375 -0.006274 0.004423 0.010719 -0.003316 -0.002374 -0.001241 0.009734 
0.002032 0.001141 0.002141 -0.002009 0.000589 -0.003343 -0.000110 0.001256 
0.001593 0.003533 -0.004015 -0.001109 0.003420 -0.001217 0.001426 -0.001238 
0.002623 0.003408 -0.000207 -0.001530 0.000529 -0.000989 -0.001963 0.001259 
-0.002630 0.001484 0.000035 -0.002953 -0.001344 -0.001187 0.002226 0.001551 
0.001934 0.002570 -0.000326 0.001723 -0.000937 -0.003321 0.001826 -0.000817 
-0.001813 -0.001059 -0.003174 -0.002758 0.001957 -0.000084 0.002108 0.000924 
-0.000662 -0.000625 -0.001263 0.000244 0.001254 0.000271 0.002420 0.000911 
0.001649 0.002306 -0.000522 -0.001205 -0.001108 0.003337 -0.001947 0.002824 
-0.002310 -0.003285 0.002429 0.000012 0.003705 -0.002836 0.000952 -0.000995 
0.003528 0.000893 -0.000453 -0.001878 -0.003170 0.002188 0.002455 0.002894 
-0.003017 -0.004025 0.002382 0.000740 0.001081 0.000973 0.001724 -0.000061 
0.002546 -0.000585 -0.001273 -0.004414 -0.002410 -0.003123 -0.000525 -0.000908 
-0.000428 -0.001794 0.002008 -0.000274 0.003360 0.002528 -0.003915 0.001393 
0.001971 0.000944 -0.002038 0.000370 0.001015 0.000681 0.001499 0.000221 
-0.001501 -0.004571 -0.001202 -0.001605 0.000568 0.002315 -0.000745 -0.002231 
0.001704 -0.000554 0.000643 -0.003005 -0.000091 0.001053 -0.004473 0.000986 
-0.004442 0.002603 -0.001440 -0.005432 0.001488 0.003379 -0.002849 0.001855 
-0.002318 -0.000407 -0.002239 0.002158 -0.001976 0.006161 -0.001131 -0.003042 
0.024658 0.005125 -0.016564 -0.001636 0.006520 0.002625 -0.000761 -0.003636 
-0.000314 -0.003640 0.012076 0.002520 -0.001089 0.004283 -0.006171 0.010654 
0.001034 0.001458 -0.001685 -0.001097 -0.003066 0.000957 -0.003598 -0.002214 
-0.000341 0.000043 0.003516 -0.000434 -0.002293 -0.001211 0.000414 -0.000399 
0.000904 0.001718 0.001855 0.001643 0.001633 0.001659 -0.000416 0.001252 
-0.003919 0.001122 0.000304 0.000019 0.001095 0.003557 -0.003989 -0.001868 
0.002879 -0.001141 -0.000822 -0.000296 -0.003632 -0.001644 -0.000088 0.000810 
-0.002678 0.000788 -0.000942 -0.000816 -0.000211 -0.000679 0.001130 0.001142 
-0.001055 0.001383 0.000423 0.002345 -0.001760 -0.000757 0.001934 0.002426 
0.001904 0.000253 -0.002636 -0.000860 -0.003524 -0.002574 -0.003869 -0.001496 
0.000288 -0.001413 -0.003410 0.000068 0.001217 -0.001186 0.000770 -0.002912 
0.000817 -0.000012 -0.002988 0.000965 -0.000644 0.002702 0.000468 -0.000167 
0.000405 -0.002941 0.000261 0.000618 -0.002378 0.001687 -0.000103 -0.001368 
0.003078 -0.001870 0.002164 -0.000687 -0.000126 0.001683 0.000460 0.002534 
0.000966 -0.003976 0.001457 -0.003100 0.000983 0.000613 -0.001561 -0.002089 
0.004048 -0.004397 0.000349 -0.000035 -0.002532 0.000796 -0.003806 -0.002346 
-0.001776 -0.000916 -0.000045 0.000457 0.001668 0.000149 -0.001500 -0.003535 
0.002795 -0.002302 0.002898 0.000657 -0.000808 0.001018 -0.000437 0.000102 
-0.005907 0.004316 -0.000477 -0.001545 0.002917 0.003466 -0.003312 -0.001131 
0.006353 -0.003779 0.002442 -0.002107 -0.006056 0.003811 0.000669 0.001237 
0.011862 -0.000868 -0.001757 -0.006112 0.000577 0.007278 -0.007178 -0.001443 
-0.002623 -0.001483 0.003418 0.004676 -0.002142 -0.003881 0.001083 -0.006383 
-0.001943 -0.002264 -0.002424 -0.000503 0.001551 -0.001488 0.000594 -0.002974 
-0.000095 -0.000083 -0.000352 -0.000219 0.001719 0.000370 0.001308 -0.002870 
0.003480 -0.001273 0.000052 -0.000258 -0.000092 -0.000977 0.001393 -0.001483 
-0.003166 -0.000827 -0.003661 -0.001624 0.000055 -0.002584 0.003586 -0.000908 
-0.001336 -0.000899 -0.001084 -0.000486 -0.000212 -0.000591 -0.001514 -0.000914 
-0.000380 0.000418 0.002622 0.000737 -0.000689 -0.001443 -0.002044 0.000273 
0.000790 -0.000611 -0.001018 0.000528 -0.003396 0.000230 -0.002301 -0.000511 
0.000375 0.002359 0.000704 0.000342 -0.000343 -0.000520 -0.000673 0.002179 
-0.000093 0.002973 -0.000121 0.001154 -0.000668 0.001410 -0.000793 0.001028 
0.000418 0.001176 0.000147 0.000844 0.001925 0.000438 -0.002883 0.000277 
-0.001141 0.000982 -0.001617 -0.004531 0.000370 -0.002591 -0.000902 -0.000253 
0.001852 0.000768 -0.000787 -0.000290 -0.003569 -0.001646 0.001115 -0.003083 
0.003196 0.001292 -0.000765 -0.002656 -0.001934 0.004597 0.002356 0.001295 
0.001679 -0.004765 -0.002363 -0.002254 -0.001365 0.003278 -0.000276 0.000021 
0.000186 0.001717 -0.001062 -0.001581 0.005457 0.000715 -0.002266 0.001828 
0.004834 -0.005109 0.002522 -0.000222 -0.006216 0.002798 0.002210 -0.002638 
-0.002286 0.000529 -0.002991 -0.000018 0.005214 0.002434 0.000486 -0.002382 
0.000780 -0.005066 0.003758 -0.000675 -0.000711 -0.002407 -0.004623 -0.003569 
0.013439 0.005503 -0.012053 -0.006301 0.003051 0.003687 -0.003288 -0.005714 
0.001336 -0.008997 0.005071 0.007335 -0.002617 0.004002 -0.005698 0.003955 
-0.001398 0.003661 -0.001245 0.000659 0.002320 -0.000142 -0.002311 -0.000263 
-0.003182 0.001708 -0.001818 -0.002064 0.002000 -0.000381 -0.000046 0.001570 
-0.002257 -0.004166 0.000986 -0.002415 0.000879 0.000748 0.000339 -0.001908 
-0.003966 0.001115 -0.000570 0.002861 -0.000546 -0.002009 0.001676 -0.000464 
0.000960 -0.000098 0.001130 0.000012 -0.002028 -0.001342 0.000897 -0.002902 
-0.002019 0.002572 0.001271 -0.001441 -0.001404 -0.001155 0.000684 -0.000851 
-0.000468 -0.001397 0.002294 -0.002618 0.000350 0.002144 -0.001046 -0.001933 
0.002398 0.001521 -0.003028 0.000963 0.001414 0.000213 -0.001167 -0.001438 
-0.002972 0.000278 0.002399 0.001543 -0.001029 -0.000362 -0.001550 -0.000125 
-0.000200 -0.000843 -0.000848 0.000476 -0.000749 0.000296 0.001673 -0.000133 
-0.000111 -0.000825 -0.000269 -0.000818 0.002021 0.002202 0.001030 -0.002327 
0.005005 -0.000865 0.001432 -0.000746 -0.002809 0.001702 0.000539 0.001629 
-0.001526 -0.001524 -0.000388 -0.002035 -0.001370 0.000451 0.000435 -0.004000 
0.005374 -0.002501 0.001360 0.000220 0.000886 0.000639 0.002199 0.001317 
-0.000715 -0.000375 -0.000953 -0.002115 0.002174 0.001843 -0.000640 0.000864 
-0.000056 0.001140 0.000827 -0.001607 0.001936 0.003532 0.002452 0.000971 
0.004948 0.004205 -0.004884 -0.002410 0.005306 0.001373 -0.006394 -0.003923 
-0.001857 0.004824 0.005020 0.000037 -0.001940 -0.001587 0.003365 -0.002527 
0.020079 0.006286 -0.011862 -0.002519 0.006285 0.003000 -0.000191 -0.000842 
0.018362 0.002182 0.006835 -0.001550 0.002213 0.000374 0.003934 -0.005287 
0.000685 -0.001168 0.001801 0.000592 -0.000359 0.002448 0.003222 0.002638 
-0.003498 0.000175 -0.002583 -0.001459 0.002412 -0.000015 -0.002316 -0.000377 
0.001152 0.001181 0.001158 0.001667 -0.000057 0.001197 -0.000217 0.001854 
-0.004886 0.002551 0.002626 0.001337 0.000203 -0.000048 -0.002265 0.002034 
-0.000605 -0.001645 0.000557 0.000582 -0.002226 0.000947 -0.000049 -0.000987 
-0.001831 0.001046 0.000620 -0.002640 0.001028 -0.000793 0.000943 0.001039 
-0.000191 -0.001886 -0.000818 -0.001317 -0.000539 0.002413 -0.001866 -0.000370 
0.000509 0.000046 0.001191 -0.000484 0.001435 0.000668 -0.000823 -0.001850 
0.000750 -0.002567 -0.002789 0.003008 -0.000605 0.001630 0.001141 0.000538 
0.003043 -0.000106 0.000199 0.003175 -0.001052 0.002838 0.002176 -0.000089 
-0.001557 0.002503 -0.001484 0.000358 -0.001022 -0.001267 0.000466 -0.002979 
0.006696 0.000851 0.000928 0.001867 -0.001194 0.000287 -0.000386 0.001360 
0.003535 -0.001924 -0.000859 0.000550 0.000204 0.001645 -0.002434 -0.000525 
0.005535 0.001166 0.001017 -0.000216 -0.002339 0.004715 0.001046 0.001269 
-0.000403 -0.002308 -0.004235 -0.000934 0.001567 0.002113 -0.003749 0.000986 
0.005032 0.003028 0.000093 -0.001463 -0.001939 0.006534 0.005000 -0.001122 
0.005919 0.000033 -0.004968 -0.004362 -0.002054 0.001016 -0.001487 -0.000837 
0.003919 0.004127 0.001119 -0.001567 -0.003868 0.004269 0.002155 0.002884 
0.012373 0.010112 -0.013453 -0.005874 0.004284 0.007862 -0.007844 -0.005502 
-0.012347 -0.004140 0.006130 0.004608 -0.002158 0.004739 -0.000799 0.000820 
-0.005212 -0.006149 0.002350 -0.001875 -0.000457 0.002103 -0.001127 0.000474 
-0.015976 0.002488 -0.000412 0.001696 0.001222 0.001552 -0.003631 0.000031 
-0.005709 -0.004302 -0.000318 -0.001178 0.002327 0.000440 -0.000502 0.002372 
-0.011737 0.000422 -0.001214 -0.001449 0.001932 0.000671 -0.000295 0.002923 
0.000654 0.001103 -0.002620 -0.000879 -0.001171 0.000850 0.001560 -0.002108 
-0.002648 0.000656 -0.000342 0.001095 -0.001832 -0.001381 0.002012 -0.001449 
0.000426 -0.000985 -0.000661 -0.004798 0.001032 0.000390 -0.001174 -0.000656 
0.001043 -0.001680 -0.003447 -0.001985 0.000233 0.002025 -0.000011 0.000522 
0.001742 0.002257 -0.002689 -0.000824 -0.003652 0.000821 -0.000146 0.001344 
0.004689 -0.003164 0.002347 -0.001584 -0.003038 -0.000711 0.001229 -0.004203 
0.005151 0.005050 -0.002580 0.000257 -0.000746 0.002148 0.001504 -0.002720 
0.012919 0.000221 -0.005749 0.000661 0.002228 0.004293 -0.000170 -0.000458 
0.009326 0.006440 -0.000689 -0.001526 0.001805 0.000640 0.002209 0.002093 
0.015493 -0.003562 -0.000552 -0.005204 -0.001912 0.005543 -0.000689 0.000802 
0.006476 0.008263 -0.004828 -0.004130 -0.001866 0.006203 -0.000028 -0.001181 
0.023423 -0.002378 -0.000786 0.001239 -0.000323 0.003820 0.001841 -0.002854 
0.008353 0.007552 -0.005203 -0.005310 0.000483 0.002588 -0.003331 -0.002501 
0.014369 -0.004145 -0.004266 -0.001648 -0.003991 0.006164 0.001346 -0.001570 
-0.004067 0.007771 -0.009634 -0.007244 0.005849 0.007239 0.007371 -0.002401 
0.011780 -0.008747 -0.000052 -0.004817 -0.001495 0.005277 -0.002150 0.000338 
-0.007131 -0.008686 0.005805 -0.001333 -0.001043 0.002846 -0.002393 0.000071 
-0.032080 0.000633 -0.000419 -0.003849 0.001171 0.000269 -0.003627 -0.002979 
0.000342 -0.009834 0.003360 -0.000095 -0.001501 0.000755 0.000241 -0.000568 
-0.019186 0.000022 0.002114 -0.002524 0.000036 0.002297 -0.000280 -0.001905 
0.000706 -0.001015 0.002993 -0.001820 -0.001569 0.003887 0.000554 0.002779 
-0.006012 -0.001269 0.004127 -0.004254 0.002494 0.002751 -0.002572 -0.000499 
-0.000655 -0.000471 0.004762 -0.002809 0.000562 0.003666 0.000023 0.000839 
0.001166 -0.003680 0.001136 -0.005583 0.001527 -0.000478 -0.000523 0.000854 
0.004334 -0.003900 0.001312 -0.000182 -0.006760 0.003052 -0.003297 0.002595 
0.010761 -0.000303 0.001001 -0.006332 0.003717 0.002351 -0.000498 -0.000365 
0.003954 0.005949 0.006106 -0.001424 -0.003328 0.006073 0.000450 0.000429 
0.019671 -0.005292 0.000805 -0.007584 0.005713 0.000016 0.000232 -0.001732 
0.006310 0.008800 0.002479 -0.003355 -0.004914 0.006293 -0.000715 0.004684 
0.035135 -0.005135 0.004418 -0.014995 0.000516 0.000389 0.003816 -0.002759 
0.015941 0.010533 0.004281 -0.006647 -0.007327 0.007475 -0.004886 0.002671 
0.040039 -0.009684 0.003212 -0.013925 -0.001623 0.003632 0.001832 -0.007949 
0.014326 0.006071 0.005049 0.000854 -0.013456 0.007883 -0.000903 0.003404 
0.043385 -0.006270 0.010008 -0.020713 0.003047 0.000334 0.004447 -0.005596 
0.008408 0.022293 -0.001410 -0.003799 -0.020003 0.015073 -0.004534 -0.007496 
0.021921 -0.010469 0.007611 -0.017093 0.009864 0.004382 0.004933 0.000228 
-0.011105 -0.007716 -0.000606 0.001247 -0.005122 0.004521 0.000844 0.005594 
-0.048317 -0.000950 0.008190 -0.002340 -0.001305 0.002262 -0.001428 -0.000445 
-0.005219 -0.007118 -0.000245 0.003919 -0.005141 0.003474 -0.001608 0.001694 
-0.031144 0.000819 0.007467 0.001575 0.000013 0.003174 -0.003335 -0.002609 
-0.000583 -0.002776 0.003459 0.003854 -0.001634 0.005607 0.003028 0.002797 
-0.009851 -0.001380 0.006401 -0.000617 0.001698 0.006278 0.002133 -0.000273 
-0.001486 -0.004163 -0.002256 0.003847 -0.006790 0.002516 0.002563 0.000861 
0.004315 -0.002354 0.009539 -0.001860 0.003040 0.008440 0.000181 -0.000598 
0.004720 -0.001526 -0.002580 0.001673 -0.009765 0.002599 0.001253 0.004141 
0.023051 -0.002018 0.008237 -0.002651 0.006570 0.009468 0.004065 -0.000993 
0.004121 -0.000552 -0.002993 0.001283 -0.011991 0.006003 0.002231 0.005139 
0.039230 0.000148 0.013775 -0.007373 0.010710 0.010087 0.001702 -0.001490 
0.009232 -0.003192 -0.001611 0.001952 -0.015907 0.011164 0.002429 0.005397 
0.055790 -0.000328 0.016126 -0.008947 0.013955 0.011973 0.005051 0.002430 
0.011676 -0.003938 0.003749 -0.003866 -0.017683 0.008871 -0.002400 0.006631 
0.067996 -0.003473 0.023314 -0.015413 0.013036 0.012086 0.009984 -0.002866 
0.015014 0.004666 0.000312 0.001746 -0.013958 0.011834 0.000663 0.007988 
0.072947 -0.002393 0.027054 -0.014402 0.023167 0.021608 0.013799 -0.003168 
0.017618 0.019121 -0.002190 -0.007531 -0.028578 0.020920 -0.000072 0.011706 
0.054825 0.010679 0.039177 -0.018406 0.018089 0.019654 0.009840 0.002587 
0.000015 0.007716 0.019971 -0.003430 0.002487 0.001454 0.023263 0.000748 
-0.027222 -0.040197 0.015848 -0.008157 0.020318 0.017494 -0.005427 -0.005907 
0.004956 0.002855 0.020820 -0.008522 -0.000614 -0.000302 0.022476 0.006689 
-0.008789 -0.035166 0.018348 -0.011659 0.022035 0.014063 0.003741 -0.007096 
0.008281 0.005030 0.020622 -0.009445 0.002850 0.000573 0.016206 0.010629 
0.012742 -0.037735 0.016402 -0.005470 0.029568 0.023335 -0.000008 -0.004576 
0.010123 -0.000819 0.021727 -0.013545 0.001339 -0.002065 0.018226 0.012367 
0.035420 -0.037256 0.017844 -0.011001 0.027872 0.024878 0.000205 -0.007882 
0.018980 0.002184 0.024895 -0.019686 0.003681 -0.006285 0.023090 0.009624 
0.054061 -0.034086 0.028403 -0.012820 0.028049 0.027603 0.005105 -0.005371 
0.011983 0.003808 0.023348 -0.020002 0.003036 -0.005861 0.022133 0.014099 
0.068748 -0.040212 0.033467 -0.006991 0.031868 0.030072 0.000430 -0.001370 
0.015884 -0.012307 0.027673 -0.028213 0.001411 -0.008005 0.030132 0.024161 
0.089696 -0.036382 0.029171 -0.004789 0.028101 0.031257 -0.000329 -0.008110 
0.019372 -0.011724 0.031099 -0.028535 0.002868 -0.002088 0.024876 0.016021 
0.094253 -0.036531 0.028616 -0.002620 0.037163 0.043290 0.004781 -0.001652 
0.003597 -0.001539 0.019564 -0.027187 0.004325 -0.004332 0.032305 0.026528 
0.097100 -0.042126 0.044062 -0.006019 0.044918 0.028973 -0.001524 -0.005461 
-0.003497 -0.013020 0.013253 -0.022343 0.008992 0.006660 0.031330 0.021432 
0.081847 -0.042348 0.036149 -0.002983 0.043193 0.032273 -0.014959 0.004442 
-0.035876 0.000127 -0.000255 -0.000776 -0.000856 -0.001417 -0.001461 -0.000153 
0.014172 0.003043 -0.002530 0.000905 0.001073 0.001142 -0.000525 -0.000588 
-0.033527 -0.000443 -0.001094 -0.001813 -0.000916 0.000316 -0.000203 -0.000521 
0.014044 -0.001464 0.001636 -0.001817 0.001488 0.000425 0.002465 -0.001765 
-0.015950 -0.002587 0.001737 -0.000077 -0.001587 0.002644 0.001755 -0.001359 
0.005274 -0.000390 -0.002686 0.000228 0.000797 0.002547 0.000098 0.001796 
0.005177 0.002034 0.001075 -0.000479 0.004238 0.001103 0.003140 0.001226 
-0.002028 0.000328 -0.000843 -0.001201 -0.001041 -0.000587 -0.000573 -0.000111 
0.024919 -0.001479 -0.000975 0.001449 -0.001436 -0.000681 0.001767 0.001567 
-0.007007 0.001130 -0.000505 -0.000436 0.002049 -0.000005 0.001357 -0.002059 
0.032345 0.004236 0.002022 0.001591 -0.001009 0.000543 0.000653 -0.002117 
-0.011804 -0.002319 0.000756 -0.000777 -0.003048 -0.001467 -0.001050 -0.001477 
0.045505 0.000991 -0.001834 0.001025 0.003240 -0.000699 0.001715 -0.002291 
-0.016354 -0.000800 0.001145 -0.000105 -0.000647 -0.000300 -0.000504 -0.001582 
0.046820 0.002021 0.001345 -0.001361 -0.001164 -0.000266 -0.000091 -0.001638 
-0.013527 0.001536 -0.000082 0.001565 -0.002159 -0.000402 0.000274 0.002806 
0.036796 -0.000591 0.000718 0.000765 -0.001474 -0.000291 0.001681 -0.001279 
-0.018952 -0.002884 -0.001018 0.000542 -0.001245 0.000358 0.001141 -0.001026 
0.025737 0.014531 0.002505 0.001955 -0.001897 -0.003041 -0.000145 -0.000333 
0.006467 -0.000202 -0.000566 0.001060 -0.001410 -0.000007 0.000742 0.001494 
-0.014210 0.001452 0.004222 -0.000181 0.003113 -0.000500 0.005127 0.001428 
-0.006111 -0.000391 -0.003190 -0.000036 0.005132 -0.003019 0.000552 0.002143 
-0.009932 0.003484 -0.001212 -0.002927 0.001581 -0.001567 0.002837 -0.002030 
-0.005335 0.005078 -0.001884 -0.003121 -0.001287 -0.002103 0.001056 0.002214 
-0.004591 0.000508 0.001461 -0.000612 0.003917 0.001671 0.003835 0.002731 
-0.001276 0.006405 0.001707 -0.001679 0.000766 -0.000429 -0.001135 -0.001533 
-0.001382 0.000531 -0.001708 0.000664 0.000445 0.002211 0.006990 0.000472 
0.002579 0.003207 0.004306 0.002878 -0.000071 0.000318 -0.002008 -0.001687 
0.004920 0.000009 -0.000386 -0.002537 0.000495 0.004456 0.006305 0.000838 
0.001992 0.003539 -0.000347 0.000651 0.000844 0.001656 -0.006226 -0.001665 
0.007293 0.001224 0.001425 -0.003210 0.000552 0.001693 0.007487 0.001903 
0.002362 0.002791 -0.000603 0.003737 0.001387 -0.000656 -0.001417 0.002586 
0.010057 0.000921 0.002665 -0.004660 0.002558 0.007181 0.005358 0.003851 
0.002057 0.000993 -0.002874 -0.001016 -0.000320 0.003245 -0.002529 0.004388 
0.014005 0.000661 -0.000081 -0.003988 0.005224 0.007205 0.011614 0.002629 
0.001657 0.002564 0.004711 0.000524 0.003942 0.000603 -0.004042 0.001224 
0.007874 0.005088 0.009244 -0.006623 0.009893 0.008932 0.011051 0.004967 
0.002100 0.002139 0.004975 -0.000604 0.002354 -0.001265 -0.006923 0.007118 
0.003844 -0.010585 -0.002985 -0.013498 0.018226 0.021925 0.022154 -0.000006 
-0.017283 0.000262 0.002892 0.001096 0.005154 -0.002493 -0.006573 -0.000385 
-0.037833 0.001117 0.000008 0.000428 -0.001218 -0.000791 -0.000121 -0.000881 
0.012961 0.003177 -0.001395 0.000988 0.000765 0.003826 0.000654 -0.000361 
-0.035160 0.001186 -0.001675 -0.000343 -0.000124 -0.003865 0.000653 -0.000990 
0.013036 0.000024 0.002719 -0.001464 0.002332 -0.000033 0.001879 -0.000899 
-0.016001 -0.002098 0.003086 -0.000097 0.002056 0.002245 0.001156 -0.000095 
0.005322 -0.000113 -0.002410 0.000040 0.000740 0.002291 0.000469 -0.000389 
0.005387 0.002802 0.002368 -0.000844 0.003092 -0.000373 0.002827 -0.001118 
-0.001521 -0.000528 -0.000069 -0.000323 0.000759 0.001514 0.000490 -0.001034 
0.025623 -0.002127 0.000355 0.000868 0.000546 0.000169 -0.000895 0.000126 
-0.005930 0.001880 -0.001158 -0.002372 0.002697 0.001139 0.002136 0.001042 
0.034147 0.004177 0.002303 0.000196 -0.000644 0.002109 0.001219 -0.003824 
-0.010678 -0.001296 0.001698 -0.000691 -0.002073 -0.000282 -0.002200 -0.001101 
0.047935 0.000774 -0.001006 0.002775 0.003475 -0.002651 -0.000121 -0.000803 
-0.014871 -0.001206 0.002248 0.001610 -0.000841 0.001272 -0.001227 -0.003102 
0.049396 0.001535 0.000416 -0.000764 0.000725 0.002439 0.001581 -0.000915 
-0.012768 0.000946 0.000814 0.002227 -0.001932 -0.000577 -0.001595 0.002678 
0.039173 -0.002934 0.000134 0.001941 -0.001207 0.000219 0.003275 0.000288 
-0.017229 -0.002541 -0.001481 0.001253 -0.000522 0.002462 0.002115 -0.001312 
0.026553 0.008123 0.001623 0.001841 -0.002419 -0.002754 0.000902 -0.001045 
0.004085 -0.000655 0.000291 0.000929 -0.000417 0.000783 0.000729 0.000874 
-0.039650 -0.000970 0.000731 0.000431 -0.001185 0.001107 -0.000153 0.000633 
0.057669 -0.020216 0.000854 -0.003056 0.000434 -0.001557 -0.000774 0.001871 
-0.018506 0.001562 0.000584 -0.001560 0.000099 -0.001492 -0.000148 0.000656 
0.033062 -0.009741 0.000108 -0.003080 0.000571 -0.000144 0.000691 -0.001591 
-0.005317 -0.000562 0.000214 0.001553 -0.001746 0.000031 -0.001225 0.003509 
0.012598 -0.007413 -0.003480 0.000208 0.001786 -0.002840 0.000636 0.000578 
0.007909 0.000335 -0.000020 -0.001498 -0.000388 -0.000189 -0.000225 -0.003701 
-0.011540 -0.002792 -0.000265 -0.000422 0.000720 -0.003076 0.001065 -0.000674 
0.019261 0.002359 -0.001063 -0.002339 -0.003195 -0.000666 -0.000504 -0.000255 
-0.029553 -0.002219 0.001266 -0.001381 0.003389 -0.005112 -0.001271 -0.002127 
0.029570 -0.005134 -0.006759 -0.003385 -0.001817 -0.001689 -0.007034 -0.000199 
-0.044198 -0.004513 0.001824 0.000497 0.008384 -0.009725 -0.002603 0.001282 
0.036168 -0.002887 -0.009231 -0.005552 -0.006735 -0.006613 -0.007860 -0.003940 
-0.060046 -0.008240 0.001661 -0.000493 0.013453 -0.015641 -0.004741 0.001195 
0.034665 -0.002949 -0.008130 -0.003144 -0.004017 -0.011709 -0.017115 -0.000219 
-0.053788 -0.007343 0.004212 0.002417 0.020356 -0.030646 -0.003981 0.004626 
0.018135 0.001197 -0.008118 -0.005992 -0.006220 -0.024060 -0.011625 -0.006071 
-0.036919 -0.003154 0.006762 0.002876 0.020654 -0.048745 -0.001439 -0.003281 
0.047701 0.001481 -0.013521 0.000012 -0.004901 -0.012084 -0.021073 0.000432 
-0.083186 -0.022936 0.000439 0.008308 0.031922 -0.039408 -0.003923 -0.002107 
-0.056221 -0.001104 0.004758 0.001147 -0.002358 0.001996 -0.000507 0.000146 
0.060557 -0.018232 0.001014 0.000985 -0.001414 0.000624 0.000737 0.001094 
-0.025293 0.003035 -0.000930 0.000381 0.001080 0.001945 0.000050 0.000804 
0.032631 -0.007906 -0.002039 -0.000201 0.001387 0.000470 0.001388 -0.001160 
-0.006190 0.000492 0.001441 -0.000685 -0.002209 0.000540 0.002583 -0.000455 
0.009957 -0.006943 -0.001362 -0.000619 -0.001274 -0.001211 -0.000379 0.001956 
0.006788 -0.000049 0.002102 -0.001041 -0.001414 0.000836 -0.000658 0.002654 
-0.009308 -0.000302 -0.000619 -0.000597 -0.001119 0.000255 -0.003074 0.000316 
0.023103 -0.000736 -0.002966 -0.003015 -0.000550 0.001828 -0.000315 0.001649 
-0.024105 -0.005581 0.002184 -0.000498 -0.000652 0.000150 0.000721 0.001301 
0.033650 -0.001914 -0.002296 -0.002553 -0.002258 0.001978 0.003696 -0.000136 
-0.039588 -0.002331 0.001025 0.000143 -0.001704 0.001550 -0.000279 -0.000826 
0.049608 -0.002730 -0.001135 -0.001788 0.000459 0.001539 -0.000748 -0.004392 
-0.050553 -0.003198 -0.001031 0.003228 0.000536 0.000564 -0.002814 0.000062 
0.053171 -0.008308 0.000768 -0.000212 0.002242 0.000081 0.003237 0.002223 
-0.058351 -0.003091 0.000154 0.002159 -0.000649 -0.001124 -0.002810 -0.001661 
0.042992 -0.005600 -0.004025 0.000229 0.002803 0.001397 0.000062 -0.000565 
-0.070358 -0.008343 0.000481 0.004112 0.001965 -0.005276 -0.002244 0.000292 
0.100372 0.021896 0.004731 0.003270 0.009443 0.011895 0.005545 0.003870 
-0.121195 -0.024431 -0.004610 0.004555 0.011738 -0.008157 -0.003019 -0.009268 
-0.035548 -0.001259 0.001573 -0.000881 -0.001469 -0.000256 -0.001289 0.001307 
0.050893 -0.001297 -0.000161 -0.000521 -0.001327 0.002265 -0.002414 -0.003036 
-0.015788 -0.000920 0.002000 0.002164 0.001144 -0.001150 -0.000594 0.000878 
0.026070 -0.003625 -0.000028 0.003227 0.000081 0.002860 0.003257 0.004217 
-0.006971 -0.000934 0.001442 -0.001478 -0.003566 -0.000831 0.001258 0.000906 
0.009529 -0.000410 0.003078 -0.003266 -0.000198 0.000313 -0.001337 -0.001008 
0.003823 -0.002167 -0.002130 -0.001352 -0.001019 -0.000382 0.001627 0.001545 
-0.006077 0.001553 0.001856 -0.001875 0.000397 0.002684 -0.001236 0.003338 
0.006426 0.000524 -0.000922 0.000669 -0.002120 0.000622 -0.000477 -0.000532 
-0.015562 -0.000413 -0.000371 -0.003053 -0.001038 -0.001681 -0.001147 -0.000407 
0.014663 0.000830 0.002116 -0.002058 0.000057 0.002409 -0.001039 -0.001399 
-0.028469 -0.000307 -0.000648 -0.000612 0.002053 -0.001004 0.003478 -0.000039 
0.017145 0.000663 0.001626 0.002651 -0.000282 0.003285 0.001186 -0.000649 
-0.036876 -0.000043 -0.000273 -0.000757 -0.002530 0.000511 0.000230 0.004748 
0.025742 -0.000504 0.001908 -0.001677 -0.001392 0.000409 0.002194 0.002286 
-0.041833 -0.003482 0.002540 -0.001108 -0.000774 -0.001471 0.001360 0.003153 
0.037717 -0.003779 -0.003883 -0.002487 0.002486 0.000303 0.002151 -0.000079 
-0.062477 -0.003172 -0.001203 0.002996 0.002165 -0.003206 -0.005603 -0.000480 
0.064723 -0.019827 -0.003425 -0.007100 0.008075 -0.001753 -0.002734 -0.004472 
-0.082977 -0.000447 0.000137 0.001442 0.004838 -0.003161 0.001308 -0.003421 
0.005340 0.002204 -0.001576 0.001911 -0.000741 0.000362 -0.000382 0.000882 
0.010453 -0.000021 -0.001036 -0.001056 -0.001617 0.002249 0.000727 0.001318 
0.001957 -0.001836 -0.000172 0.000065 0.003023 -0.000154 0.001409 0.000481 
0.008507 -0.000190 0.001261 -0.000626 0.001022 0.002369 0.000615 -0.000957 
0.002207 -0.001137 0.001148 0.001675 0.000267 0.003034 -0.000621 -0.000299 
-0.002100 0.000984 0.000553 0.001978 0.002445 0.000765 -0.000258 0.002025 
-0.002100 -0.000257 -0.001678 0.001270 -0.001987 0.001447 -0.001125 0.002092 
-0.001047 0.000276 0.001813 -0.001276 -0.003558 -0.001208 -0.002107 -0.002789 
-0.002696 -0.001754 -0.000325 0.000219 -0.000411 0.000713 0.001326 0.000008 
-0.000510 -0.004325 -0.000511 -0.004809 -0.000739 -0.002602 0.000733 0.000240 
-0.001231 0.000488 -0.004754 -0.000010 -0.000768 0.000074 -0.001098 0.000132 
-0.005158 -0.001369 -0.000944 0.002774 -0.000388 0.001863 -0.000774 0.000899 
-0.000901 0.001536 0.000906 -0.000275 -0.000256 -0.001320 0.000782 -0.000912 
-0.008001 0.001373 -0.000461 -0.000657 0.000341 -0.001254 0.000338 0.000707 
-0.004831 -0.003497 0.002306 -0.000278 0.000055 0.000117 0.003864 -0.000181 
-0.012818 -0.000565 0.003097 0.004786 0.003363 0.001792 -0.002785 -0.000356 
0.007826 -0.004118 0.000528 0.001959 0.001742 -0.002909 0.002473 0.000622 
-0.005462 -0.001931 -0.001002 -0.000409 -0.001088 0.001469 -0.000336 -0.002882 
-0.020102 0.025439 0.000655 -0.002066 0.005367 -0.003512 0.002661 -0.001703 
-0.015753 0.007539 -0.006461 0.003558 -0.005100 -0.002818 0.001740 0.001029 
0.004497 -0.000137 -0.001114 -0.000085 -0.002824 0.000728 -0.001221 0.000301 
0.000439 -0.003270 -0.001742 0.003381 0.000238 0.001329 -0.000547 0.001493 
-0.003826 -0.001078 0.002611 -0.000209 -0.000650 -0.001881 -0.000798 0.001023 
0.001603 -0.001614 0.000830 0.000813 0.002427 0.000531 -0.000665 0.000183 
0.001577 0.000280 0.000051 0.000350 -0.000888 0.000822 0.000003 0.000895 
0.000889 -0.003174 0.000046 0.000460 0.001364 0.001731 -0.000396 0.000515 
-0.002357 0.002364 -0.000644 -0.001903 0.000801 0.000097 -0.001645 -0.000719 
0.002145 -0.006300 -0.003209 0.002129 -0.001585 -0.000094 0.000114 -0.001407 
-0.000667 0.000437 -0.001987 -0.002286 -0.000325 -0.001843 0.000651 -0.000725 
-0.002279 -0.003796 0.001163 -0.001033 0.002075 -0.000641 0.000561 0.000928 
0.001492 0.002003 0.000844 0.001211 0.002248 0.002722 0.002876 -0.000067 
-0.003939 -0.004494 -0.000098 -0.000699 0.000164 0.001165 -0.000618 0.000633 
-0.004379 -0.004327 -0.000968 0.002742 0.001590 -0.002161 0.000279 -0.000918 
-0.001317 -0.007163 0.000151 -0.000274 0.001810 -0.001615 -0.002713 -0.001085 
-0.006413 0.001831 0.000045 0.000302 0.002184 -0.002951 0.001381 -0.001137 
-0.001661 -0.005847 0.002292 -0.000463 -0.001881 0.000383 -0.001010 0.000168 
-0.005923 0.003376 0.000791 0.002221 -0.000864 -0.002518 0.000424 -0.001498 
0.000585 -0.007032 0.003337 -0.003340 0.002751 -0.002910 0.001952 0.001926 
-0.025787 0.003105 0.005374 -0.000458 -0.002879 -0.002763 0.000389 -0.000449 
0.003015 -0.005384 0.008746 -0.000561 0.003619 -0.003867 -0.002568 0.000094 
-0.060041 -0.004992 0.003941 -0.000784 -0.001683 -0.001454 -0.000435 0.000083 
0.085980 -0.015417 0.002246 -0.000628 0.001767 -0.002378 -0.000186 -0.001049 
-0.030192 -0.003714 -0.001835 0.001232 -0.003971 -0.000745 0.001982 0.001854 
0.047554 -0.010815 0.001464 0.002079 0.002401 0.001728 -0.003409 -0.001345 
-0.008346 -0.001953 0.000126 -0.000703 -0.000074 0.002395 -0.002040 -0.000165 
0.013585 -0.005256 -0.000734 -0.000534 -0.000482 -0.001055 0.001531 -0.001139 
0.007609 -0.001860 -0.000503 -0.004143 0.001770 0.001139 -0.001406 -0.000885 
-0.010809 -0.002843 -0.001455 0.001548 0.002081 0.000386 -0.001262 0.002491 
0.021688 -0.001361 -0.001285 -0.001531 -0.002860 -0.004228 0.003647 0.000088 
-0.032492 -0.006665 0.000464 -0.002565 0.000591 0.000532 0.002079 -0.000854 
0.037088 0.001932 -0.001432 0.001847 0.001148 0.002742 -0.001578 -0.000192 
-0.058717 -0.006323 -0.000992 -0.001072 0.002387 -0.002804 -0.000502 0.002225 
0.051183 0.001674 -0.000063 -0.002269 -0.000128 -0.000434 0.000139 -0.001030 
-0.074981 -0.006062 -0.000216 0.000269 0.000483 -0.000429 0.000825 -0.000970 
0.055861 -0.003173 -0.000778 0.001778 0.000914 -0.002277 0.000578 0.000249 
-0.083825 -0.006948 -0.000609 0.000183 -0.000801 0.002476 0.003444 -0.000763 
0.056861 -0.002027 -0.000643 -0.001464 -0.000184 0.000906 0.000096 -0.000262 
-0.090574 -0.008296 -0.001581 -0.000889 -0.002644 0.001953 -0.002082 0.001101 
0.088302 -0.003213 -0.000964 0.000852 0.007393 0.002945 0.005347 0.001013 
-0.159684 -0.017246 -0.005033 0.003449 0.005023 0.000120 0.000860 -0.004453 
-0.014043 -0.003027 -0.001496 -0.000123 -0.000483 -0.003450 -0.001569 -0.000863 
0.021853 -0.001582 -0.000949 0.000468 0.001659 -0.002353 0.003878 -0.002533 
-0.009798 -0.002943 -0.000926 0.000672 0.000086 -0.001488 0.001848 0.001783 
0.010717 -0.001054 -0.003677 -0.001203 -0.001967 0.002618 0.000292 0.001486 
-0.001672 -0.000999 -0.000027 -0.001227 0.000201 -0.000092 0.000801 0.000172 
0.002343 0.000355 0.001233 -0.001772 -0.000595 0.000870 -0.000905 -0.000358 
0.000786 0.000494 0.000697 0.000658 0.000085 -0.000165 -0.000130 0.001351 
-0.002338 0.001504 0.002281 -0.002246 0.002555 0.001253 0.001063 -0.005049 
0.001506 -0.001311 0.002842 -0.000209 -0.004748 -0.000914 -0.001820 -0.001343 
-0.007224 0.002136 0.001244 -0.001088 0.001256 -0.003175 0.000204 -0.000464 
0.005490 0.001383 0.000893 -0.000807 -0.001376 -0.001723 -0.002622 0.000579 
-0.010785 -0.003403 0.001227 -0.001510 0.000370 -0.005475 0.000979 -0.000508 
0.009447 -0.003332 -0.003126 -0.003650 0.000262 -0.000310 0.000293 -0.001419 
-0.017811 -0.003743 -0.000507 -0.000879 0.003023 -0.003292 -0.003552 0.000150 
0.006244 -0.002391 0.000741 -0.002630 -0.002165 0.005479 0.000027 0.000576 
-0.017012 -0.005163 0.003560 -0.000522 0.002590 -0.005780 0.000418 0.000365 
0.005485 -0.003696 -0.000502 -0.004646 -0.000119 -0.003745 0.000957 0.001674 
-0.025652 -0.001055 0.004675 -0.001720 0.004336 -0.003867 -0.001184 -0.003127 
0.029211 -0.022185 0.004492 -0.008678 0.004168 -0.009235 -0.007503 -0.002653 
-0.054405 0.005918 0.003473 0.001479 0.001866 -0.003117 0.004998 -0.001172 
-0.017897 0.001144 0.000240 -0.002865 -0.000172 -0.001513 0.000882 0.000480 
0.019319 -0.000591 -0.000935 -0.000402 0.000077 -0.000309 -0.000042 -0.000835 
-0.006634 -0.000271 0.000516 0.001726 -0.000845 -0.001106 0.000541 0.001967 
0.012934 0.002084 -0.004979 0.001354 0.000955 0.000438 0.001569 -0.000509 
-0.003189 0.000431 -0.000778 0.002926 0.001629 -0.000558 -0.001662 -0.000154 
0.002631 0.000868 0.002231 0.000089 0.002423 -0.002719 -0.000699 0.001329 
0.000793 -0.000873 0.000332 -0.001180 0.000103 0.000201 -0.000695 0.002302 
-0.003009 0.000079 0.000616 0.000179 0.002879 -0.000816 -0.002398 0.001397 
0.002233 0.000607 -0.000661 -0.001177 -0.000162 0.003949 0.004016 0.000171 
-0.008777 -0.002589 0.000968 -0.003392 0.000497 -0.004139 0.002479 -0.000011 
0.009794 -0.001253 -0.000809 0.002069 0.001020 -0.000163 0.002289 -0.000865 
-0.012990 -0.001142 0.000344 0.002423 0.001506 -0.002515 -0.000963 0.000590 
0.009444 -0.001006 -0.001363 0.001280 0.000634 -0.001730 -0.002148 0.000120 
-0.019967 -0.001800 0.000428 -0.001874 -0.002980 -0.002028 0.000492 -0.001879 
0.015382 -0.000625 0.000945 -0.003683 0.000040 -0.003024 -0.000649 -0.000266 
-0.014245 -0.001719 0.000204 0.002080 0.003193 -0.004744 -0.000719 0.000240 
0.011112 -0.003234 -0.000392 -0.003085 0.002995 -0.004834 -0.002740 -0.004469 
-0.023696 0.001521 -0.002387 0.000621 0.001167 -0.009451 -0.000624 -0.001613 
0.039466 0.001086 0.003646 -0.007101 0.008870 -0.009941 -0.001262 -0.000678 
-0.036315 0.014429 -0.002197 0.002416 0.005393 -0.006825 0.003618 -0.008996 
-0.018214 -0.002346 0.001504 -0.002075 0.000686 -0.000027 -0.002443 -0.002615 
0.020040 -0.001650 0.000389 -0.000011 -0.000242 0.001967 -0.002586 -0.002410 
-0.008149 -0.000466 -0.002307 -0.001965 -0.000745 0.000363 0.001424 0.001076 
0.011362 -0.000725 0.002427 0.002125 0.000759 -0.003042 0.000418 0.002138 
-0.001931 -0.000499 -0.000807 0.000695 0.000735 0.002082 -0.000103 -0.000732 
0.004211 -0.001647 0.001508 0.001659 -0.001446 0.000277 0.000759 -0.000778 
0.001649 -0.002165 0.001034 0.000335 0.001171 0.000720 -0.000639 -0.000561 
-0.004301 0.001126 -0.001375 0.000739 0.002198 -0.000737 0.001363 -0.001033 
0.002183 -0.003938 -0.000809 0.003489 0.002331 0.000018 0.000380 0.000861 
-0.007710 -0.000071 -0.001352 -0.000545 -0.001701 0.001458 0.003151 -0.001220 
0.010107 0.000228 -0.001522 -0.001496 0.000372 -0.000313 -0.001597 -0.000908 
-0.010150 -0.003488 0.001877 0.002082 0.000655 -0.004313 -0.002736 -0.001164 
0.010295 -0.000211 0.000232 0.000410 0.002055 0.000426 0.001618 -0.002070 
-0.013799 -0.000682 -0.000690 0.001566 0.002869 -0.006124 0.000082 -0.000015 
0.012573 -0.000657 0.001981 -0.003519 0.004401 0.000463 -0.000685 0.006391 
-0.019688 -0.001182 0.003652 -0.001515 0.003013 -0.007001 0.000042 0.001629 
0.017968 -0.000757 0.002495 -0.002357 -0.000864 -0.004963 -0.000084 -0.003079 
-0.018895 0.000709 0.001809 0.000278 0.002103 -0.000741 0.002669 -0.001710 
0.048890 -0.012796 0.001191 -0.002102 0.009848 -0.006675 -0.005879 -0.005900 
-0.029112 0.005225 0.004262 0.000483 -0.002323 -0.001636 0.002987 -0.008747 
-0.014192 0.000251 0.000350 0.001032 0.001296 -0.000912 0.001699 -0.001642 
0.022501 0.000044 0.000454 -0.001174 -0.001725 -0.002285 0.000251 -0.001916 
-0.005337 0.001655 -0.000673 -0.001407 -0.000277 -0.000508 0.000312 -0.000735 
0.014533 0.001460 0.001599 -0.000270 -0.002553 0.002560 -0.003069 0.000541 
-0.007207 -0.002429 0.000934 -0.000603 0.001190 -0.001476 -0.001214 -0.000132 
0.004035 0.000444 0.002092 -0.003740 -0.001178 0.002215 -0.001100 -0.000526 
0.001881 -0.002436 -0.001332 -0.000433 0.002120 0.002112 0.000209 -0.000349 
-0.002505 0.000704 0.002328 0.001188 -0.000375 -0.000797 0.000031 -0.000715 
0.003535 0.001021 -0.001627 -0.003115 0.000065 -0.002256 -0.000602 -0.002796 
-0.006398 -0.000150 -0.001440 0.001200 0.001933 -0.006997 0.000837 0.001354 
0.007360 -0.000998 0.000443 -0.001830 0.002150 -0.000850 0.000729 -0.001233 
-0.016619 -0.001540 0.002438 0.001081 0.003835 -0.006845 0.001235 -0.000865 
0.008584 -0.003981 -0.003339 0.001397 0.004798 -0.001013 -0.003235 0.004152 
-0.016866 0.000832 0.001477 0.003795 0.001604 -0.009399 0.000607 0.000078 
0.010384 -0.003823 -0.000317 0.000365 0.000992 -0.003715 -0.002960 0.001325 
-0.014549 -0.000307 0.000341 0.000783 0.006314 -0.011744 -0.002833 0.001002 
0.021081 -0.009071 0.001330 -0.000633 0.003074 -0.001820 -0.005167 0.001247 
-0.024270 -0.001590 0.002562 0.001988 0.005750 -0.009541 -0.001330 -0.001381 
0.032276 -0.011254 0.005108 0.001655 0.014433 -0.006659 -0.002869 0.001558 
-0.009280 0.014077 -0.005851 0.002190 -0.003610 -0.006640 0.002723 -0.000161 
-0.009830 0.001393 -0.000507 -0.001393 0.005203 0.000430 -0.000983 -0.000577 
0.018815 -0.000446 -0.002697 -0.002257 0.002466 0.000137 -0.001464 0.000410 
-0.003582 0.000132 0.001194 0.000559 0.000149 -0.001254 -0.000553 0.000986 
0.014469 -0.000525 0.000525 0.002709 0.000805 0.002868 -0.001795 0.004197 
-0.004050 -0.001415 -0.001278 0.001856 0.003123 -0.000014 0.001715 -0.000154 
0.006885 0.001498 0.001029 0.002017 -0.000285 -0.000525 -0.002167 0.002301 
0.002729 0.000023 -0.000181 0.001307 -0.000828 -0.001619 -0.003452 0.000604 
-0.003570 -0.001179 -0.001668 -0.000835 0.000312 -0.002051 -0.002573 0.000650 
0.002885 -0.000137 0.001987 0.001494 0.005178 -0.000190 0.003191 0.001799 
-0.011013 -0.000823 0.001653 0.001021 0.000691 -0.005427 0.000175 0.003978 
0.001613 -0.005553 -0.000259 -0.000748 0.003335 -0.002345 -0.000003 -0.001129 
-0.015869 0.000306 -0.000454 -0.000945 -0.000780 -0.007274 0.002221 -0.001511 
0.000316 -0.003499 0.001118 0.000232 0.006243 -0.003042 -0.001425 -0.001605 
-0.017817 -0.004331 0.002588 0.002372 0.000836 -0.010302 0.001803 0.000472 
0.011546 -0.002276 -0.002190 0.000641 0.005407 -0.002924 -0.004415 -0.002517 
-0.015845 -0.001898 0.001864 -0.001447 -0.000730 -0.006900 0.002121 0.000956 
0.012834 -0.000674 0.000024 0.000744 0.008206 0.002098 -0.001199 -0.000352 
-0.019948 0.002228 -0.003569 -0.001012 -0.000159 -0.012659 0.004242 -0.000334 
0.011074 -0.009735 -0.002261 -0.004407 0.005968 -0.004785 -0.004922 -0.002635 
-0.039435 0.010558 -0.001033 0.000009 -0.002127 -0.007894 0.001351 0.001187 
0.001275 0.000099 -0.000597 -0.002110 0.000573 0.000784 -0.002636 0.001242 
0.007565 -0.002559 0.000151 0.001817 0.000135 0.000840 -0.000644 -0.002690 
0.003562 0.000687 -0.003809 -0.000136 -0.000451 -0.000179 0.000483 0.002007 
0.003790 -0.002745 0.003501 0.000668 0.000325 -0.000788 0.000269 0.001873 
0.001364 0.000553 0.001492 -0.001407 -0.002178 -0.000339 -0.000054 -0.001574 
-0.001464 -0.002391 -0.001719 0.000447 -0.000237 -0.000433 0.000818 -0.001925 
-0.001851 -0.002745 -0.002015 -0.000007 0.001829 0.003735 -0.001761 0.002336 
-0.000688 -0.003192 -0.001777 -0.000245 -0.001039 -0.000132 0.000274 0.001742 
-0.001763 -0.002801 0.000071 0.000010 0.002592 0.000273 0.002042 0.000456 
-0.001793 -0.004406 -0.001134 -0.000067 -0.000718 -0.002200 0.000961 -0.001007 
-0.001922 -0.000274 0.001659 0.000478 0.002301 -0.000791 0.000470 0.001046 
-0.007951 -0.002352 0.000681 0.000112 -0.001745 -0.002294 -0.003022 -0.000946 
-0.002713 -0.000988 -0.001265 -0.000051 0.001412 -0.003496 -0.000972 0.001744 
-0.006751 -0.000422 0.000335 -0.001084 0.002037 -0.003874 0.002276 0.001575 
-0.005236 -0.002496 -0.004946 0.000926 0.000431 -0.002613 -0.002488 -0.000200 
-0.010461 -0.002247 0.000029 0.001671 0.001264 -0.007355 0.004092 -0.001277 
-0.000206 -0.005001 -0.002191 -0.001171 0.002767 -0.003998 0.000100 0.000174 
-0.000153 0.002625 -0.000831 0.003140 -0.003475 -0.004968 0.001607 -0.000334 
-0.006964 0.012943 -0.007077 0.001586 0.003495 -0.008313 0.000299 -0.004746 
-0.010000 0.012404 -0.003655 0.009423 -0.010547 -0.008716 0.000707 0.004936 
0.004642 0.002297 -0.000484 0.000601 -0.000303 0.000781 0.001729 0.000200 
0.004368 -0.002196 -0.000866 -0.000647 -0.002255 -0.000819 -0.002515 -0.000686 
0.003948 -0.000123 -0.003305 -0.002315 -0.001591 0.000239 0.003593 -0.002444 
0.004748 0.001696 -0.003160 -0.001051 0.001492 0.002332 -0.000862 0.000231 
0.001127 -0.001865 -0.001554 -0.000159 -0.000608 -0.001235 0.000405 -0.003109 
-0.001668 -0.003078 -0.000535 -0.000276 -0.000798 -0.001502 -0.001058 0.002413 
0.001515 0.000607 -0.000631 0.000835 -0.004579 -0.001653 0.001193 0.001554 
-0.000850 0.002254 -0.001909 0.002443 0.001051 -0.001922 -0.000621 -0.000223 
-0.001544 0.000536 -0.000241 -0.000781 0.001693 -0.001117 -0.001720 0.002704 
0.000202 -0.002942 0.001425 0.000947 -0.001946 -0.000088 -0.002152 0.000637 
-0.005893 -0.003927 -0.001340 0.000720 0.001517 -0.000874 0.000582 -0.000067 
-0.001446 -0.005446 -0.002097 0.001023 0.002566 -0.002900 -0.000724 -0.000387 
-0.001871 -0.000567 0.000757 0.002933 0.000560 -0.001364 -0.004138 -0.001541 
-0.004313 0.001809 0.000671 0.000630 -0.001049 -0.003243 0.001544 -0.001839 
-0.000504 -0.002738 0.004769 -0.001653 -0.000388 -0.001725 -0.001114 -0.000723 
-0.003280 -0.004114 0.002090 -0.001201 0.001162 -0.001729 -0.000931 0.000224 
-0.003318 -0.007136 0.001140 0.001672 0.001461 -0.004090 0.000164 -0.000168 
-0.006791 0.002230 0.004333 -0.002521 -0.004420 -0.002652 0.002421 -0.001562 
-0.017294 0.018215 -0.000730 -0.003710 0.000279 -0.007150 0.000031 -0.008608 
-0.009684 0.003499 0.000870 0.010633 -0.003000 0.001398 0.002247 0.001662 
0.001246 0.001258 -0.000889 -0.001749 0.000886 -0.000369 -0.003588 -0.002743 
0.002075 -0.002500 0.002565 -0.002114 0.002326 0.003025 0.000521 -0.000179 
0.000991 -0.001503 -0.004616 -0.000299 0.002775 0.002789 0.000735 -0.001520 
0.002305 -0.003683 -0.000619 -0.002738 0.001793 -0.005050 0.001537 -0.001656 
0.001089 0.001124 0.001386 0.002424 -0.000349 -0.000337 0.000178 0.000613 
-0.002200 0.001064 0.002717 -0.000278 -0.001162 0.000821 0.001938 -0.000422 
-0.001867 0.000254 -0.001244 0.000534 -0.001451 0.001150 -0.001148 0.000917 
-0.001663 -0.001187 0.000627 -0.001011 0.001803 -0.001863 -0.001698 -0.001322 
-0.001881 0.000377 -0.001451 0.000510 -0.000560 -0.000374 0.000067 -0.002032 
0.000346 0.001651 0.001713 -0.000014 -0.000282 -0.001092 0.001342 -0.001285 
-0.000049 0.001277 0.000711 -0.001252 -0.000650 0.000404 0.002726 -0.001214 
-0.004654 -0.004819 -0.000834 0.000085 -0.000192 -0.003266 -0.000081 0.000127 
-0.003262 -0.003740 0.001249 -0.003985 -0.000300 -0.002814 -0.000212 0.001191 
-0.003634 0.000194 -0.002829 -0.001139 0.000782 -0.001553 0.003201 -0.000661 
-0.001898 0.001617 -0.001251 -0.003576 0.005302 -0.003789 -0.002710 0.000784 
-0.003656 0.000386 0.001453 -0.000765 -0.003183 -0.006654 0.001016 -0.001329 
0.008817 -0.005382 0.000734 -0.002407 0.000299 -0.004912 -0.000632 -0.001575 
-0.004641 -0.002398 0.001480 0.001079 -0.004157 -0.005582 -0.001266 -0.000614 
-0.007464 -0.005629 0.006228 -0.001699 0.008747 -0.009931 0.000756 0.006243 
-0.018457 0.005603 -0.002015 -0.006305 -0.004453 0.000110 0.002200 -0.002052 
0.003849 0.000141 0.002205 0.000968 0.001803 0.002306 0.002385 -0.002211 
0.007759 -0.003087 -0.000086 -0.000136 0.001817 -0.000372 -0.002632 -0.000834 
0.000175 0.001300 -0.000219 -0.001377 0.000244 -0.000405 0.000886 -0.002051 
0.002945 -0.001550 0.000210 -0.000267 0.002223 0.000313 0.000074 -0.000476 
-0.002082 -0.000862 0.000348 -0.001998 -0.002317 -0.000715 -0.002607 -0.001825 
0.001177 -0.001708 0.000759 -0.004297 0.001828 -0.001397 0.000350 -0.002108 
-0.002975 -0.002648 0.001501 -0.001763 0.000562 -0.000145 0.000983 0.002547 
-0.000326 -0.000228 0.000179 0.001727 0.000625 -0.001929 -0.001115 0.000084 
0.000699 0.000827 -0.001479 0.001429 0.001926 -0.000139 -0.001368 0.000247 
-0.000576 -0.001236 0.002123 0.001090 0.001805 -0.002607 0.001717 -0.000513 
-0.000642 -0.001567 -0.001066 -0.001246 -0.001143 -0.001462 -0.000924 0.001232 
-0.000946 -0.000775 -0.000856 -0.002725 0.001744 -0.000264 -0.004983 -0.000450 
0.002150 -0.001742 0.004517 -0.001266 -0.000455 -0.002209 -0.000760 0.003556 
-0.008320 -0.000940 0.000111 0.000343 -0.000588 -0.002033 0.001129 -0.003498 
-0.002505 -0.002252 -0.000778 0.000467 -0.000908 -0.000590 -0.002180 0.000059 
-0.009235 0.001145 0.000397 -0.000703 0.004377 -0.001001 -0.002607 0.000045 
0.004088 0.001044 0.002304 -0.000971 0.001491 -0.006010 0.001477 0.002999 
-0.006075 -0.002529 0.000980 -0.002465 -0.000916 -0.002368 -0.003380 0.000216 
-0.000266 0.002097 0.003297 -0.005360 0.007317 -0.004349 0.004972 -0.005735 
-0.007523 0.007653 0.002284 0.004632 -0.000967 -0.005759 0.005494 -0.003105 
0.002881 0.002610 0.000538 -0.000860 -0.000888 0.000438 -0.000226 -0.000001 
0.003250 -0.000680 -0.000232 0.001220 0.000376 -0.001543 0.001222 0.000293 
-0.003895 0.001961 -0.000030 0.001776 -0.001847 0.000198 -0.002776 0.002221 
0.001741 -0.002463 0.000407 -0.000601 -0.001040 0.002286 0.001391 -0.002282 
-0.001156 -0.001343 0.003228 -0.000199 0.001127 0.000323 -0.000770 -0.001028 
0.000031 -0.001438 0.000047 -0.000344 0.000148 0.000566 -0.001516 -0.002500 
0.003311 0.000045 -0.000358 -0.001638 -0.000221 -0.000462 0.001579 0.001868 
-0.000789 -0.000431 0.000826 -0.000228 -0.000611 -0.000290 0.001195 0.000986 
-0.002255 0.001358 0.002468 -0.000283 -0.002015 0.000604 -0.000829 0.002141 
-0.000670 -0.001164 0.002561 0.001474 0.000731 0.000454 0.000777 -0.000831 
0.001095 -0.001859 -0.001094 -0.000928 0.004269 -0.000604 0.000468 -0.000301 
-0.003851 -0.003173 0.001907 0.003245 -0.003459 -0.000244 0.002208 -0.000358 
-0.001361 -0.001471 -0.000125 -0.004518 0.000648 -0.001804 -0.002731 0.000429 
-0.001174 -0.000507 -0.002358 0.002045 0.000443 -0.004656 0.002704 0.001404 
0.000851 -0.001074 -0.000918 0.000695 0.001602 0.002463 0.002048 -0.000780 
-0.002868 -0.003338 0.005615 -0.000810 0.000353 -0.004322 0.001902 -0.001387 
0.007503 0.001663 0.001693 -0.002586 -0.001931 -0.003233 0.003263 0.000621 
0.011699 -0.000246 -0.001484 -0.001620 -0.001317 -0.003616 0.002572 0.000692 
0.004574 -0.000658 0.002946 0.000872 0.003943 -0.008021 -0.009594 -0.001932 
0.003630 -0.001319 0.000048 -0.004072 -0.003841 -0.005308 -0.003028 -0.003160 
-0.003839 0.000930 0.001708 -0.002130 -0.001057 0.002369 -0.001342 -0.000989 
-0.001422 -0.000812 -0.001265 0.000515 0.000453 -0.001618 -0.000299 0.002613 
-0.004744 -0.000025 0.003094 0.002542 -0.002193 0.000034 -0.000304 -0.001253 
0.002642 -0.000656 -0.000260 -0.000165 -0.005037 0.001587 -0.002380 -0.000532 
-0.001591 0.000649 0.000560 -0.002486 -0.002651 -0.002523 0.000315 -0.000416 
0.000406 -0.001989 0.000387 -0.000729 0.001363 -0.000127 0.000531 -0.000533 
-0.001021 -0.000083 0.000236 -0.000552 0.002681 0.001360 -0.001291 -0.000403 
0.001663 0.000526 -0.002676 -0.000667 0.003623 -0.001457 -0.001035 0.001036 
-0.001220 0.000543 -0.002030 -0.001024 0.000348 -0.004036 0.000439 -0.000269 
-0.002255 0.001422 0.002534 -0.000400 -0.000387 -0.002085 -0.000427 -0.001017 
0.003298 0.000228 -0.002671 -0.002586 0.001062 -0.003975 -0.000377 0.000876 
0.000990 0.000308 0.004046 -0.000643 0.000570 -0.003072 0.000548 0.000860 
0.000512 -0.002611 0.004568 0.000172 -0.002610 -0.001828 -0.000597 0.001184 
0.001363 0.000040 0.005276 0.001831 0.001608 -0.002395 0.001959 -0.001477 
-0.003667 -0.000948 0.002221 0.000407 0.001181 -0.000851 0.000929 -0.001143 
0.000500 -0.002016 0.005791 -0.001438 -0.003358 -0.001883 -0.000670 -0.001982 
-0.001537 0.000531 0.003620 -0.001360 0.001959 -0.001909 0.003941 0.001013 
-0.003167 -0.000303 0.000401 0.002422 0.001780 -0.003634 0.000767 -0.001373 
-0.011295 -0.023519 0.005423 -0.005811 -0.004735 -0.004318 0.001318 -0.004795 
0.003838 0.004444 0.004470 0.001114 -0.002757 -0.002112 -0.007802 0.002144 
-0.002577 0.003748 0.000403 0.000990 0.001272 0.001154 0.003381 -0.000543 
0.007832 -0.001138 0.001775 -0.000872 -0.001357 -0.000966 -0.000155 -0.000054 
-0.004751 0.001664 0.001400 0.002964 -0.004092 0.001610 -0.003278 0.002452 
0.002360 -0.001169 0.004212 0.000262 0.001070 0.000030 0.000935 0.001267 
-0.002336 0.000033 0.002475 0.001087 -0.000481 -0.001116 -0.000964 -0.000475 
0.002092 -0.001868 0.001941 -0.001530 0.000058 0.000423 -0.000870 -0.002739 
-0.002824 -0.000224 -0.000660 -0.002760 -0.002630 0.001073 0.001969 -0.002725 
-0.000874 -0.004866 -0.000927 -0.000909 -0.002302 -0.001186 0.000216 -0.000742 
0.001161 0.002754 -0.002658 0.000402 0.000021 -0.000873 -0.001622 -0.000426 
-0.001111 -0.004980 -0.001223 -0.003378 -0.002037 0.000355 -0.001441 0.000130 
0.000166 0.000939 0.000720 -0.002250 0.001894 -0.001790 -0.003657 0.000868 
-0.003913 0.001451 0.002505 -0.000239 -0.000498 -0.001062 -0.000177 0.001054 
0.001103 0.000984 0.001919 0.004021 -0.001489 -0.000596 -0.001203 -0.000849 
-0.005381 -0.004996 0.000657 0.002275 -0.001599 -0.002505 -0.002282 0.000512 
0.006182 -0.002513 0.004887 -0.002267 -0.000506 -0.002396 -0.003185 0.000830 
-0.004519 0.000541 0.002622 -0.002749 0.001528 -0.002263 -0.004281 0.002701 
0.003747 -0.006113 0.002228 -0.001660 -0.001872 -0.005193 0.000655 -0.002514 
-0.003767 -0.003194 0.004385 -0.001909 0.000415 -0.005427 -0.002610 0.001375 
-0.008105 0.014701 0.008753 -0.000283 -0.003341 -0.001943 -0.005805 -0.004042 
-0.010021 -0.004763 0.007410 0.000175 0.005377 0.000218 -0.002369 0.004612 
-0.002234 0.001460 0.000426 -0.000931 -0.000682 -0.002451 0.000412 0.003449 
0.007839 -0.007308 0.001311 0.000126 -0.000251 -0.002438 -0.002087 0.000056 
-0.005928 0.003229 0.002782 -0.000548 0.002095 -0.002327 0.001754 0.000483 
0.004118 -0.008337 0.003495 -0.001165 -0.000124 0.000476 -0.001450 0.000180 
-0.000095 -0.002521 0.003023 0.000480 -0.001235 0.001020 0.000057 0.000573 
-0.002581 -0.009228 0.001732 0.002639 -0.000889 -0.001908 0.000859 0.003252 
0.000049 0.002754 -0.000263 0.001823 0.002881 -0.001930 0.006037 -0.000627 
-0.000214 -0.009820 0.000148 0.001008 0.002866 -0.003397 0.001016 0.001277 
-0.000843 0.001090 0.000236 0.003978 -0.001243 -0.000799 0.003206 0.000369 
0.002461 -0.012837 0.001604 -0.001198 -0.000237 -0.002801 0.002007 -0.001704 
0.002949 0.000510 0.001711 0.000888 -0.003533 -0.000959 0.001763 0.001166 
-0.005401 -0.011112 0.001880 -0.003442 0.002148 -0.003345 -0.002057 0.002327 
0.005549 -0.000424 -0.000480 0.005005 -0.000046 -0.001905 -0.001106 0.005837 
-0.005827 -0.015155 -0.000407 -0.003371 0.005709 -0.003521 -0.001992 -0.000346 
0.009727 -0.006016 0.003564 0.004095 -0.003856 -0.000778 0.003038 -0.003403 
-0.009965 -0.017040 0.002642 -0.007470 -0.001633 -0.006296 -0.002385 -0.001518 
0.011705 0.001881 0.005387 0.002409 -0.003345 -0.000618 0.003210 0.006334 
-0.005279 -0.022008 0.001794 -0.006096 0.000014 -0.008859 -0.001627 -0.001208 
0.017174 -0.013201 0.011671 -0.009125 -0.002845 -0.009176 0.004290 0.001285 
-0.001715 -0.018485 0.003394 0.002001 -0.003225 -0.004055 -0.000977 0.003139 
0.000165 0.003091 0.003775 0.001836 -0.000552 -0.002446 0.002095 0.000208 
-0.002018 -0.005024 0.000262 -0.001216 0.003700 -0.000547 -0.001658 0.002275 
-0.002386 0.005002 0.002933 -0.000116 0.001005 -0.002324 0.001055 0.000768 
0.001963 -0.005094 0.000791 -0.000019 0.000393 0.000909 0.003160 -0.000930 
0.000109 0.001861 0.001178 0.002058 -0.004418 -0.000439 -0.000309 0.002415 
0.000343 -0.006570 0.003620 -0.000471 0.001773 -0.002400 -0.001871 0.002464 
-0.004707 0.002406 0.003410 0.000048 -0.000238 0.003352 0.000503 0.004066 
0.002000 -0.009516 0.004031 0.000722 0.002259 -0.006775 -0.000197 0.002084 
-0.001952 0.000490 0.002757 0.002851 0.001570 -0.002618 0.002291 0.003056 
-0.002706 -0.009184 0.005230 -0.001013 0.003673 -0.002335 -0.000158 0.001881 
0.001627 -0.001332 0.002762 0.004699 -0.001068 0.000198 0.001688 0.004854 
-0.003276 -0.012138 0.003284 -0.000115 0.003637 -0.006237 0.000014 0.002335 
-0.002503 -0.000871 0.007822 0.005865 -0.004224 0.002349 0.003042 0.005090 
0.001896 -0.011282 0.006547 0.002190 0.007047 -0.008173 -0.004052 -0.001116 
-0.003318 -0.003331 0.007469 0.005862 -0.002996 -0.004952 -0.000327 0.004781 
-0.000635 -0.017047 0.010126 -0.003798 0.010214 -0.011936 0.001791 -0.001812 
0.003522 -0.006038 0.008360 0.007414 -0.008064 -0.001178 0.000186 0.010017 
-0.005708 -0.015060 0.017938 -0.004673 0.008837 -0.010767 -0.002087 0.003322 
-0.010366 -0.004937 0.020055 0.010048 0.002671 -0.000855 -0.007088 0.008525 
0.008526 -0.020485 0.016741 0.002232 0.010161 -0.010411 0.000236 0.007502 
0.020471 0.002943 -0.008501 0.007010 0.000506 -0.008456 -0.002102 -0.002386 
-0.024101 -0.001502 0.017907 0.003018 -0.000018 0.010659 -0.001953 -0.001803 
0.010471 -0.002924 -0.012491 0.008874 0.005371 -0.020602 -0.006964 0.000063 
-0.017130 -0.005358 0.015196 0.006708 0.001134 0.007102 -0.005781 0.000831 
0.006928 -0.005382 -0.009984 0.013185 0.007410 -0.022970 0.002413 -0.000537 
-0.016493 -0.000772 0.020516 0.005689 0.000709 0.017886 -0.007676 -0.003324 
-0.001687 -0.012532 -0.012353 0.011730 0.006999 -0.029184 0.000500 0.004711 
-0.013022 -0.008175 0.021909 0.003928 0.007008 0.025109 -0.014188 -0.001511 
-0.003310 -0.019869 -0.012955 0.009588 0.004581 -0.026022 0.000698 0.004138 
-0.009909 -0.009910 0.026098 0.005390 0.001389 0.022427 -0.011423 -0.003733 
-0.005573 -0.018419 -0.015441 0.014600 0.007540 -0.030500 -0.002208 0.003491 
-0.015830 -0.004171 0.032365 0.005507 0.003190 0.028863 -0.010297 0.000415 
-0.021278 -0.026898 -0.014570 0.020308 0.007984 -0.029043 -0.005618 0.003483 
-0.011261 -0.002695 0.032929 0.004280 0.005481 0.041616 -0.012171 -0.005440 
-0.019388 -0.029062 -0.013172 0.008156 -0.003206 -0.026356 0.004530 0.007268 
-0.006793 -0.000156 0.045387 0.005904 0.007766 0.029235 -0.022348 -0.000897 
-0.012563 -0.026808 -0.011872 0.022496 0.003768 -0.026076 -0.002586 -0.004947 
-0.007154 -0.004979 0.033545 0.002958 0.000701 0.043833 -0.014642 -0.002452 
-0.032466 -0.027782 -0.005909 0.024714 0.000591 -0.014452 0.003248 0.003455 
-0.017180 -0.001121 0.042797 0.015706 -0.001973 0.044809 -0.010117 -0.003121 
