0.156710 1.086714
0.197749 1.214421
0.164726 1.267392
0.151021 1.280575
0.116796 1.254369
0.094184 1.187761
0.067055 1.092309
0.087084 1.013030
0.109155 0.989996
-0.090794 1.184371
-0.385308 1.099658
-0.316173 1.204268
-0.189926 1.263553
-0.086104 1.279762
-0.035343 1.268108
0.000203 1.186961
0.032379 1.098724
0.046462 1.015509
0.015271 1.022528
-0.072555 1.124431
0.018702 0.896289
0.021617 0.945766
0.017479 0.970178
0.028084 0.974630
0.021690 0.967285
0.020298 0.969019
0.020091 0.957380
0.012929 0.946559
0.025971 0.930104
0.151493 0.857547
-0.007623 0.899446
0.010177 0.948901
0.012349 0.970642
-0.001881 0.973997
-0.011136 0.975488
-0.030264 0.970615
-0.031419 0.963675
-0.049305 0.945730
-0.005679 1.000154
-0.265546 1.023199
0.153779 1.086707
0.193051 1.212465
0.161078 1.266395
0.144567 1.278435
0.111986 1.250806
0.089558 1.184189
0.062024 1.091428
0.083951 1.014960
0.103626 0.995654
-0.115954 1.181397
-0.383153 1.098930
-0.316078 1.202264
-0.190150 1.261745
-0.085009 1.275277
-0.033648 1.264502
0.004544 1.180820
0.036582 1.096348
0.053791 1.014595
0.013558 1.027006
-0.019838 1.102174
-0.009987 0.705210
-0.019462 0.702008
-0.026453 0.693793
-0.032631 0.695339
-0.041402 0.692811
-0.048176 0.698652
-0.052817 0.701570
-0.049445 0.696785
-0.043826 0.685050
-0.004551 0.783450
-0.063180 0.709437
-0.106067 0.707257
-0.145501 0.703550
-0.181109 0.703119
-0.215388 0.705805
-0.262607 0.712128
-0.290315 0.726677
-0.311662 0.709575
-0.329627 0.695374
-0.114530 0.762000
-0.000735 0.705850
0.004942 0.698202
0.007428 0.693774
0.010900 0.684113
0.009209 0.678482
0.017783 0.679217
0.007233 0.674238
0.012396 0.673589
0.013305 0.648791
-0.130751 0.653309
-0.009647 0.701085
-0.030789 0.702624
-0.047707 0.697645
-0.054227 0.699722
-0.071938 0.702600
-0.088457 0.691880
-0.105829 0.683515
-0.102942 0.690662
-0.121710 0.690887
-0.084231 0.596346
0.005871 0.698864
0.014009 0.695898
0.029446 0.702417
0.026769 0.710288
0.038419 0.715092
0.053512 0.709039
0.042565 0.695796
0.058436 0.689244
0.081826 0.690591
0.155059 0.699950
-0.021166 0.691889
-0.025615 0.696774
-0.036672 0.702524
-0.039788 0.705948
-0.051196 0.707453
-0.047968 0.716302
-0.066005 0.704573
-0.049614 0.692579
-0.025181 0.688025
-0.113857 0.841314
0.006470 0.696563
0.010970 0.716776
0.020740 0.758695
0.018474 0.789369
0.016675 0.820402
0.030040 0.822890
0.034239 0.803943
0.024171 0.753997
0.002319 0.737741
0.052108 0.734716
-0.010455 0.691466
-0.016932 0.721168
-0.021258 0.753736
-0.018268 0.792147
-0.020595 0.813101
-0.026798 0.821903
-0.038162 0.804754
-0.022081 0.763825
-0.025362 0.691503
0.023261 0.767513
0.018733 0.706891
0.019269 0.740950
0.028434 0.782539
0.017172 0.829846
0.033204 0.837319
0.018857 0.846283
0.015224 0.805049
0.022139 0.750815
0.000858 0.749418
0.057371 0.779262
0.048726 0.700173
0.061756 0.732194
0.063179 0.787140
0.056041 0.825110
0.043858 0.837797
0.028782 0.833547
0.012012 0.801982
-0.013217 0.770209
0.006479 0.729858
0.069059 0.756416
0.011310 0.660972
0.018732 0.695544
0.033300 0.744176
0.025727 0.769463
0.031229 0.777542
0.044790 0.763802
0.031451 0.715590
0.042522 0.661104
0.042431 0.626106
0.060838 0.764607
-0.015629 0.661178
-0.042737 0.694344
-0.073929 0.744144
-0.093218 0.771388
-0.126306 0.786359
-0.157390 0.766912
-0.197307 0.729180
-0.194303 0.681282
-0.190520 0.656913
-0.106439 0.815840
0.005864 0.710721
0.006758 0.706372
0.007652 0.704858
0.010218 0.705449
0.007030 0.705755
0.015503 0.703205
0.016247 0.691481
0.012673 0.697489
0.017376 0.747676
0.045204 0.680078
-0.016758 0.702815
-0.014597 0.711941
-0.016354 0.707494
-0.027222 0.704165
-0.026771 0.705139
-0.028326 0.694266
-0.034846 0.696713
-0.043983 0.693814
-0.025875 0.701103
-0.187046 0.680105
0.005832 0.708238
0.002440 0.705101
0.016956 0.708998
0.018697 0.699809
0.017920 0.707425
0.027620 0.694529
0.016689 0.701048
0.041632 0.699490
0.072773 0.685081
0.232624 0.747995
-0.006362 0.700634
-0.011198 0.705100
-0.014245 0.704783
-0.015159 0.705737
-0.021850 0.703132
-0.033189 0.708684
-0.036463 0.709684
-0.024836 0.697895
0.034458 0.695335
0.087116 0.597658
0.001028 0.711432
0.004112 0.707101
0.014937 0.706506
0.009826 0.709238
0.017119 0.707437
0.041273 0.701069
0.027537 0.701247
0.025926 0.707903
0.051138 0.690660
0.007786 0.671056
-0.018935 0.702532
-0.013435 0.703410
-0.018158 0.702610
-0.012818 0.707479
-0.020909 0.701530
-0.022407 0.700799
-0.027240 0.712305
-0.016127 0.695584
-0.019339 0.697352
-0.245202 0.777147
0.007831 0.708925
0.009774 0.704125
0.015053 0.705827
0.008601 0.715947
0.024716 0.712444
0.018775 0.706534
0.020618 0.707717
0.020381 0.704806
0.017813 0.706197
0.014902 0.704116
-0.010815 0.703738
-0.013251 0.703367
-0.013767 0.705865
-0.012971 0.713975
-0.012112 0.712887
-0.009305 0.705556
-0.025544 0.710839
-0.011822 0.711006
-0.014351 0.705929
0.082847 0.674210
0.001311 0.705217
0.005730 0.706978
0.009452 0.713424
0.008233 0.713505
0.018651 0.713025
0.011288 0.708847
0.011604 0.704932
0.034607 0.705031
0.009294 0.718981
0.040025 0.705620
-0.012095 0.705440
-0.006432 0.707766
-0.018012 0.706451
-0.020801 0.711069
-0.030159 0.712691
-0.013707 0.715516
-0.019360 0.713568
-0.016780 0.709403
-0.032516 0.698367
0.004914 0.756464
0.005817 0.708362
0.008176 0.705840
0.003758 0.709880
0.017501 0.712643
0.005402 0.723799
0.017092 0.719478
0.020823 0.715136
0.014701 0.709397
-0.041541 0.713425
0.001887 0.637833
-0.002721 0.700253
-0.002439 0.706066
-0.010685 0.711749
-0.013308 0.714870
-0.009124 0.715350
-0.017360 0.716401
-0.017678 0.711833
-0.006538 0.702102
0.018395 0.674247
-0.042793 0.727491
-0.001186 0.706012
-0.002667 0.712534
0.006344 0.712804
0.000598 0.717595
0.008156 0.726288
0.006424 0.720914
0.005499 0.724480
0.013027 0.716117
-0.000086 0.723807
0.019590 0.763292
-0.007272 0.702438
-0.010992 0.704845
-0.010605 0.713618
-0.011619 0.713607
-0.010886 0.721484
-0.009323 0.730487
-0.011521 0.717729
-0.010993 0.716256
-0.012577 0.713048
-0.085407 0.658431
0.000244 0.705453
0.001667 0.706847
0.009222 0.717969
0.001765 0.730581
0.008415 0.725737
0.016861 0.733767
0.016335 0.726000
0.002151 0.727481
0.024421 0.711546
-0.064779 0.791382
-0.012760 0.707684
-0.010652 0.710889
-0.013905 0.714560
-0.008958 0.718036
-0.007700 0.729855
-0.009827 0.729958
-0.027347 0.727606
-0.009607 0.718914
0.001725 0.685625
0.083789 0.728416
0.005638 0.706253
0.010053 0.709261
0.012271 0.726535
0.011423 0.725191
-0.000943 0.740877
0.014314 0.728752
0.013396 0.726030
0.011962 0.723727
0.032077 0.711306
0.086060 0.794614
-0.001332 0.700834
0.000467 0.710683
0.002722 0.717266
-0.000325 0.727763
-0.003975 0.733596
-0.010295 0.731040
-0.007248 0.735509
-0.000938 0.710767
-0.057183 0.721995
0.041094 0.756083
0.006503 0.704466
0.008006 0.712458
0.014465 0.719847
0.005571 0.732503
0.012782 0.740818
0.013323 0.732913
0.023195 0.734300
0.006383 0.724572
-0.007004 0.679444
0.070609 0.694718
-0.010067 0.705341
-0.013852 0.712498
-0.016644 0.720685
-0.008259 0.729542
-0.013490 0.738496
-0.012041 0.733604
-0.019873 0.726341
-0.021505 0.724958
-0.028969 0.703941
0.050057 0.642441
0.007552 0.706209
0.001111 0.712260
0.005385 0.718901
0.002546 0.739019
0.006566 0.730860
0.007647 0.737773
0.002917 0.728496
0.003347 0.722419
-0.021591 0.726182
0.053113 0.731899
-0.012506 0.705968
-0.009692 0.710589
-0.011882 0.723270
-0.007598 0.731039
-0.016588 0.736122
-0.010737 0.737625
-0.023677 0.726866
-0.024663 0.719323
0.005683 0.697179
0.100587 0.734167
0.007434 0.714733
0.005482 0.719305
0.007658 0.727320
0.004346 0.738611
0.015512 0.741277
0.007496 0.739505
0.000670 0.729401
0.003736 0.715178
0.008844 0.696114
-0.009123 0.827306
0.015429 0.700679
0.011149 0.709966
0.015048 0.721458
0.002091 0.729034
0.007713 0.734280
-0.005026 0.724192
-0.000355 0.732209
-0.004908 0.724193
-0.022545 0.695041
0.037277 0.763854
0.026142 0.710897
0.027847 0.717717
0.027745 0.723421
0.022455 0.740751
0.032022 0.742348
0.015278 0.744366
0.023174 0.728604
0.030442 0.713108
0.005998 0.696167
0.057487 0.749686
0.051939 0.699567
0.054634 0.706814
0.053800 0.717046
0.047675 0.725431
0.033604 0.728447
0.025259 0.727413
0.016737 0.722100
-0.005812 0.716967
0.057190 0.717551
-0.041396 0.734170
0.010740 0.705571
0.002890 0.712571
0.010694 0.719589
-0.002650 0.729245
0.000410 0.730375
-0.007215 0.733524
-0.010086 0.723324
-0.003935 0.722469
0.007712 0.710948
-0.001865 0.675969
0.082676 0.703055
0.076261 0.706080
0.064331 0.721517
0.056889 0.726178
0.057706 0.725947
0.039257 0.731565
0.029243 0.717323
0.004195 0.720118
-0.021097 0.732731
0.005144 0.677452
0.032816 0.703467
0.035087 0.710040
0.037423 0.704166
0.033183 0.715021
0.043654 0.714170
0.044548 0.708765
0.049136 0.718165
0.025595 0.713357
0.037910 0.728160
-0.010323 0.770121
0.119377 0.699805
0.107005 0.699148
0.093564 0.707849
0.092800 0.703685
0.069103 0.706571
0.065256 0.705776
0.040541 0.704071
0.039725 0.705449
0.023825 0.697211
0.149759 0.628238
0.050376 0.955509
0.062598 0.934152
0.056407 0.936836
0.046063 0.935956
0.027427 0.930249
0.018115 0.932359
-0.019472 0.906734
-0.010256 0.897014
0.000095 0.938541
0.002781 0.852225
0.001173 0.945534
-0.002506 0.935573
0.003819 0.928842
0.001951 0.933211
0.015323 0.931470
0.014205 0.914378
0.007440 0.904527
0.006288 0.915761
-0.019357 0.945192
0.068762 1.037054
-0.001685 0.904934
-0.003862 0.949839
-0.009713 0.973946
-0.015574 0.987669
-0.012243 0.981005
-0.023024 0.976591
-0.019630 0.960881
-0.017875 0.947312
-0.096762 0.947901
-0.196098 0.986172
-0.009681 0.886721
0.006617 0.942369
-0.000984 0.964715
0.000655 0.971897
-0.010309 0.970935
-0.019513 0.955985
-0.018190 0.962872
-0.015644 0.941667
0.040660 0.957389
-0.016988 0.891966
0.050165 0.956955
0.062190 0.934804
0.054677 0.938232
0.042931 0.937553
0.025777 0.934461
0.014384 0.935580
-0.022300 0.908011
-0.013439 0.899691
-0.013461 0.940779
-0.022219 0.863609
0.000437 0.945859
-0.001832 0.936578
0.003821 0.931964
0.002184 0.934806
0.013431 0.933036
0.010862 0.919983
0.004235 0.907242
0.003961 0.917028
-0.012992 0.951257
0.070305 1.020775
-0.009358 0.703220
-0.024822 0.696300
-0.027587 0.697983
-0.030030 0.697558
-0.035544 0.698491
-0.025789 0.689044
-0.038343 0.693068
-0.032863 0.692201
-0.029899 0.715944
-0.023483 0.612272
0.007516 0.713929
0.004478 0.713571
0.009512 0.713350
-0.004378 0.711028
0.011588 0.714787
0.009008 0.703459
0.011857 0.702528
0.014028 0.714442
-0.001502 0.706677
0.129425 0.619595
0.014195 0.711171
-0.000840 0.709545
0.003388 0.712163
0.009008 0.715798
-0.002728 0.709909
0.004979 0.704922
0.010816 0.700910
-0.000788 0.696182
-0.008502 0.714672
0.168963 0.749614
-0.002305 0.710816
-0.000580 0.710717
-0.002008 0.715136
0.003135 0.717689
-0.001610 0.701092
-0.011367 0.708156
0.016499 0.715062
-0.007076 0.705034
0.002793 0.716194
-0.048269 0.595658
0.015365 0.704504
-0.000891 0.713009
0.000021 0.707895
-0.007682 0.706823
-0.005863 0.707123
-0.016265 0.711057
-0.016362 0.706204
-0.013555 0.698611
0.014710 0.681566
-0.027913 0.618624
0.008975 0.707731
0.020137 0.704909
0.030691 0.712127
0.034875 0.702873
0.026932 0.715581
0.033606 0.708747
0.041138 0.700126
0.039327 0.695615
0.065655 0.725240
-0.043163 0.711675
0.009146 0.703281
0.006555 0.705023
0.009068 0.704523
0.017325 0.707195
0.011954 0.704569
0.009313 0.707413
0.002957 0.706764
0.005741 0.702197
0.005539 0.688099
0.074638 0.758026
0.000033 0.707777
0.003346 0.701546
0.002966 0.704494
0.002993 0.702814
0.007018 0.711620
-0.005477 0.708567
0.001327 0.700913
-0.003350 0.708337
0.041487 0.745700
0.044746 0.868069
0.014336 0.707396
0.023405 0.699606
0.017187 0.703228
0.029949 0.704090
0.023570 0.709487
0.018387 0.709785
0.017372 0.715774
0.011427 0.714931
0.019063 0.719256
0.020679 0.699917
-0.015921 0.707983
-0.013286 0.702185
-0.015964 0.708678
-0.021299 0.705271
-0.011354 0.706908
-0.014377 0.711431
-0.017961 0.706656
0.005915 0.717512
-0.014447 0.689500
0.001947 0.685907
0.025737 0.704493
0.004833 0.702460
0.004271 0.707425
0.010687 0.719104
-0.002143 0.716814
-0.003833 0.714428
-0.008447 0.700275
-0.012678 0.698291
0.001303 0.682139
0.106498 0.745943
-0.000735 0.708640
0.007648 0.698430
0.013963 0.711785
0.013149 0.712577
0.017327 0.713487
0.008811 0.710246
0.031141 0.700415
0.022641 0.701282
0.056178 0.692675
0.005526 0.772787
0.013924 0.705839
-0.003728 0.709207
-0.002315 0.706049
-0.001972 0.708250
0.000489 0.709547
-0.013253 0.707134
-0.004998 0.707995
0.003781 0.701294
0.025369 0.700276
0.080387 0.714471
0.005503 0.711085
0.007083 0.706893
0.014649 0.707886
0.014438 0.710977
0.006462 0.711224
0.021193 0.713343
0.012965 0.704477
0.021268 0.707034
0.037241 0.703974
0.214352 0.637715
0.007751 0.704828
0.001390 0.706906
0.001267 0.708074
-0.003398 0.708141
-0.007056 0.705534
-0.010726 0.710612
-0.010533 0.698421
-0.010181 0.694138
-0.013168 0.702130
0.024688 0.636655
0.006379 0.710020
0.007980 0.707492
0.009779 0.709095
0.009457 0.709064
0.005781 0.706549
0.013674 0.707118
0.017880 0.704400
0.021892 0.694196
0.030516 0.707248
0.042142 0.719154
0.009628 0.704913
0.003524 0.706862
0.009209 0.704228
-0.007560 0.704323
-0.004000 0.706698
0.010034 0.696426
-0.005117 0.698346
0.000824 0.711057
0.001293 0.713567
-0.099561 0.716477
0.010523 0.711003
0.008676 0.708921
0.010819 0.710639
0.019189 0.709075
0.015284 0.707362
0.003698 0.707259
0.020874 0.706742
0.004631 0.697552
0.000815 0.727356
-0.121855 0.672278
0.003423 0.707947
0.001802 0.707464
-0.008146 0.707630
-0.006621 0.709860
-0.002407 0.716819
-0.010827 0.711432
-0.014763 0.704159
-0.009799 0.695997
0.010626 0.688717
-0.086001 0.703032
0.007239 0.707430
0.014912 0.705135
0.017668 0.707509
0.011739 0.707335
0.012800 0.705953
0.017527 0.707143
0.016554 0.700399
0.022325 0.706209
0.037886 0.722791
-0.208484 0.652705
-0.000970 0.705538
-0.002627 0.711538
0.003119 0.701608
0.002469 0.710660
-0.001265 0.704807
-0.007286 0.709390
-0.000081 0.707929
-0.014218 0.713701
0.005291 0.703007
0.036158 0.708690
0.002715 0.708155
0.012699 0.706112
0.015932 0.704850
0.021743 0.707294
0.015923 0.703349
0.012557 0.704176
0.022758 0.706227
0.011303 0.693005
0.043843 0.709595
-0.040431 0.731306
0.011253 0.707796
0.002619 0.711262
0.004328 0.708345
0.004162 0.706706
0.007621 0.704634
0.006865 0.704374
0.007626 0.710630
0.003399 0.706105
0.000556 0.707146
0.033019 0.730656
0.002665 0.705707
-0.000271 0.706126
0.003517 0.707884
0.004722 0.708634
0.001531 0.705510
0.002049 0.709512
0.001306 0.701934
0.000973 0.708040
0.017796 0.755555
0.014030 0.672850
0.007337 0.703744
0.011194 0.707684
0.002094 0.710416
0.007668 0.710546
0.007334 0.707046
0.002411 0.706746
-0.005522 0.709636
-0.001400 0.708450
0.007573 0.739638
-0.014756 0.596371
-0.000768 0.708781
0.002831 0.707072
-0.003102 0.706929
-0.002041 0.701634
-0.003475 0.708603
0.001972 0.707772
0.000990 0.713542
-0.006418 0.709278
0.024435 0.711984
-0.084455 0.785283
0.000319 0.706167
-0.003105 0.705131
0.004149 0.705621
0.017566 0.708189
-0.000353 0.710067
0.006335 0.705295
0.004059 0.703415
-0.000723 0.700661
0.023233 0.710898
0.133452 0.762189
0.006420 0.709636
-0.000692 0.707069
0.000130 0.708016
0.005101 0.706615
0.004085 0.706672
-0.006166 0.704319
-0.004586 0.715863
-0.013177 0.708270
0.034260 0.700417
0.091379 0.680815
0.009640 0.707717
-0.000425 0.705461
0.006049 0.706089
0.005633 0.703021
0.011249 0.704316
0.001593 0.703442
0.003910 0.708796
0.016739 0.711998
-0.022101 0.717769
0.005762 0.640584
-0.009861 0.706781
-0.000418 0.706879
0.003245 0.704479
-0.006028 0.707846
0.004009 0.705755
-0.012785 0.716736
-0.004751 0.707090
0.002769 0.710402
0.012458 0.718928
-0.059748 0.736210
-0.001127 0.705988
0.002978 0.704738
0.002970 0.703542
0.005166 0.707514
-0.002453 0.713430
0.005274 0.711679
-0.005369 0.706940
-0.003772 0.705629
-0.014940 0.700563
0.001865 0.792859
0.004351 0.707814
0.009677 0.704221
0.002745 0.705865
0.004436 0.705023
0.009174 0.710753
0.000847 0.707579
0.009151 0.707539
0.004235 0.710352
-0.013396 0.718132
0.146420 0.763447
0.003395 0.708776
0.000389 0.704493
0.002481 0.702504
0.008904 0.703963
0.004502 0.705549
-0.002414 0.706836
0.001987 0.708811
0.007514 0.712126
0.009596 0.697053
-0.060285 0.693458
-0.004690 0.708232
0.000848 0.707004
0.005066 0.708594
-0.009288 0.702759
0.004897 0.715471
-0.002801 0.706882
0.006980 0.707222
-0.001541 0.710990
-0.012099 0.704188
0.068356 0.600481
0.022584 0.705212
0.019748 0.702523
0.013020 0.706929
0.021348 0.706190
0.011735 0.703166
0.013049 0.708864
0.003264 0.701551
0.000476 0.704719
0.011473 0.709836
0.139828 0.619308
-0.014849 0.709683
-0.003163 0.707956
-0.009308 0.708390
-0.001049 0.708406
0.001874 0.705869
0.001838 0.712411
-0.007531 0.707305
0.011708 0.713890
-0.023268 0.714843
0.005875 0.725019
0.018165 0.708362
0.025818 0.707549
0.020619 0.703991
0.018776 0.702483
0.020692 0.707962
0.026013 0.715166
0.024244 0.712670
0.011563 0.707115
-0.017764 0.695581
-0.068165 0.681562
-0.011751 0.707188
-0.014569 0.705361
-0.009452 0.709648
-0.009926 0.709051
-0.012087 0.706560
-0.011015 0.705111
-0.012339 0.706853
0.014179 0.711702
0.004784 0.718291
-0.119439 0.786269
0.000718 0.707357
0.006311 0.707238
0.001808 0.706046
0.006854 0.706724
0.008429 0.711403
-0.001566 0.707653
0.004319 0.704636
0.001618 0.714811
0.011978 0.712111
-0.019584 0.580664
-0.006184 0.707434
-0.002319 0.706145
-0.009297 0.711543
-0.011150 0.710779
-0.009184 0.710500
-0.005658 0.710626
-0.002505 0.701476
-0.001393 0.709406
-0.001580 0.691855
0.018168 0.793087
-0.009112 0.696771
0.007811 0.690207
-0.008588 0.690877
0.009346 0.694554
0.019474 0.703272
0.001806 0.695603
0.016476 0.698542
0.016464 0.697313
0.048598 0.708378
0.050409 0.668357
-0.050441 0.714323
-0.048771 0.719124
-0.052469 0.718555
-0.047357 0.714124
-0.049989 0.710849
-0.042300 0.714885
-0.068015 0.709040
-0.040925 0.715389
-0.056992 0.688055
0.049341 0.756459
-0.049215 -0.031323 0.004683 -0.003332 0.001891 0.008466 0.010717 -0.007040 
0.234590 -0.017346 -0.004449 -0.002484 -0.000877 -0.002101 -0.002747 -0.000249 
-0.047105 -0.005974 0.008085 0.008916 0.006375 0.001983 -0.006274 -0.005856 
0.151348 -0.010962 -0.005064 0.000150 -0.003835 0.005270 0.005020 -0.009577 
-0.014893 -0.007269 0.001868 0.003466 -0.001553 -0.001883 -0.003004 0.002160 
0.056726 0.003813 -0.000325 -0.005320 -0.000139 -0.001577 0.004058 0.000685 
0.010485 -0.000157 0.001753 0.000289 0.001989 -0.003355 0.002043 0.002641 
-0.026898 0.003672 0.001964 -0.001201 0.003398 -0.003851 -0.000039 0.005293 
0.029081 0.002801 -0.006118 -0.004984 0.006301 -0.004891 0.003550 -0.006621 
-0.090650 -0.008816 0.003497 0.006200 0.001685 0.002115 -0.006642 0.003132 
0.033420 0.000820 0.000560 -0.003688 0.000733 -0.004618 -0.000488 0.000471 
-0.141585 0.001179 -0.003613 -0.003981 -0.000041 -0.005904 -0.004637 -0.000939 
0.073723 -0.017614 0.002147 0.003950 0.006622 -0.000791 -0.001002 0.002291 
-0.202828 -0.024891 -0.002032 0.001732 0.003741 -0.002656 0.002629 0.004810 
0.067506 -0.025360 -0.001887 0.001470 -0.003715 -0.009569 -0.001806 0.000261 
-0.235172 -0.029496 0.000756 0.001753 0.001194 0.002467 0.002873 -0.002777 
0.022205 -0.058269 -0.007942 -0.004887 -0.007230 -0.000076 0.006532 0.003182 
-0.247882 -0.019161 0.018353 -0.002603 0.006660 0.008512 0.000837 -0.003873 
0.046210 -0.086013 -0.005454 0.001540 0.005594 -0.000944 -0.001642 -0.003916 
-0.182561 -0.003408 0.019687 0.000201 0.009145 0.007595 -0.008552 -0.005039 
0.004567 -0.005792 0.003172 -0.000167 -0.003727 -0.007241 -0.001229 -0.000010 
-0.026608 0.000147 0.002588 0.002970 0.001208 0.002315 -0.000167 0.005857 
0.004868 -0.011950 -0.002816 0.003560 -0.002687 -0.001424 -0.002982 0.001179 
-0.026110 -0.003326 -0.003357 0.002276 -0.000922 -0.006286 -0.013579 -0.003573 
0.004615 0.005518 -0.003841 0.012196 0.002559 0.000755 0.002396 0.005286 
-0.010832 -0.010279 -0.003373 -0.004464 -0.006525 -0.003515 0.005110 -0.007692 
-0.003042 -0.007717 -0.008677 -0.002589 0.006206 0.000808 -0.007144 -0.005354 
-0.004487 -0.005248 -0.002207 0.006413 0.002422 0.005164 -0.001046 -0.002362 
0.011163 -0.005590 -0.010140 -0.003281 -0.001666 0.005344 -0.006620 -0.010513 
0.008075 0.002585 -0.008783 -0.001201 -0.002486 -0.006622 -0.003398 -0.004628 
-0.002925 -0.004664 -0.004236 0.005079 -0.003810 0.003534 -0.006719 -0.005204 
0.006430 -0.005409 -0.005268 -0.002975 0.000832 -0.001273 -0.004093 0.001274 
0.006943 0.000253 -0.010260 0.014199 -0.000860 0.005743 0.005555 -0.006021 
0.018573 0.009632 0.004591 0.000283 0.000055 0.003554 -0.001636 0.009347 
0.018266 -0.012196 -0.013439 0.015394 -0.000426 -0.003002 0.005662 -0.002721 
0.011239 -0.007483 -0.001259 0.004536 0.008559 -0.009424 -0.013171 -0.000196 
-0.008353 0.008055 -0.003411 0.000284 -0.008545 0.013659 -0.008789 -0.012340 
0.011540 -0.006985 0.011220 0.001668 0.004165 0.002709 -0.013455 -0.000170 
-0.092382 0.039493 -0.028600 0.015044 0.007362 0.003642 -0.008996 -0.000890 
-0.057890 -0.005223 -0.005511 0.018346 -0.002030 0.010254 0.007547 0.002201 
-0.049162 -0.032697 0.004538 -0.007558 -0.001616 0.003652 0.003066 -0.009012 
0.236480 -0.015653 -0.004367 0.002752 -0.001446 -0.005908 0.000720 0.001057 
-0.048053 -0.004861 0.006376 0.001675 0.000552 0.003333 0.000377 -0.004205 
0.154579 -0.008245 -0.003279 -0.000909 -0.000391 0.002680 0.006590 -0.007568 
-0.015893 -0.009314 0.002630 0.007564 -0.002345 -0.002826 -0.000110 0.001158 
0.058042 0.001525 0.001291 -0.007901 -0.000405 -0.000382 0.003298 0.005548 
0.010914 -0.001196 0.002699 0.000347 0.004868 -0.004750 0.001265 -0.002009 
-0.025618 0.005096 0.000726 -0.004531 -0.001165 -0.002494 -0.004318 0.005148 
0.029790 0.003671 -0.006657 -0.004522 0.004643 -0.001177 0.003695 -0.009618 
-0.091671 -0.007707 0.004154 0.003317 0.002973 0.002030 -0.002824 -0.001022 
0.033392 -0.001324 -0.003228 -0.001655 -0.001930 -0.003071 -0.006971 -0.001386 
-0.142448 0.000564 -0.001125 -0.000024 0.001084 -0.000433 0.002740 0.002769 
0.072904 -0.015931 0.001386 0.005586 0.004557 -0.002216 -0.000070 0.000730 
-0.205435 -0.025281 -0.001411 0.002708 0.000686 -0.000874 0.003466 0.002836 
0.067710 -0.025404 -0.003564 -0.000855 -0.002314 -0.006446 -0.003078 0.003502 
-0.236220 -0.030357 0.000834 0.001420 0.001462 0.001512 0.004177 -0.002037 
0.026621 -0.058696 -0.009088 -0.005129 -0.006843 -0.002114 0.005915 0.000087 
-0.248781 -0.023153 0.016557 -0.002074 0.005122 0.007198 -0.004233 -0.003064 
0.066802 -0.090996 -0.008109 0.002202 0.003540 -0.000501 -0.000259 -0.000961 
-0.175411 -0.011124 0.021999 0.004400 0.006547 0.004599 -0.004403 -0.005750 
-0.040668 -0.043950 0.007442 0.001199 0.006988 0.004628 0.002374 0.006423 
-0.203139 0.014517 0.007063 0.008051 0.002383 -0.003033 0.001924 0.003559 
-0.027043 -0.015853 0.007757 -0.001662 0.001456 -0.002212 0.008664 -0.003082 
-0.130449 0.009376 0.009644 0.004508 -0.003675 -0.003010 0.007778 0.000730 
-0.011329 -0.005188 0.000209 -0.000559 0.002593 0.005826 -0.004434 0.002048 
-0.052705 0.002847 -0.003632 0.002416 -0.002371 -0.005874 -0.002657 0.003808 
0.007633 -0.005865 -0.007593 -0.003780 0.009703 -0.004582 0.008348 -0.001679 
0.008304 -0.007538 -0.002235 -0.000411 -0.005604 0.002298 0.004888 -0.004554 
0.004407 -0.002534 -0.016073 0.006430 0.000066 -0.015295 -0.006373 -0.001695 
0.069019 0.007405 -0.001945 -0.005711 0.006161 0.005244 0.002199 -0.005824 
0.025325 -0.014797 -0.006090 0.004212 -0.008709 -0.004118 -0.004093 -0.000040 
0.112825 0.007716 0.007500 -0.005457 -0.001416 0.008124 0.001178 -0.007431 
0.012573 -0.001332 -0.008147 0.013471 -0.002885 0.000421 0.001136 0.007357 
0.138225 0.003501 -0.011464 -0.007727 0.000347 0.001894 -0.012534 -0.011569 
0.009433 -0.016368 -0.014274 -0.000998 0.001337 -0.010222 -0.011544 0.009229 
0.161258 0.005186 -0.008444 -0.005743 0.001924 0.008142 -0.014671 -0.024546 
0.034047 -0.040401 -0.020435 0.002768 0.001940 -0.008753 0.001179 0.007523 
0.183504 0.013000 -0.015645 -0.026321 0.000253 0.000597 -0.015159 -0.036098 
0.052687 0.060389 -0.007863 -0.001616 -0.006477 -0.021413 0.006901 0.000675 
0.166362 0.007774 0.009206 -0.020023 -0.002267 -0.010543 -0.004317 -0.030995 
0.004647 -0.018319 0.001032 0.002326 0.001972 0.002523 0.008133 0.003388 
-0.085753 0.003442 0.012808 0.006040 0.000537 0.000007 -0.000839 -0.004390 
0.009078 -0.006741 0.002246 0.003427 -0.000035 -0.003016 -0.000585 0.007218 
-0.048824 0.008257 0.002204 -0.001228 0.009300 0.007052 0.001759 0.002075 
0.007973 -0.008219 0.003543 -0.005148 0.000011 0.001953 -0.006508 0.000112 
-0.017587 0.002401 -0.000808 0.001386 -0.001804 0.004117 0.002993 -0.003326 
-0.006160 0.004834 -0.000710 -0.005874 -0.000403 -0.002755 -0.001992 0.003791 
-0.000013 0.005563 0.004180 -0.008890 0.004727 0.000997 0.001024 -0.000421 
-0.001525 -0.004729 -0.003244 0.003540 -0.007823 -0.000318 -0.001836 0.003542 
0.032137 -0.002789 -0.002644 -0.007269 -0.006581 0.004061 -0.001519 -0.001168 
-0.007388 0.003866 0.001181 0.005799 0.004451 -0.008605 -0.002949 0.001276 
0.040970 0.000969 0.003302 -0.007277 -0.006025 -0.000720 0.000254 -0.002177 
-0.009324 -0.006218 -0.005395 0.002987 0.000118 -0.001374 -0.003515 0.008500 
0.063515 -0.000712 0.000804 0.002811 -0.002403 -0.004297 0.003279 -0.005444 
-0.017150 0.004513 0.000200 0.003670 0.000999 0.000869 0.008304 0.001084 
0.081243 0.002012 -0.002251 -0.003441 -0.000815 0.002859 -0.006917 -0.004198 
-0.028574 0.004326 -0.006503 0.006689 -0.018266 0.005373 0.007642 -0.006750 
0.111736 0.000117 -0.004231 -0.003735 0.004297 -0.002589 -0.001953 -0.002773 
0.147803 0.014857 0.005865 -0.008192 -0.007401 -0.012356 -0.001162 -0.012924 
0.081992 0.024365 0.015571 0.000724 0.002843 -0.007674 0.006825 0.008635 
0.038479 -0.007434 -0.003338 -0.002749 -0.000717 0.003295 0.002861 0.000258 
-0.038610 0.005946 0.001537 0.001199 0.006318 -0.002422 -0.000715 -0.000692 
0.030676 -0.000498 -0.008403 -0.003574 0.003361 0.006283 0.003263 0.000940 
-0.015863 0.003810 0.002323 0.002955 0.001197 0.007034 0.005542 0.012472 
-0.003115 0.008130 -0.005961 0.000595 -0.000947 -0.008502 -0.002548 0.000809 
-0.010032 0.006183 0.004372 -0.008266 0.006304 -0.006532 0.004439 0.003160 
-0.005645 -0.001530 0.001859 -0.002190 0.008492 0.003402 -0.003572 -0.002706 
0.009268 0.008033 -0.004207 0.000834 -0.001287 0.002546 0.001743 -0.004276 
-0.013461 -0.011032 0.007379 -0.002702 0.003405 0.000725 -0.000588 0.001026 
0.016581 0.002653 -0.006634 -0.002303 -0.000645 -0.000605 -0.000337 0.004770 
-0.016396 -0.003173 -0.007119 0.000038 0.010737 -0.000485 0.001753 0.000074 
0.025098 0.006515 -0.006547 0.007287 0.000958 0.001694 -0.000839 -0.000615 
-0.042976 0.001180 0.000025 0.007593 -0.000493 -0.003707 0.005293 -0.002313 
0.032798 0.005858 0.001799 -0.003968 0.000800 0.001487 -0.005024 -0.002205 
-0.040780 0.002707 -0.004409 -0.001379 -0.002853 0.007138 -0.001053 0.001672 
0.034742 0.000171 0.002604 -0.007096 0.001004 -0.003766 -0.005716 0.005370 
-0.055304 0.000596 -0.005773 -0.010202 0.000147 -0.001481 0.004025 -0.006232 
0.034006 -0.006567 0.006325 0.002798 -0.004594 0.000917 0.003351 0.001481 
-0.116331 0.045307 -0.002945 0.005099 -0.000570 -0.011904 -0.004230 0.001387 
0.055821 -0.024888 0.019449 0.003172 -0.000711 0.001925 -0.007113 0.006117 
0.018910 -0.006754 -0.000013 -0.000317 0.004216 -0.010194 0.001225 -0.010759 
-0.019367 0.005293 -0.005142 -0.001941 -0.004486 0.003894 0.001833 -0.003250 
0.011964 -0.001954 0.002321 -0.000971 0.000545 0.001011 -0.005324 -0.005264 
-0.004893 -0.005230 0.006544 0.007579 -0.005641 0.005306 0.001086 -0.006949 
-0.002911 -0.003804 0.009793 -0.001909 0.011186 -0.004915 0.001551 0.003985 
0.003752 0.005354 -0.000174 -0.001429 -0.005180 0.004720 0.004405 0.005153 
-0.002363 -0.001151 -0.000385 0.002477 0.007323 -0.003445 -0.006371 0.001228 
0.012178 -0.005617 0.008661 0.001647 -0.001474 0.001242 0.003019 -0.005837 
0.015404 0.004311 -0.005105 0.000226 -0.001094 -0.002599 0.005018 -0.001566 
-0.003815 -0.001376 0.004539 0.002107 -0.005671 0.000494 -0.007106 0.002045 
-0.010708 -0.004160 -0.007124 0.002428 -0.003010 0.002183 -0.000572 0.001061 
0.012120 -0.001391 0.010436 -0.003214 0.007233 0.006537 -0.002073 -0.005588 
-0.028558 0.003174 -0.003939 0.001399 -0.001095 -0.002742 0.003859 0.001933 
0.012982 -0.010788 0.004487 -0.001111 -0.001164 0.005805 -0.006040 0.000519 
-0.016838 0.002057 0.001746 -0.001052 0.003676 0.001867 0.000666 -0.005358 
0.011199 -0.003489 0.004026 -0.000963 -0.000287 -0.001742 -0.002884 0.006290 
-0.021397 -0.036650 0.005842 0.004216 -0.001617 0.008281 0.007926 -0.004650 
0.056985 -0.000483 -0.004768 0.007199 0.005878 -0.004001 -0.001705 -0.001713 
0.021694 -0.058653 -0.003083 -0.002434 0.005674 -0.004367 -0.013006 -0.002430 
0.097572 -0.000253 -0.012463 -0.006961 0.005319 0.000676 -0.006918 -0.002206 
-0.009730 -0.002502 -0.008750 -0.005126 0.002352 -0.006048 0.003091 -0.001549 
-0.035054 0.000648 0.007522 -0.004265 -0.003876 0.002358 -0.007545 0.012268 
-0.004690 -0.001844 0.004448 -0.002327 0.002112 0.000063 -0.002927 0.007633 
-0.024171 0.003303 -0.004703 0.005718 0.009637 0.003348 -0.005297 0.001735 
0.004889 -0.001959 0.003087 -0.003464 0.002369 0.007004 -0.000839 -0.001148 
-0.011426 -0.003011 -0.003794 -0.000301 -0.001021 -0.008101 0.000690 -0.000913 
0.007186 -0.006503 -0.007007 0.005400 0.004834 0.001843 -0.002717 -0.004822 
0.020217 -0.005441 -0.000270 -0.005684 -0.002088 -0.001029 0.000732 0.003964 
-0.001394 -0.005759 0.003949 -0.003212 0.007531 0.001913 -0.006645 0.001141 
0.018119 -0.002039 -0.000370 -0.006345 -0.005755 -0.004205 0.010843 0.001836 
0.002971 0.002427 -0.010034 -0.004789 -0.006493 -0.005279 0.002032 0.004742 
0.035153 -0.001919 -0.003372 -0.006503 -0.002045 -0.003689 -0.000701 0.002298 
0.001889 0.003996 -0.005727 -0.002612 -0.004245 0.007861 0.003148 -0.003777 
0.045804 0.003455 0.007046 0.002256 0.001146 -0.000856 -0.006626 -0.002665 
0.005018 -0.007339 -0.002583 0.000132 -0.003095 0.005083 0.004911 0.000358 
0.049428 -0.011742 -0.005708 -0.007229 0.008092 -0.006818 0.003688 0.001043 
-0.009020 0.021530 0.005982 -0.002764 -0.001345 0.004202 0.008317 0.004576 
0.044758 0.003510 0.005557 0.003151 0.001219 -0.002095 0.002998 0.003140 
-0.044541 -0.013186 -0.003744 -0.008055 0.013674 0.009091 -0.011486 -0.003105 
0.002143 -0.002944 -0.004290 0.003798 -0.001008 0.000154 0.003297 -0.006936 
0.019706 -0.026404 -0.004621 0.005073 0.005843 -0.002159 -0.002380 -0.009336 
-0.159618 0.001306 -0.007422 -0.002945 -0.000824 0.001331 0.003612 0.001748 
0.014677 -0.007514 -0.000086 -0.000055 -0.002964 -0.001860 -0.001743 -0.010010 
-0.083695 -0.001557 0.002893 0.004990 0.002187 0.001105 -0.010880 -0.002441 
-0.001266 0.001393 0.004015 -0.000130 -0.005294 -0.005318 0.006923 -0.002307 
-0.031739 0.003965 -0.007592 -0.000827 0.003322 0.001176 0.003493 0.003117 
0.005183 -0.008999 0.002555 -0.000253 0.005725 -0.002218 0.004394 0.001892 
0.021377 0.001690 -0.000377 0.003020 0.005696 0.001151 0.003885 0.000616 
-0.002075 0.007289 0.001352 -0.010102 0.004469 0.004646 -0.008460 0.005411 
0.053939 -0.002048 0.000383 0.003984 -0.004355 -0.002692 -0.008514 -0.005089 
-0.014423 0.003983 -0.000677 -0.000906 -0.008057 0.002911 0.000215 0.005359 
0.100024 -0.003500 0.011653 -0.002603 0.006552 0.001300 -0.002655 -0.002550 
-0.038165 -0.001424 0.000833 -0.005960 -0.000895 0.001946 -0.001437 -0.003979 
0.138509 -0.010627 0.000377 0.000832 -0.005188 -0.000629 -0.001430 -0.002727 
-0.034779 -0.017016 -0.006006 0.002575 0.007989 0.004305 0.000378 0.004265 
0.163224 -0.005562 -0.001038 0.004551 -0.000858 -0.004196 0.008788 0.000145 
-0.048063 -0.001204 0.000843 0.003761 -0.004908 -0.007312 -0.000897 0.006835 
0.219998 -0.012749 0.009415 -0.003006 0.008060 -0.003472 0.001488 0.000861 
0.051665 -0.051169 -0.000919 0.006099 0.006029 -0.000149 -0.006304 0.004965 
0.235632 0.017172 -0.013061 -0.006019 0.001395 0.004687 -0.008536 -0.005268 
0.010629 -0.005845 0.002253 0.002609 -0.003279 -0.000347 -0.000175 0.000797 
-0.024201 0.008378 -0.000187 -0.001189 0.003169 0.004239 0.003688 0.004923 
0.003650 0.010683 0.000777 0.004579 0.002016 0.001344 0.004621 -0.002503 
-0.006280 0.003917 0.002226 -0.002910 0.001650 -0.004788 0.003989 0.005528 
0.000108 -0.004230 0.002449 -0.003021 0.005637 -0.002300 -0.002923 -0.004181 
-0.006393 0.004526 -0.002505 0.003701 -0.000061 0.006649 0.004129 -0.003088 
-0.004290 0.000839 0.005972 0.002558 0.001541 0.000944 -0.002567 0.000931 
-0.001117 0.001516 -0.004650 -0.003646 0.010144 -0.001953 0.008531 0.009085 
-0.007745 -0.008926 0.005318 -0.001447 0.005654 0.000906 0.003438 -0.011249 
0.012300 0.001746 0.006694 -0.005275 0.002248 0.003117 -0.005462 0.005677 
-0.004758 -0.008302 0.003421 -0.004656 -0.000065 -0.005908 -0.007758 0.004724 
0.016119 0.004054 -0.001856 -0.005594 -0.008719 0.001837 0.003054 -0.009606 
-0.008931 -0.002241 0.012659 -0.000416 0.007752 -0.005644 -0.004320 -0.001482 
0.012636 0.006958 0.002541 0.004649 0.000412 -0.001033 -0.001526 0.003209 
-0.010325 -0.014002 0.001679 -0.008720 -0.006170 -0.005729 -0.003183 -0.009347 
0.000917 -0.005148 0.002204 -0.001148 -0.013506 0.010304 0.002721 -0.001965 
-0.007529 -0.031555 -0.001527 -0.002528 0.011410 0.008068 -0.009034 -0.015225 
0.005963 0.003584 0.007247 0.005563 -0.000224 0.004977 0.008461 -0.010045 
0.010450 -0.013314 -0.014713 0.006874 0.012513 0.000805 -0.011407 -0.012679 
0.103102 0.000921 0.001203 0.010504 0.026365 0.003883 0.010321 -0.008373 
0.026535 -0.010240 -0.000862 -0.004443 0.005829 -0.003472 0.005403 0.002104 
-0.015843 0.006759 0.011425 -0.005587 0.006444 0.005539 0.000051 -0.001295 
0.015636 -0.011090 0.006096 0.000263 -0.005055 0.002547 0.000676 -0.007496 
-0.018044 0.004803 -0.003478 0.004383 0.000396 -0.006950 0.003825 0.002523 
0.005876 0.000019 0.005765 0.000863 0.005563 0.000536 -0.007471 0.002723 
0.001149 -0.007001 0.004219 0.001346 0.001941 -0.000312 -0.001157 -0.003798 
-0.003220 0.002423 -0.001244 -0.002344 0.000139 0.009982 0.007223 0.003143 
0.007259 0.009352 0.004886 0.001620 0.002501 -0.003229 -0.003592 0.009554 
-0.006567 0.000018 0.004430 -0.002254 0.004015 -0.005501 0.004607 0.002779 
0.001710 0.003949 0.003425 0.004694 -0.007318 0.002232 -0.008236 0.002455 
-0.025094 0.008806 0.003924 -0.010095 0.002344 -0.008536 0.002117 0.003582 
0.010897 0.003826 0.003893 -0.002679 -0.002483 0.006716 0.004101 -0.005374 
-0.023685 0.008656 0.005692 0.001909 0.005510 0.010041 -0.001026 0.005238 
0.012849 0.000361 0.012255 -0.009756 -0.001819 0.001417 0.002106 -0.003731 
-0.012796 -0.001309 -0.010965 -0.004315 0.003420 0.009234 0.000068 -0.001720 
0.021388 0.002912 0.003334 0.004614 -0.008712 -0.001767 -0.003013 0.001987 
-0.025455 0.000715 0.002909 -0.009420 0.009996 -0.003593 0.000787 0.015328 
-0.013665 0.005982 0.014703 0.003452 -0.004856 0.016740 -0.008133 0.002208 
-0.115612 -0.024457 -0.009250 -0.003968 0.016963 -0.012119 0.010254 -0.006174 
-0.067109 0.004276 0.015691 0.002865 -0.009599 -0.001042 0.009947 -0.018747 
0.023395 -0.004093 -0.004129 -0.004620 -0.004291 0.003113 0.001618 0.004934 
-0.014279 -0.000324 -0.006932 -0.011036 -0.002011 0.002732 0.001625 0.003546 
0.020415 0.002544 -0.004973 0.000529 -0.000478 0.010587 -0.004251 -0.000511 
-0.010853 0.005263 0.002397 0.005370 0.003547 -0.006626 -0.000629 -0.006994 
-0.006529 0.005102 0.003240 -0.003696 -0.005575 0.000377 0.006034 -0.011283 
0.000451 0.003710 0.003713 0.004756 -0.001310 -0.007870 0.001875 -0.008696 
-0.000159 -0.005890 0.002994 -0.005488 -0.005949 0.006852 -0.000508 0.006760 
0.009760 0.011552 0.001393 -0.009272 0.001541 0.001197 0.001229 -0.004641 
-0.006059 0.005248 0.005839 -0.006194 -0.000823 0.003112 0.010318 0.004256 
0.005178 -0.004147 -0.001874 -0.004956 0.000343 -0.000674 0.006422 -0.000788 
-0.019982 -0.002278 -0.000046 -0.007716 0.008087 0.003923 -0.001880 0.006548 
0.018098 0.008463 -0.003493 0.005989 -0.000699 0.002733 0.007168 -0.002503 
-0.022081 0.005010 -0.004688 0.005818 0.000604 -0.001886 0.004482 -0.003436 
0.012330 0.006251 0.001139 -0.001939 -0.008352 -0.007030 -0.006932 0.012952 
-0.020377 -0.000058 -0.002106 -0.010406 0.009920 0.002299 -0.009861 0.005805 
0.017951 0.001511 0.007949 0.002747 -0.004592 0.003691 0.005059 -0.003243 
-0.017533 0.009266 0.001523 -0.005458 0.002590 -0.003436 -0.003037 -0.000584 
0.011493 0.004513 -0.003055 -0.001925 0.001195 0.005473 0.012238 0.007916 
-0.046456 0.064306 -0.017111 0.008578 -0.013011 0.015976 -0.004276 0.014924 
0.020880 -0.002797 0.021398 0.007221 0.003829 0.015680 -0.001853 -0.001016 
0.015359 -0.004669 -0.001236 0.003961 -0.001925 0.002862 -0.001617 0.000940 
-0.010309 0.012627 -0.003001 0.006838 0.004470 0.004406 -0.003704 -0.000654 
0.012626 -0.000072 0.009960 0.007707 -0.017083 0.010001 -0.009908 0.001668 
0.002606 -0.001620 0.004841 -0.006309 0.001952 0.000626 0.003431 0.000540 
0.005315 0.008435 0.002400 0.005278 0.000946 0.004917 0.000774 -0.004061 
-0.003760 0.003375 0.001032 0.004705 0.001461 -0.006590 -0.005284 0.005812 
-0.006276 0.004957 -0.003728 0.005397 0.002471 -0.006590 0.002268 0.005204 
-0.002088 -0.001101 -0.000925 0.000850 -0.011759 -0.008369 0.000906 0.005595 
-0.012345 -0.004191 0.003439 -0.003199 0.003246 0.004497 -0.000536 -0.004969 
0.009180 0.001708 0.003015 0.007179 -0.002397 0.010158 -0.004510 -0.000877 
-0.002272 0.000034 -0.005447 -0.008655 0.001967 0.000842 -0.000688 -0.000515 
0.005456 0.006678 0.006666 0.003300 0.003495 0.001399 -0.000237 -0.004615 
-0.019424 0.023286 -0.002550 -0.001313 0.001472 0.003086 -0.003026 -0.003365 
0.021009 -0.002728 0.010941 0.009586 -0.004847 0.005741 -0.004110 -0.000173 
-0.013727 0.008665 -0.008033 -0.007003 0.000888 0.000419 -0.011008 -0.000623 
0.006362 0.013555 0.004182 0.011969 0.006968 0.009748 0.008644 -0.001092 
-0.025158 -0.034251 -0.010538 0.004848 -0.005400 0.010285 -0.010875 -0.006212 
0.022644 -0.009624 0.005419 -0.001492 -0.007875 -0.002739 0.010190 0.004965 
-0.090848 0.020099 -0.008645 0.013928 0.001673 0.000966 -0.016292 0.011341 
-0.008696 0.010712 0.009752 0.005726 0.003479 -0.021685 0.010324 -0.012410 
0.012768 -0.007375 -0.001358 -0.007640 -0.002531 0.002514 0.002841 0.006541 
-0.009006 0.000567 0.004304 0.010367 -0.001131 0.003858 0.003746 0.008249 
0.012599 -0.007235 0.000455 0.006087 -0.004114 0.008335 -0.000596 0.005395 
-0.007334 -0.004095 0.001017 0.005853 0.008466 0.000666 0.001367 -0.000219 
-0.008857 -0.004893 -0.003150 -0.000116 0.005631 -0.000130 0.005629 -0.001806 
-0.009404 0.008095 0.002517 -0.000292 -0.001351 0.003311 -0.000697 -0.005583 
0.000473 -0.000509 0.006667 0.008153 0.007744 -0.003453 0.000874 0.008073 
-0.000839 0.008049 0.002946 -0.002085 0.003981 -0.003304 0.005475 0.003132 
-0.008988 0.007557 0.005015 -0.002872 -0.001623 0.000911 -0.003092 0.007655 
0.014251 0.009062 0.003065 -0.003485 0.001553 -0.001308 -0.009443 -0.002913 
-0.007992 0.000272 -0.002218 -0.002181 -0.003793 0.004549 0.000387 0.002156 
0.009697 -0.001533 0.007474 0.006106 -0.007569 0.011262 -0.001024 -0.006020 
-0.012939 -0.001546 -0.002639 0.000741 0.007600 -0.004192 0.000874 -0.002122 
0.008862 0.005815 -0.004686 -0.006613 0.002586 0.014069 -0.005580 -0.004867 
-0.021325 -0.003604 -0.005760 -0.002735 -0.005017 -0.003582 -0.007690 0.001886 
0.011067 -0.001222 0.009814 -0.002671 -0.004389 -0.001398 0.002150 0.000820 
-0.008218 -0.015554 -0.001851 -0.008434 0.008217 0.001679 0.009313 0.001035 
-0.015790 0.000537 -0.001152 -0.002743 0.000091 -0.003511 0.008682 0.003141 
0.079858 0.109609 0.021158 0.015324 0.003847 0.006483 0.004771 0.017666 
0.023030 0.004003 -0.002884 0.006424 -0.000954 0.012145 -0.003900 0.000412 
0.017029 -0.006450 0.013436 -0.008483 0.001205 0.006743 0.008228 -0.000570 
-0.003287 -0.000321 -0.004685 -0.010354 -0.002615 0.001123 0.001726 0.001354 
0.007104 0.000116 0.003309 -0.003908 0.003958 0.007461 0.001544 -0.006368 
-0.004235 -0.008818 0.006126 -0.005224 0.006705 -0.002120 0.003323 0.004008 
-0.001193 -0.003348 -0.005932 0.001031 0.006101 -0.001736 -0.004233 0.004732 
0.001807 0.005129 -0.009284 -0.002692 -0.001903 0.005478 -0.004068 0.001929 
0.006547 -0.001942 0.008040 -0.002046 -0.007140 -0.007919 0.007172 -0.000977 
0.005190 -0.010637 -0.000425 0.007088 0.000730 0.000707 -0.000230 0.001708 
0.007895 0.005567 -0.000782 0.006224 0.001758 0.003222 -0.005985 0.000520 
-0.003492 -0.001524 0.000406 -0.003890 0.002564 0.003218 0.002022 -0.005749 
-0.009752 0.003336 -0.005679 0.001162 -0.000774 0.007880 -0.002890 0.009590 
0.013559 -0.001446 0.008432 0.009319 0.005160 -0.004252 0.006502 0.010282 
-0.024482 -0.003341 -0.002699 0.000665 -0.004495 0.003920 -0.000589 0.004303 
0.014788 0.000056 -0.001737 -0.003172 0.003936 0.005205 -0.006697 0.005361 
-0.009851 0.003774 -0.006941 0.000052 0.002625 0.002564 -0.005975 -0.002845 
0.003231 0.002176 -0.005014 -0.002096 -0.000304 0.009497 0.015737 0.017008 
0.015316 -0.018010 -0.002589 0.007791 0.003028 -0.001696 0.005290 -0.019312 
0.005085 -0.001302 0.008591 -0.005639 0.003707 -0.004137 0.004824 -0.001814 
0.092128 0.031854 0.005541 -0.016177 0.001635 0.007841 -0.007843 -0.012706 
0.039080 -0.001735 0.028254 0.019008 -0.002904 0.009463 0.015590 -0.013898 
0.008491 0.003606 -0.012051 0.000777 -0.003485 0.001460 -0.008470 -0.008541 
-0.008131 -0.003153 0.003408 -0.000798 -0.006940 0.006298 -0.004082 -0.000637 
0.002513 -0.013597 0.003571 -0.002788 -0.004600 -0.005996 0.003704 0.007184 
-0.003796 -0.005820 0.004814 -0.005524 0.003624 -0.002379 -0.002192 -0.000985 
-0.003314 0.007676 -0.011673 0.005400 -0.001153 -0.003631 0.001137 -0.001034 
0.008263 -0.000204 0.003137 0.006042 0.012101 -0.002524 -0.003265 0.005626 
-0.001873 -0.002969 0.002667 0.001974 0.002482 -0.000832 0.005129 -0.003021 
0.005078 -0.008647 0.000789 -0.000199 0.003117 -0.004280 0.005860 0.002136 
0.009699 -0.006696 -0.002521 0.001314 -0.001657 0.007945 0.000788 0.003622 
-0.007770 -0.001056 -0.001889 0.005424 -0.003417 -0.000723 -0.004598 0.004827 
-0.006765 0.006762 -0.001568 0.001390 -0.000324 0.000488 0.007449 -0.001905 
0.001643 -0.007741 0.002694 -0.007630 -0.000109 -0.005985 0.001104 0.006714 
-0.013800 -0.001403 -0.001372 0.003876 0.007282 0.005473 -0.001247 0.000024 
0.017771 0.001956 0.006374 0.000929 -0.008895 0.008728 -0.009555 -0.001139 
-0.017308 -0.004304 0.005483 -0.006302 -0.000868 -0.000719 -0.001097 -0.000971 
0.002927 0.000135 0.006767 -0.008529 -0.007360 0.008615 -0.010011 -0.006581 
-0.026193 -0.000550 -0.000471 0.001980 -0.006420 -0.000816 -0.005110 0.003408 
0.041981 -0.005346 -0.001464 0.003894 -0.001434 -0.008606 -0.003321 -0.010989 
0.004758 -0.038581 -0.029270 -0.023759 0.009460 -0.001219 -0.009390 -0.005755 
0.003197 -0.009323 0.007338 0.014531 -0.001028 -0.014256 -0.006098 0.005403 
0.001974 0.011062 -0.001489 -0.002683 0.003467 0.006416 0.001199 0.004565 
-0.002507 -0.000478 -0.001859 0.004225 0.009254 -0.002977 0.002966 -0.006283 
0.015827 -0.002509 -0.006782 -0.010343 0.002096 0.002120 0.000472 0.000961 
0.005100 0.008155 -0.000171 -0.001376 -0.006535 0.006723 -0.004235 -0.007836 
-0.002754 -0.001048 0.000290 -0.002225 -0.002403 0.001630 0.007456 -0.006670 
-0.003043 0.002083 -0.001342 -0.004531 0.000852 -0.002230 -0.000753 -0.009726 
0.000238 -0.001290 -0.002306 0.001015 0.001561 -0.003145 -0.008259 0.004303 
0.010075 -0.000119 -0.008941 -0.000308 0.000766 -0.005470 0.008802 0.001860 
0.006703 -0.004421 0.002933 0.003803 -0.006828 0.006899 0.001863 0.008109 
-0.003361 0.001138 -0.005316 -0.004997 0.006384 0.000145 0.002475 -0.003476 
-0.009281 0.001653 -0.002976 -0.012238 -0.002314 -0.003173 -0.012095 -0.005578 
0.005164 -0.003445 0.005441 -0.008654 0.003504 -0.001585 0.003459 0.001761 
-0.018936 -0.007136 0.006379 0.000189 -0.007850 0.005363 0.009397 0.001348 
0.004494 -0.002925 0.002647 -0.003474 0.000167 0.004412 0.003936 0.007628 
0.007033 -0.006850 -0.003055 -0.006919 0.013444 -0.002346 -0.000733 0.000017 
-0.005252 0.004320 0.005604 -0.002103 -0.007778 -0.010867 -0.001504 -0.003640 
-0.011334 0.000417 -0.008754 0.003265 0.008018 -0.009411 -0.003608 0.015354 
0.010505 0.013985 0.012987 -0.005339 0.009441 0.005649 -0.001630 -0.001735 
0.030170 0.001175 -0.017019 -0.007669 0.010960 -0.003498 -0.006301 -0.002665 
0.036676 0.007155 0.005138 0.000269 0.017955 0.003906 -0.000820 -0.003037 
0.007269 -0.001383 -0.009152 -0.006939 -0.002498 0.010413 -0.002470 0.001606 
-0.010422 0.004341 -0.004808 -0.005045 -0.000421 0.001150 -0.002007 -0.001452 
0.001593 -0.005029 -0.000130 -0.002169 0.009399 -0.013499 -0.000289 0.008790 
-0.009720 0.002154 -0.001681 0.004184 0.002500 0.006699 0.000810 0.003912 
0.000724 -0.000784 0.005786 0.003869 -0.001092 0.005794 0.005656 -0.001039 
-0.004331 0.006901 0.003806 -0.004142 0.002211 -0.002771 0.002773 0.003434 
0.007253 -0.000865 0.009192 -0.003778 0.003823 -0.005592 0.002735 0.003046 
0.004545 -0.000608 -0.001776 0.001920 -0.004032 -0.000367 0.003021 -0.002707 
0.007381 0.004923 0.002127 0.000816 0.007005 -0.003949 -0.003413 -0.001283 
0.002866 0.001923 -0.006523 -0.005643 -0.003093 0.004246 -0.004556 -0.004945 
-0.005993 -0.004286 -0.005476 -0.002034 0.007646 0.001261 -0.000649 0.010485 
0.009495 -0.002376 0.001444 -0.001558 0.000879 0.001527 -0.012580 -0.002272 
0.001083 -0.003000 -0.007101 0.002848 0.012954 0.006821 0.000546 0.004720 
0.005511 0.001701 0.002412 0.004590 -0.007817 0.000494 -0.005176 0.003654 
-0.020346 0.014606 -0.003134 0.004942 -0.001636 0.007332 -0.005060 0.011833 
0.003544 -0.012834 0.005249 0.002478 0.002643 -0.005483 0.002887 -0.011654 
0.000390 -0.023583 -0.000965 0.006975 -0.005592 -0.007090 -0.006329 -0.002713 
0.030935 -0.007650 -0.004185 -0.001020 -0.001681 -0.002925 0.010445 -0.001756 
-0.058570 0.084428 -0.011973 0.007959 0.019036 -0.005105 0.001567 -0.008549 
0.019720 -0.010961 -0.001937 -0.015265 0.028162 -0.002860 -0.003774 0.004856 
0.004438 0.000931 0.004255 0.003430 -0.002100 -0.006251 0.003040 0.000245 
-0.003953 0.005450 -0.000096 0.003094 0.000351 0.000691 0.004086 -0.003233 
-0.000133 -0.001930 0.004784 0.005506 0.001141 0.003291 0.006295 -0.001805 
0.004628 -0.009464 0.002035 -0.004383 0.003988 -0.014113 -0.003860 -0.000107 
-0.002884 -0.000385 -0.001481 -0.001052 -0.002539 0.002244 0.006871 -0.000675 
0.007711 -0.001988 0.000901 0.000919 -0.009425 0.004047 -0.000488 0.011454 
-0.006530 -0.002034 -0.004541 0.002378 -0.000076 0.001353 0.001325 -0.008335 
0.001971 0.008334 0.000912 0.005926 0.003861 -0.005650 0.001448 -0.002279 
-0.001535 -0.001075 -0.009941 -0.004997 -0.001672 -0.001057 0.002847 0.001430 
0.003849 0.002636 -0.003433 -0.004579 -0.006994 -0.001016 -0.000930 0.009055 
-0.012587 0.007989 -0.002645 0.009625 0.002318 0.000571 -0.002090 0.000860 
-0.000091 0.009822 -0.005018 0.000381 -0.007937 -0.006106 0.001996 -0.003271 
-0.000802 -0.016819 0.003173 -0.001831 0.005412 0.007002 0.005397 -0.008705 
-0.008992 0.000148 0.009713 0.001704 -0.006797 -0.000910 -0.000389 0.001320 
0.006477 0.000419 -0.002120 0.001661 0.001029 0.014628 -0.000688 -0.005861 
0.004105 -0.012151 -0.001666 -0.007471 -0.006957 0.009588 -0.001988 0.008315 
-0.006797 0.037207 -0.007278 -0.001074 0.001759 0.004600 -0.006709 0.000039 
0.013120 0.003826 -0.001898 -0.002640 0.000539 -0.006954 -0.006303 0.003616 
-0.024564 -0.068608 -0.004135 0.001827 0.000441 0.007912 -0.000538 -0.006700 
0.048943 0.000394 -0.006939 -0.006804 -0.004323 0.010696 0.005061 -0.016987 
-0.010016 0.002230 0.005008 -0.003552 -0.005205 -0.000600 0.002178 -0.002375 
-0.007547 0.014335 0.005195 0.004850 0.003479 0.000016 -0.001154 0.002061 
-0.002549 0.000118 0.004777 0.000475 0.003110 -0.000000 0.004810 0.006783 
-0.011305 0.001785 0.000996 -0.003679 -0.003842 -0.003182 0.000090 -0.002131 
0.002582 -0.001000 0.001140 -0.007093 0.003903 -0.000180 -0.004914 -0.000728 
0.002006 0.001519 0.000186 0.001687 -0.001180 -0.001845 0.000942 0.002764 
-0.002782 0.009639 -0.004420 -0.004086 -0.000958 0.004789 -0.000740 0.004459 
0.010835 -0.004578 -0.009667 0.001825 0.001467 -0.001943 0.004545 0.001736 
-0.009291 -0.007062 -0.005169 -0.001542 -0.004567 -0.001657 -0.003308 0.000851 
0.006619 -0.001616 0.004311 0.008597 -0.005178 0.002834 0.003863 -0.000890 
-0.006843 0.009062 -0.000441 -0.005599 0.003782 0.016508 0.002910 -0.009763 
0.009404 -0.002653 0.005125 0.005579 0.003070 -0.004126 -0.000961 -0.009534 
0.009877 -0.004409 0.002374 0.002785 -0.003675 0.007299 -0.002028 -0.007015 
0.006213 0.005177 0.005646 0.009394 -0.008333 0.005156 0.005759 -0.006379 
0.000744 -0.007361 0.000523 0.001558 0.010080 -0.001999 0.005690 -0.002008 
-0.001503 -0.006866 0.012105 0.012260 -0.000728 0.000774 0.005664 -0.000683 
-0.011315 0.000757 -0.009706 0.003319 0.002318 0.005016 -0.002324 -0.007217 
0.020973 0.001052 0.010632 0.001958 -0.004058 0.001691 0.010694 -0.016487 
-0.026639 -0.096714 -0.005893 0.005321 0.023932 -0.005612 0.002137 -0.006968 
-0.108348 -0.009986 0.005152 0.010355 -0.007811 -0.002233 -0.016192 0.005904 
-0.007647 -0.011778 0.005768 0.000332 -0.006159 -0.007596 -0.001369 -0.004492 
-0.013514 0.000309 -0.001946 0.000279 0.000630 -0.003014 -0.006699 -0.001517 
-0.003711 0.009882 0.000523 -0.001395 0.007794 0.004662 0.006191 0.003456 
-0.006700 -0.005491 0.003622 -0.000858 0.009636 0.001177 -0.007828 0.002072 
-0.001702 -0.008803 0.003953 -0.004997 0.000645 -0.008303 -0.003290 -0.000339 
-0.013849 -0.004714 0.000520 0.000878 0.000905 -0.003255 0.002570 -0.000283 
0.003348 0.000627 -0.002510 0.002260 0.005572 0.006065 -0.003530 0.000388 
-0.001908 -0.001656 -0.010849 0.001149 -0.010583 0.003283 -0.003639 0.001275 
-0.002089 0.000966 0.002495 -0.001653 -0.004266 0.005760 0.001727 -0.001263 
0.017350 0.002196 -0.007304 0.003818 -0.008183 0.001177 0.003618 0.004724 
0.000819 0.013540 -0.000556 -0.008938 -0.003854 -0.002204 0.005580 -0.003663 
0.006578 0.001731 0.000471 0.001068 0.005311 0.006179 -0.003084 0.007357 
0.001163 0.008377 -0.008557 -0.004906 -0.001331 -0.007738 -0.001865 0.001589 
0.012682 0.000932 0.007418 -0.000559 -0.003257 0.002711 -0.008562 -0.006784 
0.004172 0.006201 -0.000625 -0.002051 0.004847 0.005017 0.010670 -0.001075 
0.029553 -0.008759 0.000239 -0.012153 -0.003582 -0.009650 0.000192 -0.000873 
-0.014565 0.005885 -0.007641 0.008222 -0.006978 0.010257 0.007242 0.002096 
0.043168 -0.021574 0.001203 -0.001177 -0.009949 0.018441 0.004602 -0.013382 
-0.005568 0.075404 -0.007269 -0.000101 0.010563 0.009619 -0.004365 0.003189 
0.021852 -0.012364 0.016621 0.009470 0.005847 0.011622 0.014620 0.005308 
-0.002533 -0.017773 0.001860 0.000092 -0.004424 -0.001739 -0.001659 -0.000329 
-0.036062 0.002607 -0.000942 -0.004889 -0.000863 0.001596 -0.007470 0.003373 
-0.009448 0.001840 -0.009401 -0.000987 -0.001004 0.001831 -0.003805 -0.000808 
-0.024315 -0.000431 -0.002465 -0.014429 0.001552 0.009248 0.006612 0.007994 
0.002480 0.000618 0.006953 -0.004830 -0.001394 0.001412 0.003713 -0.002057 
-0.008843 0.000217 0.006893 -0.005955 0.002975 -0.002841 -0.002137 0.007180 
0.000602 -0.013543 0.005592 -0.001339 0.000047 0.000520 -0.004651 -0.002474 
0.018241 0.003004 0.005983 -0.003077 0.004307 -0.006647 -0.000958 0.003310 
0.006348 -0.007250 0.000308 0.001436 -0.005317 0.007549 0.000548 -0.007248 
0.016543 0.000833 0.000278 -0.010983 -0.004970 0.003426 -0.000292 -0.008913 
0.015627 -0.002099 -0.003988 0.001662 -0.008573 -0.006386 0.005023 0.003381 
0.038919 -0.015695 0.000192 -0.007789 0.004726 0.008679 0.004694 -0.002386 
-0.003175 0.008087 0.001021 0.006035 -0.003937 0.001985 -0.007692 0.006225 
0.045361 0.001738 -0.004261 -0.010425 0.006653 0.005516 -0.002723 -0.007657 
0.009922 0.011897 0.002801 0.006781 -0.014035 -0.000197 -0.003875 0.000037 
0.040826 -0.008929 0.007429 -0.003667 -0.010060 0.001989 -0.006501 0.006686 
0.027089 0.000525 0.011890 0.004026 -0.010948 0.011028 0.003629 0.004375 
0.017936 -0.013802 0.017296 -0.019486 0.001960 0.011431 -0.000995 0.003760 
0.017816 0.010165 0.012497 -0.022831 -0.000126 -0.012848 0.007142 -0.006589 
0.119991 0.001336 0.012244 -0.025664 0.013058 0.002489 0.004896 -0.017076 
-0.008202 -0.015583 0.004355 -0.000574 -0.008504 0.004169 0.003274 0.010728 
-0.056608 -0.003647 0.002529 0.004817 0.004473 -0.003687 0.000252 -0.002671 
-0.009006 -0.006421 0.004961 0.006073 -0.004463 -0.003078 0.003637 -0.004383 
-0.034264 -0.006534 0.004381 0.004969 -0.000261 -0.002036 -0.005163 -0.001901 
-0.006055 -0.006882 -0.002639 0.007150 -0.005324 0.000442 0.002646 0.004473 
-0.000947 -0.000534 0.007717 -0.005606 0.001228 0.007786 0.006097 -0.006123 
0.010872 -0.003649 -0.005835 0.006986 -0.011676 0.003111 -0.000795 0.009368 
0.020099 -0.008333 0.001820 -0.001274 -0.000591 0.007394 0.005015 -0.004751 
0.011756 -0.006596 -0.010233 -0.005740 -0.009538 0.007466 0.012785 -0.000369 
0.006322 -0.003407 0.017053 -0.002971 0.006955 0.019395 -0.000619 0.005102 
-0.002767 0.000172 -0.006931 0.010740 -0.012905 0.008565 -0.000764 0.002927 
0.047183 0.004099 0.004174 -0.012451 0.019116 0.012794 0.008361 -0.001850 
0.002809 -0.004299 0.001695 0.015383 -0.012947 0.015462 0.005158 0.010598 
0.065165 0.002185 0.021006 -0.004109 0.016742 0.001973 0.010738 0.002664 
0.019774 -0.001114 -0.008257 -0.007611 -0.020166 0.016189 0.010038 0.010631 
0.071758 -0.009865 0.021940 -0.019460 0.017543 0.013792 0.010423 -0.001181 
0.008520 0.015676 0.011882 -0.002727 -0.012276 0.009919 0.008425 0.016788 
0.064807 0.005489 0.024715 -0.013311 0.024196 0.008009 0.013323 -0.008914 
-0.019790 0.006558 0.003949 0.013344 0.014181 0.040626 0.007103 -0.016808 
0.022309 -0.009765 0.039562 -0.028470 0.016122 0.027741 0.006637 -0.011703 
0.011284 0.005877 0.006493 -0.003075 -0.003757 -0.000379 0.004016 0.000743 
-0.043039 -0.045713 0.032798 -0.008716 0.022918 0.009165 -0.009445 -0.002445 
0.013202 -0.001655 0.020864 -0.008238 -0.010317 0.003006 0.015815 0.015468 
-0.017799 -0.031620 0.022435 -0.013493 0.028311 0.009089 0.013172 -0.004956 
0.015146 0.011201 0.016585 -0.005579 -0.011799 0.006153 0.009097 0.019366 
0.007346 -0.037714 0.010822 -0.004941 0.017529 0.015875 0.009982 -0.002191 
0.020240 0.000280 0.014191 -0.014215 0.009903 -0.000162 0.001878 0.005025 
0.030077 -0.040189 0.026071 -0.003870 0.020365 0.042101 0.009525 -0.000643 
0.006028 -0.007157 0.013424 -0.036873 -0.011155 0.003638 0.021418 -0.002158 
0.059102 -0.039333 0.038760 -0.003575 0.020053 0.015335 0.006271 -0.004793 
0.015113 0.012776 0.001816 -0.028914 0.003739 -0.012480 0.013807 0.020799 
0.058733 -0.041224 0.033868 -0.008271 0.021654 0.029765 0.014963 0.011328 
0.011205 0.001623 0.031538 -0.020134 0.003734 0.005342 0.011641 0.019833 
0.077574 -0.038233 0.052491 -0.000361 0.019903 0.012768 0.000883 -0.008752 
0.022202 0.001830 0.036242 -0.015177 0.030969 0.012747 0.018464 -0.007394 
0.087317 -0.043311 0.048581 0.016542 0.068960 0.025021 0.012317 -0.021397 
-0.001907 -0.046723 0.013836 -0.017908 0.008137 0.017780 0.016185 0.013747 
0.110368 -0.069931 0.050577 0.002832 0.020947 0.018737 0.026038 -0.054051 
0.045473 -0.031548 0.037664 -0.043476 -0.011305 -0.002984 0.033163 0.037028 
0.135079 -0.034526 0.095532 0.016820 0.036375 0.057301 0.003367 -0.014572 
-0.048412 -0.005826 -0.006439 -0.000501 0.009100 -0.005426 0.001163 -0.003289 
0.010199 -0.011962 -0.004862 0.006248 -0.002347 -0.001746 -0.003877 -0.001515 
-0.026725 0.008334 -0.004902 -0.003701 -0.002140 -0.003169 -0.002666 0.008778 
0.016257 0.000268 0.005811 0.006056 0.008143 0.004642 -0.000075 -0.007042 
-0.014610 -0.000248 0.005517 -0.004249 -0.004429 -0.004944 -0.002532 -0.002255 
0.003989 -0.003437 0.007443 -0.001591 0.006833 0.000545 -0.000604 0.002982 
0.004019 0.002566 0.005952 -0.002889 0.005230 -0.002615 0.011877 0.002890 
0.002248 0.001191 -0.003155 -0.001959 0.000149 0.000666 -0.002587 -0.001511 
0.019301 0.006143 0.002508 0.012418 0.007431 -0.006642 0.004381 0.010438 
-0.008337 0.004050 0.006361 0.002316 -0.009024 -0.004411 0.003126 0.000637 
0.031363 0.006055 -0.004559 -0.006393 -0.002425 0.007339 -0.002769 -0.004703 
-0.010388 -0.001201 0.007873 -0.002101 -0.004499 -0.002104 -0.003105 0.001790 
0.049197 0.008265 -0.003412 0.002310 -0.003096 -0.003786 0.000500 0.000728 
-0.011730 0.002703 0.003767 0.001031 -0.003053 -0.003972 0.008131 -0.002159 
0.068171 0.015518 0.000635 0.002200 0.005586 -0.006077 -0.006505 0.001973 
-0.014827 -0.004639 0.005090 -0.001151 -0.006140 -0.001760 -0.006194 -0.007467 
0.063401 0.005967 0.000510 0.003504 -0.005042 -0.001388 -0.008113 0.002529 
0.002809 -0.002020 -0.003934 -0.008450 0.000049 -0.000217 -0.002080 0.005077 
-0.052625 -0.003758 0.006161 -0.008744 -0.009282 -0.002025 0.003225 -0.004581 
0.120244 -0.008152 -0.003231 -0.004824 0.007506 0.001305 -0.002051 -0.001804 
-0.015151 -0.005465 0.004184 0.002489 0.001262 -0.000019 0.000538 0.003456 
-0.006085 -0.001196 -0.000227 0.005490 -0.004874 0.005730 -0.008184 -0.004273 
-0.017861 0.011180 -0.000847 0.002625 -0.005876 0.002217 0.001877 0.000117 
-0.008088 0.001374 0.007136 -0.005460 0.008073 -0.010327 0.004514 0.002167 
0.001361 0.001228 0.005780 0.007962 0.000334 -0.001626 0.000059 -0.001745 
0.002848 0.004125 -0.002564 -0.004180 -0.000759 0.007811 0.002068 -0.007876 
-0.004050 -0.008031 0.002122 -0.006675 0.003557 0.005291 0.008168 0.002091 
0.004733 0.008800 -0.001469 0.000235 -0.004805 -0.001108 -0.000841 0.002097 
0.005167 -0.002018 0.005509 -0.006862 0.004966 0.004045 0.007235 -0.001949 
-0.000086 0.000753 -0.007119 -0.008322 -0.002376 0.002167 -0.011421 0.001543 
0.010336 -0.000956 0.003353 -0.008208 -0.000317 -0.004913 0.009617 0.005244 
-0.001035 -0.001922 0.005644 0.003232 0.000426 -0.001269 -0.004581 0.006149 
0.011415 0.016404 0.005431 -0.006869 0.006310 0.006057 -0.002204 0.004351 
0.011566 0.003012 0.001570 0.006945 -0.000852 -0.011081 -0.004978 0.000622 
0.001444 0.011419 0.003880 0.003103 0.018712 0.015081 0.007408 0.009117 
0.001379 0.004988 -0.005620 -0.006764 -0.000047 0.005724 -0.004107 0.003132 
0.011100 0.009324 0.012186 -0.014222 0.010791 0.001510 0.011876 0.009591 
0.006480 0.007781 0.005677 -0.001905 -0.008185 0.007748 -0.010661 0.002290 
0.014522 -0.059175 0.001283 -0.013202 0.006531 0.020160 0.000059 -0.000154 
-0.101058 0.008583 0.017496 -0.011805 0.015875 -0.010803 -0.008772 0.002529 
-0.051232 -0.001243 -0.003796 0.003150 0.006512 -0.004668 0.006209 -0.001443 
0.008861 -0.011162 -0.006096 0.004645 -0.003367 -0.000143 -0.008312 -0.001014 
-0.029068 0.008208 -0.000533 -0.002640 -0.000568 -0.001989 0.003051 -0.002454 
0.012877 -0.002322 0.004944 0.006127 0.002306 -0.002500 -0.004116 -0.001948 
-0.013650 -0.001788 0.003183 -0.008888 -0.002940 -0.004396 0.005037 0.000003 
0.006898 -0.000849 0.006940 -0.002735 0.008638 0.002585 0.004709 0.007647 
0.004016 0.001429 0.008802 -0.001408 0.003469 -0.000208 0.010214 -0.001676 
0.004852 -0.002617 -0.003149 -0.003168 -0.003397 -0.002732 -0.000364 -0.001634 
0.020080 0.005244 0.001957 0.012917 0.001878 -0.006987 0.006777 0.008012 
-0.007697 0.002787 0.006816 0.004897 -0.005443 -0.000096 0.003434 -0.002366 
0.035088 0.007100 -0.000314 -0.008093 -0.003091 0.006211 0.001282 -0.008040 
-0.011064 -0.001304 0.003620 -0.003839 -0.001213 -0.004250 0.003147 -0.005200 
0.050233 0.012719 -0.000763 0.005573 -0.001177 0.003594 -0.003435 0.004393 
-0.008894 0.002861 0.001471 0.001721 -0.002327 0.000678 0.003784 -0.003603 
0.068744 0.016121 0.001808 0.000995 0.001455 -0.008072 -0.006653 -0.000656 
-0.014335 -0.002702 0.000927 -0.000322 -0.009987 -0.002739 -0.007478 -0.012532 
0.064189 0.010655 0.004449 0.003084 -0.005218 -0.003422 -0.010586 0.004490 
0.006516 -0.000622 -0.003983 -0.007079 -0.000196 0.004165 -0.002607 0.003421 
-0.053073 0.000415 0.003231 -0.005227 -0.006278 -0.001877 0.003974 -0.003740 
0.103539 -0.006317 -0.001941 -0.003563 0.004641 0.004432 -0.002424 -0.001257 
-0.028153 0.002664 0.011644 0.005328 0.006239 0.001119 -0.004532 0.001556 
0.008539 0.003196 0.001436 -0.004747 0.014422 0.000657 0.005026 -0.007757 
-0.011923 -0.002747 -0.000814 0.003702 -0.003166 -0.003797 0.003852 0.001494 
0.006522 -0.009058 0.002066 -0.005777 -0.001007 0.000222 0.003507 -0.006870 
-0.003687 -0.002542 -0.002521 0.004039 0.001975 -0.006212 -0.003091 0.009476 
-0.004035 0.000913 0.001883 0.002183 -0.001224 0.000731 0.004070 0.002991 
-0.005156 0.007868 -0.000847 -0.002528 -0.002599 0.005697 -0.007182 -0.001549 
0.002928 0.006098 0.007365 -0.002723 -0.003570 -0.001811 0.005906 0.002274 
0.004502 -0.001120 -0.002009 -0.005805 -0.003239 -0.005064 -0.004279 -0.009520 
0.005063 0.012735 -0.009721 -0.001400 -0.003116 -0.000262 0.002378 -0.001794 
-0.007913 0.001548 -0.000248 0.003063 -0.001567 -0.012990 -0.010264 0.001602 
0.004671 0.004050 0.000610 0.004532 0.002156 -0.008066 -0.002304 0.001204 
0.007975 -0.004995 -0.001686 -0.004184 0.009024 -0.014257 -0.006763 -0.003619 
-0.005933 0.001964 0.005129 -0.001291 0.001727 -0.027794 -0.000498 0.000434 
0.008997 0.002636 -0.000983 0.005623 -0.010397 -0.024568 0.011848 -0.000788 
-0.008499 0.000897 0.008190 0.006452 0.006448 -0.039467 0.006398 0.006885 
0.019038 -0.007061 0.000121 -0.004331 0.004498 -0.021414 -0.001719 0.014380 
0.005578 0.005135 0.011461 -0.002971 0.002386 -0.046008 -0.011377 0.005707 
-0.049870 0.054934 -0.007107 0.002995 -0.022742 -0.032248 -0.012329 -0.012204 
-0.030605 0.015561 -0.005314 0.007667 -0.008319 -0.041229 0.029340 -0.005127 
-0.007908 -0.009330 0.005728 -0.005493 0.000288 -0.001645 0.000111 -0.003944 
0.009686 -0.003340 0.003214 -0.001015 -0.003788 -0.000950 -0.006947 -0.007225 
-0.005350 0.006042 -0.004086 0.001579 -0.004423 0.005262 0.003058 -0.001004 
-0.011891 -0.013544 -0.009292 0.004427 0.002688 0.012572 -0.001322 -0.003477 
0.000866 0.008958 0.005437 0.006548 -0.002904 -0.002202 -0.003394 -0.000816 
0.003477 -0.005910 0.003455 -0.005329 -0.000298 -0.004473 0.002394 -0.011133 
-0.001549 0.002775 -0.001930 -0.008877 -0.001582 -0.004597 -0.004385 -0.000222 
-0.000441 -0.003196 0.001413 -0.000028 0.007341 -0.001031 -0.005286 -0.000975 
0.001173 -0.000908 0.000313 0.005087 0.001115 -0.001572 0.001250 0.007440 
-0.001626 -0.001710 0.014638 0.003801 0.001611 0.000110 -0.004259 0.009271 
-0.009073 0.002141 0.004018 -0.008352 -0.001031 -0.008059 0.005986 0.004610 
-0.002681 -0.002152 0.002465 -0.005231 -0.005466 -0.007506 -0.000532 0.004659 
-0.009587 0.008191 0.003447 -0.004484 -0.015460 -0.003910 -0.001918 0.000073 
0.007373 -0.009517 0.001488 -0.002548 0.003421 0.000299 -0.002500 -0.003415 
-0.015795 0.009014 0.007719 -0.000667 -0.000792 -0.000025 0.011354 -0.007314 
-0.012344 -0.000473 0.000990 -0.002828 0.001056 -0.003649 0.005301 -0.004588 
0.015162 0.007230 -0.001988 -0.002861 0.012823 -0.000562 -0.003045 0.006006 
0.024755 -0.003006 0.002362 -0.003140 0.002143 -0.008796 0.002408 0.002768 
0.094463 -0.049454 -0.004829 0.003690 -0.002074 -0.009473 -0.011611 0.001903 
-0.044963 -0.015397 -0.001908 -0.015440 0.002405 -0.009827 0.001084 -0.002790 
-0.024939 0.010912 -0.000142 -0.000704 0.004930 -0.000280 0.005784 0.003551 
0.032905 0.002858 0.010227 -0.002035 0.001258 -0.002160 0.001845 0.008121 
-0.019714 -0.007375 0.002531 -0.003152 -0.005088 -0.000564 0.017062 0.003848 
0.013330 -0.005881 0.006653 -0.004531 -0.001890 0.005902 -0.010327 0.004813 
-0.005414 0.000764 0.002372 0.000150 -0.004087 0.001365 -0.002556 0.000306 
-0.003726 -0.003154 -0.000513 0.000627 0.001439 0.004395 -0.000127 -0.003822 
0.001961 0.006148 -0.001383 -0.003525 -0.004583 0.002133 -0.000409 -0.002547 
0.007534 -0.004880 -0.007615 -0.008280 0.009762 0.002006 0.000636 0.005813 
0.010130 0.000320 -0.009822 0.007603 -0.002794 -0.004420 0.011295 0.003839 
-0.004170 0.007720 -0.001557 -0.002829 0.006230 0.003774 0.001142 0.001340 
0.007730 0.000772 -0.000425 -0.001602 -0.002699 -0.002835 -0.008045 0.000134 
-0.013871 0.005560 -0.000000 0.001152 -0.007432 -0.000872 -0.007841 0.001745 
0.014791 0.014481 -0.005166 -0.002872 0.003098 -0.004058 0.004653 -0.000584 
-0.026411 -0.000992 0.000173 0.001158 0.003801 -0.002908 0.002065 -0.000238 
0.019582 -0.014545 0.002336 -0.001021 -0.005455 -0.000877 -0.001799 0.004051 
-0.030903 -0.001399 0.010730 0.010045 -0.000408 -0.008576 0.008220 0.000187 
0.010724 -0.028788 0.000236 0.003105 -0.001949 -0.007157 -0.002991 0.004736 
-0.062846 0.001334 0.000851 -0.008878 -0.004896 -0.008284 0.005421 -0.000911 
0.115442 0.032192 0.000502 -0.005663 0.001841 -0.010843 -0.004978 -0.005639 
0.025671 0.013893 0.008229 0.008172 0.010630 0.000140 -0.013960 0.007625 
-0.004006 -0.003154 0.000997 -0.003359 -0.004699 -0.001940 0.000244 0.009424 
0.004915 0.000252 0.007056 -0.005110 0.005880 0.000346 -0.005593 0.008840 
-0.002841 -0.001645 -0.003222 0.003347 -0.002353 0.002989 -0.000112 -0.004505 
-0.005164 0.002544 0.003487 0.003328 -0.005379 0.001362 -0.006522 -0.005808 
-0.000518 -0.006564 -0.001325 -0.000485 0.000349 0.003261 0.001636 0.001422 
-0.000293 -0.006552 -0.001069 0.000908 -0.001937 0.004198 -0.003067 0.002445 
-0.001963 -0.004568 0.001959 0.002939 0.002627 -0.009260 -0.005072 -0.001778 
-0.004756 0.001019 -0.006767 -0.002170 -0.000767 0.002559 0.002109 0.008694 
0.000253 0.005238 0.000196 -0.001874 0.005441 0.001335 0.000625 -0.004971 
-0.007423 -0.004586 -0.002072 -0.000739 0.003209 0.003571 -0.001075 -0.007088 
0.005459 0.005515 -0.004699 0.004145 0.004545 0.007178 0.001708 0.005372 
0.011717 -0.000129 -0.000314 -0.000720 -0.004990 -0.001119 -0.003759 -0.002183 
0.010191 -0.001354 0.001125 0.002822 -0.003807 0.006623 0.004165 0.008798 
0.000206 -0.002842 0.001652 -0.005335 0.002889 -0.001858 0.006543 0.002598 
-0.007235 0.003462 -0.000436 0.004277 0.001292 0.001095 0.002212 -0.005914 
-0.003888 0.001800 -0.007069 -0.000929 -0.001641 0.000177 0.010592 0.009883 
0.024116 0.033660 0.007886 0.004027 0.001392 -0.002953 0.006895 0.000964 
0.011016 0.002380 0.001603 -0.003936 -0.007776 -0.002711 0.003069 -0.004226 
-0.011733 0.016804 -0.000064 -0.007093 -0.008290 -0.008107 0.004393 0.003158 
0.078439 -0.010189 -0.000992 0.001566 -0.008462 0.008259 -0.011684 0.003886 
-0.004415 0.007567 0.001331 -0.002676 0.000294 -0.006532 0.009689 -0.002080 
0.004816 0.001581 0.003017 0.002890 0.000891 0.000315 0.004100 0.003806 
-0.000547 0.011280 0.005504 0.014913 0.000266 -0.000889 0.004913 0.002327 
0.000898 -0.005133 0.005369 -0.002618 0.006162 0.001286 0.000143 0.000859 
0.006927 -0.000155 -0.004857 0.000968 0.005953 -0.001786 -0.000919 -0.003995 
0.000247 0.012032 0.001568 0.002048 0.001303 -0.001565 0.000955 -0.001052 
0.003085 -0.004297 -0.001841 -0.002851 0.003605 -0.001070 -0.006888 0.003088 
-0.003089 -0.005305 -0.000731 -0.004514 0.000359 0.002613 -0.010354 0.002696 
-0.001278 -0.003680 0.001433 -0.007800 0.002748 -0.005015 -0.008471 0.000533 
-0.004926 0.003246 -0.001499 0.009266 0.004894 0.000906 -0.001585 -0.011930 
0.013152 -0.004056 0.003036 -0.006499 -0.001288 0.001750 0.001337 0.005009 
-0.007677 -0.002977 0.000533 -0.008481 -0.002351 0.000133 -0.008173 -0.000630 
0.006039 -0.000409 0.005614 0.010261 0.005990 -0.000408 -0.001701 0.003819 
0.016009 -0.005485 -0.008897 0.004634 0.002211 0.001098 0.004848 0.006127 
0.010368 0.006455 0.002424 0.012211 0.001464 0.008233 -0.000353 -0.001987 
-0.022195 -0.004921 -0.005957 -0.006319 0.005316 0.000299 0.000664 -0.005320 
-0.001027 -0.035027 0.008688 0.006003 -0.003806 0.003752 0.000660 0.009466 
-0.008483 -0.001094 -0.008959 0.004984 -0.006207 -0.000839 0.005821 0.001590 
-0.010310 -0.036341 0.007790 -0.002964 0.001289 -0.006076 0.010170 0.000309 
-0.039789 0.000553 -0.001804 0.002057 0.004568 -0.007168 -0.003318 0.004291 
-0.030069 0.001390 0.003387 0.005453 -0.007481 0.002175 0.001297 -0.000101 
0.032054 0.003632 0.001177 0.000211 -0.003531 0.002860 -0.005890 -0.009198 
-0.016027 0.007793 -0.000505 -0.007464 -0.000780 -0.008709 -0.009622 -0.010921 
0.006187 -0.004202 -0.000497 -0.003546 -0.006250 -0.000890 0.001847 0.006364 
-0.002326 0.005922 0.006762 -0.001988 0.000884 -0.005282 0.001857 0.004348 
-0.001671 0.002192 -0.002760 0.009468 0.002603 -0.000273 0.007417 -0.001181 
0.001775 0.013661 0.004122 -0.002270 -0.008800 0.002990 0.003616 -0.000009 
-0.000163 0.004379 0.000005 0.002751 0.000029 0.002383 -0.000456 0.005356 
0.007300 -0.006829 0.004348 -0.005013 0.000571 0.010351 0.005291 -0.001487 
-0.010086 0.003247 0.000088 0.003261 0.007497 -0.004028 -0.009693 -0.008478 
0.012459 0.003760 0.000168 0.003016 0.000154 0.002975 0.002414 0.004902 
-0.007788 0.004851 -0.005343 -0.006543 0.004344 0.006677 0.001946 -0.002014 
0.008420 0.006536 0.002230 -0.005545 0.000795 0.001668 0.002138 0.004619 
-0.009095 -0.008347 -0.006684 -0.003412 0.003029 -0.005794 0.000966 -0.009564 
0.010778 -0.001067 0.001264 -0.004737 0.005078 0.001275 -0.002299 -0.001465 
-0.029273 0.000827 -0.002044 -0.001135 -0.000042 -0.000337 0.009164 -0.003727 
0.032462 -0.003692 -0.002426 0.010417 0.005983 -0.000411 -0.004830 0.003800 
-0.020382 -0.002889 0.002586 0.008236 0.000550 -0.003182 0.002693 0.005441 
0.094431 0.012382 0.002530 -0.007803 -0.003516 -0.001748 -0.000271 0.001445 
0.006837 0.000530 0.005599 0.000198 0.004329 0.004093 0.001580 0.000405 
-0.012403 0.001924 -0.004158 0.005469 -0.000979 0.001569 -0.002151 -0.006292 
0.021365 -0.002028 -0.011964 0.000464 -0.008552 0.003414 -0.001540 0.002946 
-0.000985 -0.000905 -0.005152 -0.006733 -0.005864 0.007165 -0.009972 0.001610 
0.015821 -0.006786 0.006095 -0.005707 0.003082 -0.004872 -0.001999 0.003635 
-0.003753 0.003119 -0.000084 -0.002146 0.002643 -0.002858 -0.001748 -0.001269 
-0.003500 -0.001034 -0.009585 -0.005918 0.000154 0.004781 -0.006686 0.002667 
-0.000083 0.008543 -0.002526 0.011465 0.005695 0.003634 -0.002309 0.003063 
0.009231 0.002959 0.001121 0.000875 0.010847 -0.003011 -0.005706 0.010272 
0.003977 -0.005553 -0.005968 -0.002051 -0.000605 -0.001550 0.007825 -0.001049 
-0.006824 -0.001035 0.000832 -0.000977 0.005378 0.005235 0.006347 -0.009510 
0.007854 -0.001640 -0.001684 0.001053 -0.000217 -0.006633 -0.004228 0.001878 
-0.008438 -0.005601 0.005106 -0.008294 0.003176 -0.004623 0.001268 -0.003102 
0.000849 -0.009167 -0.005096 -0.003750 0.006378 -0.003018 -0.000809 0.003078 
-0.013549 0.001656 0.002073 0.000455 -0.000191 0.004073 0.012910 0.007696 
0.012834 -0.017774 -0.008240 -0.010694 0.001582 -0.011165 -0.001523 0.004313 
-0.008714 -0.004844 0.005021 0.000646 0.004024 -0.002769 0.000189 0.000810 
0.011556 -0.013928 0.006963 -0.012735 0.003305 -0.004743 0.003345 0.005373 
-0.021209 0.002536 0.001225 -0.003719 -0.012610 -0.001194 0.011773 0.008778 
0.080063 -0.008861 0.023382 0.009668 -0.006359 -0.003714 0.009725 0.004391 
-0.013289 0.001142 -0.000572 -0.003493 0.001840 -0.008095 -0.001921 -0.011462 
-0.018704 -0.002742 -0.004531 -0.001995 0.000518 0.000574 0.006424 -0.007346 
0.013494 0.004544 0.007001 -0.004059 0.004102 0.006466 0.003771 0.000847 
-0.016810 0.003851 0.005189 0.005960 -0.002713 -0.000627 -0.000805 -0.008647 
0.010405 0.000668 0.003305 0.002944 0.008524 0.005405 0.002503 0.003011 
0.000627 0.002956 -0.000959 -0.005983 0.002361 0.000300 0.001414 -0.001957 
-0.006313 -0.003766 0.007060 0.003898 0.001667 -0.006613 -0.003612 0.005793 
0.006685 0.003144 -0.000492 -0.001060 0.000494 -0.000571 0.002871 -0.002971 
0.005041 -0.002262 0.003318 -0.006583 0.000556 -0.000351 0.007002 -0.004603 
0.009622 0.009085 0.002481 -0.000505 0.006799 -0.001595 -0.003108 -0.005051 
-0.001158 -0.006436 -0.001284 -0.002339 -0.004842 0.009355 -0.001807 0.001366 
0.016616 -0.009806 -0.017414 -0.002546 0.000379 0.003188 0.003377 -0.008394 
-0.008256 -0.001621 0.006870 0.002863 0.001215 -0.009368 0.005201 -0.002016 
0.015835 0.015918 0.002625 -0.001003 0.007101 -0.002133 -0.008338 0.005442 
-0.009685 -0.006091 -0.000717 -0.000702 0.002847 -0.003988 0.008692 0.002663 
0.009206 -0.013337 0.000760 -0.002703 -0.005486 0.004980 -0.003942 0.004275 
-0.010598 0.005950 0.003184 -0.002530 0.005246 0.003066 0.002674 0.000280 
-0.006823 -0.019665 -0.000371 0.010777 0.008987 -0.005595 0.009299 0.015506 
-0.010912 0.004938 0.008340 0.003279 0.001726 -0.001052 0.001973 0.006773 
0.064175 0.042309 -0.013893 0.010015 -0.002971 -0.008907 -0.005679 -0.006015 
0.024910 0.009766 0.000903 -0.001291 -0.012171 -0.009006 -0.006285 0.001028 
-0.005198 0.008283 0.007271 0.002307 0.003166 0.001666 -0.010085 -0.000484 
-0.004169 0.004078 -0.006963 -0.002747 -0.001857 -0.003182 0.002906 0.002964 
0.004494 -0.005450 0.000813 -0.007223 0.003227 0.015938 0.006503 -0.006633 
-0.003810 -0.000996 -0.003718 0.002061 -0.010064 -0.001018 -0.006553 -0.009488 
-0.003061 0.005832 0.004085 -0.005966 -0.005598 -0.006257 0.003443 0.006041 
0.013268 0.000374 0.005363 0.002353 0.004783 0.000339 -0.002067 0.006692 
-0.005921 0.002467 -0.000380 0.008438 -0.003967 -0.001800 -0.005586 -0.005850 
0.001190 -0.001461 -0.007419 0.001300 0.002061 -0.008076 0.008003 0.006142 
0.017927 -0.004440 -0.002832 -0.005518 -0.000382 -0.007569 0.001942 0.000361 
-0.009185 -0.008902 0.002602 -0.012085 -0.004043 0.005720 0.000821 0.002027 
0.003441 0.000205 0.006374 0.005662 0.000524 -0.001119 0.000564 0.005061 
-0.000227 0.000173 0.013044 0.007074 0.000596 -0.003821 0.006164 -0.011625 
0.005491 0.007343 0.000028 -0.000098 0.004734 -0.000475 -0.008036 0.003205 
-0.010082 0.000236 -0.003445 0.004919 0.001847 0.000673 -0.001015 0.008456 
0.019697 -0.018671 0.003052 0.004772 0.000611 -0.011284 -0.000761 -0.003437 
-0.013669 0.001608 0.010981 0.003342 -0.000652 -0.013018 0.000544 0.002371 
0.007565 -0.010027 -0.000660 0.003799 0.001961 -0.004177 -0.003002 -0.010598 
-0.014672 -0.007468 0.004622 0.003735 0.011815 0.002228 0.003669 -0.000974 
0.060717 -0.058561 0.001726 0.017683 -0.017815 0.003702 -0.008463 0.002029 
-0.002616 0.016132 0.024898 -0.007307 0.001632 -0.010101 -0.009899 0.016637 
-0.012705 -0.001981 -0.004953 0.004115 -0.003673 0.002971 -0.002627 0.007282 
0.015929 0.001425 -0.005714 0.008430 0.002112 0.000222 -0.001572 0.004337 
-0.007750 0.007279 -0.000794 0.002950 0.002786 0.000775 0.002356 -0.004781 
0.000740 -0.002070 0.010270 0.004804 -0.009072 0.002390 0.002511 0.007690 
-0.003809 0.007628 0.004033 -0.003935 0.003451 -0.004605 0.002300 0.006364 
-0.009067 -0.001268 0.002466 -0.003150 -0.001240 0.004161 -0.001746 0.004735 
-0.005990 0.008927 0.003653 -0.001639 0.001208 0.003427 0.001968 0.004167 
0.003495 0.000685 -0.008675 0.012007 -0.002643 -0.001059 -0.000081 0.006763 
-0.007353 -0.005489 0.001799 -0.003938 -0.001178 -0.004589 0.004032 0.001756 
-0.011966 0.003268 0.006006 -0.003737 0.006591 -0.009128 0.002140 -0.004189 
0.002177 -0.012610 0.000107 0.001189 -0.003854 0.004846 -0.006428 0.002995 
-0.002274 0.000029 0.000717 -0.001308 -0.000160 0.001161 0.000316 -0.002063 
0.017984 0.003741 -0.001126 0.002367 0.000065 -0.003680 -0.004299 -0.006066 
-0.012857 0.009131 -0.000448 -0.000330 -0.004843 -0.008201 -0.004619 -0.006829 
0.002015 -0.013747 -0.004679 -0.001648 0.002120 -0.008707 -0.008780 0.003903 
-0.014780 0.015289 0.007167 0.000434 -0.003635 -0.006812 -0.004383 -0.002111 
0.011468 0.001593 0.006930 -0.005980 0.003319 0.005141 0.000709 -0.012720 
-0.019180 -0.001203 -0.001942 0.004867 -0.001479 -0.021659 0.008964 -0.008295 
0.058977 0.004433 0.003561 -0.001546 0.005471 0.004889 0.000477 -0.010123 
0.049873 0.013588 -0.011349 -0.001566 0.002273 -0.018100 -0.009930 0.014313 
-0.004301 0.006557 0.001115 0.002777 0.001287 0.001050 -0.003542 0.003126 
0.016134 0.002820 0.008191 0.001590 0.000862 0.003315 0.003957 -0.012728 
-0.014162 -0.005365 -0.000209 -0.000107 -0.002152 -0.004955 -0.000628 0.004642 
-0.000615 0.003066 -0.001525 0.002942 -0.000947 -0.004089 -0.000133 -0.006200 
-0.001036 0.004457 0.005123 -0.000944 0.007098 0.000780 -0.006372 -0.000633 
0.005229 -0.000795 0.001792 0.000653 -0.000433 -0.000406 -0.002271 -0.003570 
0.004874 0.003925 0.005493 -0.001021 0.010214 -0.001981 -0.006414 0.000435 
-0.000863 0.002980 -0.001527 0.005386 -0.001671 -0.006625 -0.001136 0.002333 
0.007740 -0.003732 -0.000115 0.007476 0.004675 0.001424 -0.003935 -0.000638 
0.005003 -0.003351 0.007661 0.001090 0.004195 -0.001340 0.000449 0.006145 
0.003439 0.000468 0.001796 0.000019 -0.003284 0.005556 -0.002568 0.007241 
-0.005207 0.011366 0.000529 0.001323 -0.008928 -0.015200 0.002793 -0.003022 
0.000266 0.002572 -0.003448 -0.003980 -0.004731 -0.009726 -0.005419 0.012718 
-0.009804 -0.007623 0.006445 -0.005748 0.004610 -0.005556 -0.003647 -0.003778 
-0.003616 -0.005565 -0.012381 0.001524 0.005694 0.004103 -0.002107 -0.002367 
-0.009539 -0.001807 0.007461 -0.001493 -0.009817 -0.007391 0.002907 0.001292 
-0.007423 -0.047066 0.008565 0.006445 -0.004532 0.003130 -0.006967 0.007360 
-0.020921 -0.002913 0.001732 0.000091 0.007183 -0.020705 0.003439 0.006982 
0.019797 0.043722 0.005160 0.013684 0.001197 -0.000176 -0.011864 0.002739 
-0.012903 0.000724 0.000157 -0.005383 0.014457 0.000578 -0.010808 0.002007 
-0.000962 -0.001276 0.001497 0.002336 -0.002219 -0.002281 0.007884 0.003316 
0.005028 -0.002967 -0.001146 -0.001184 -0.000001 0.003628 -0.005069 -0.003372 
-0.000659 -0.004040 0.000181 -0.004727 0.005782 0.005616 0.001012 0.004087 
0.000002 -0.007028 -0.000174 0.001668 -0.006267 0.003296 -0.001093 -0.002223 
-0.000241 -0.003652 0.000591 -0.005194 -0.001784 0.001023 0.002535 0.006798 
0.001865 -0.002723 0.004642 0.001993 0.001992 -0.002021 -0.008578 -0.001288 
0.002814 0.000146 -0.005325 0.006659 -0.008802 -0.000472 -0.008461 -0.000845 
-0.006571 -0.007465 0.004100 0.001140 0.011165 -0.008965 -0.000853 0.003939 
0.005900 0.008208 -0.004366 -0.001279 -0.003299 0.000783 -0.002844 -0.003624 
-0.004193 -0.000787 0.002194 -0.002369 0.008676 -0.002375 0.008263 -0.002422 
0.003551 -0.000207 -0.002425 -0.002313 0.001787 0.004891 -0.003238 0.006838 
0.001330 0.000509 -0.001848 0.001893 0.002620 -0.001067 -0.001394 0.007819 
0.007319 -0.000481 0.001417 0.001873 0.003824 0.002426 -0.002733 -0.000587 
-0.010541 -0.005023 -0.005707 0.006089 -0.001964 0.000237 -0.004479 -0.001775 
-0.002376 0.007155 -0.000590 -0.005743 0.006569 -0.004785 -0.005819 0.000825 
0.006499 -0.002887 0.003058 0.016561 0.001472 -0.007542 -0.001178 -0.012415 
0.016803 0.036184 0.003923 -0.013477 -0.002974 -0.004641 -0.002756 -0.011171 
-0.003284 -0.004394 0.001498 -0.003105 -0.008293 -0.012212 -0.000557 0.004153 
-0.046130 -0.036349 0.006079 -0.002034 -0.000933 -0.000662 0.012949 0.002877 
0.073523 0.004354 0.002616 -0.016693 -0.006482 -0.014989 -0.012388 0.013076 
-0.004829 0.003475 0.007599 -0.000619 0.003739 -0.002850 -0.002618 0.004082 
-0.000731 0.004255 -0.003858 0.000324 -0.000008 -0.001464 0.003571 0.010795 
-0.003567 -0.001280 -0.000430 -0.000400 0.006778 0.004275 0.002080 -0.000498 
0.003403 0.004513 0.007475 -0.001705 0.002109 0.000091 0.010277 0.003434 
0.008542 -0.001788 0.000614 0.005064 -0.000226 -0.006165 0.008169 -0.002933 
-0.007181 -0.002133 -0.006349 0.008446 0.005244 0.000179 -0.006141 -0.005311 
0.003221 0.002126 -0.007562 0.001758 -0.006411 -0.002415 -0.001710 -0.000385 
-0.006712 0.002922 0.001321 0.000954 -0.000672 -0.003696 -0.014093 -0.002783 
-0.000848 0.004750 0.001505 0.003344 -0.008284 0.000133 -0.001178 -0.005437 
-0.000407 0.000816 0.002445 0.005686 0.001585 -0.000935 0.004479 0.000945 
0.005073 -0.001066 -0.004395 0.001437 -0.006008 -0.004796 0.002076 0.001995 
0.005090 0.003551 0.001978 0.007453 0.006779 -0.003087 0.002345 -0.004375 
0.013666 -0.003649 -0.004358 0.002908 0.001091 -0.005067 -0.002728 -0.001167 
0.011143 0.009880 0.004994 0.005690 0.009138 0.004891 0.001689 0.004295 
0.002383 -0.013385 -0.002532 -0.004990 -0.001327 -0.006073 0.006216 0.002745 
0.010491 -0.012556 0.012736 -0.000382 -0.005646 -0.002640 0.004152 -0.000280 
-0.006781 -0.003871 -0.003953 -0.000315 0.000818 -0.001136 0.002919 0.000656 
0.012746 0.005324 -0.009362 -0.006525 0.007659 -0.005487 0.009156 0.004981 
0.058805 0.047141 -0.002333 0.003737 -0.003443 -0.004609 -0.012652 0.011704 
0.047385 0.017360 -0.000123 0.004615 -0.015857 -0.014233 -0.000333 -0.008642 
0.002562 -0.009255 0.001615 -0.003403 0.005373 0.001019 0.002476 0.006639 
-0.006644 0.004649 -0.005798 -0.000083 -0.001415 -0.002904 0.005549 -0.000609 
0.004029 0.005082 -0.006498 -0.005902 0.000947 0.005155 -0.007281 -0.006336 
-0.005101 0.005511 0.000821 -0.002219 -0.002787 0.001290 -0.004224 -0.000496 
-0.006748 0.003635 0.002218 -0.006306 -0.001121 0.003301 0.008488 0.002798 
-0.001586 0.006807 0.001965 0.002969 -0.005912 0.005442 -0.002818 -0.001815 
0.006297 -0.005121 -0.002155 0.005768 -0.000942 0.003823 0.004361 -0.006017 
0.002636 0.002059 0.000565 -0.002210 0.005301 0.003429 -0.004057 -0.000429 
0.008193 0.000179 0.006317 0.000225 -0.002877 0.005104 -0.000420 -0.007423 
-0.014533 -0.004559 -0.005705 0.004151 0.006029 0.003223 -0.002884 0.006077 
-0.006889 -0.012601 -0.002007 -0.000195 0.001129 -0.005108 -0.002039 0.010475 
0.000546 -0.008664 -0.004070 0.006874 -0.003402 -0.011523 0.005798 0.003634 
-0.003920 0.012866 0.011680 -0.001829 0.005477 -0.003045 -0.013218 0.005968 
0.002154 -0.007578 0.007760 0.001468 0.005001 0.001076 0.010649 -0.006313 
-0.008206 -0.001948 -0.002534 -0.001182 0.015213 0.006058 -0.003172 0.011364 
0.015318 -0.002449 0.002084 -0.006677 -0.009556 0.004748 -0.005489 0.004332 
0.016820 0.010561 0.000838 0.016438 0.000614 -0.003733 0.002250 0.002865 
0.004270 -0.006830 -0.008014 -0.008093 0.004331 -0.005481 0.003533 0.002960 
-0.034432 -0.049124 -0.004284 0.001725 -0.004552 -0.004023 0.009202 0.009736 
-0.016368 0.006953 0.000846 -0.005826 0.003960 -0.007642 -0.018359 -0.001367 
0.001940 0.003027 -0.006025 -0.005106 0.002244 -0.004013 -0.003889 -0.002990 
0.000610 0.005204 0.003565 0.000979 0.002834 -0.009071 -0.000252 -0.002538 
-0.002064 -0.009782 0.002951 0.001846 -0.001558 0.002910 -0.006855 -0.002210 
-0.011874 -0.012274 -0.006675 0.005604 0.004848 0.010696 -0.002367 -0.001900 
0.003854 0.005841 0.006636 0.000171 -0.006937 -0.004085 0.003900 0.001885 
-0.004335 -0.001813 -0.008655 0.003016 0.005563 0.006369 -0.000157 0.006126 
-0.003673 0.001530 -0.006283 0.003048 0.002294 0.000742 -0.012005 -0.003194 
-0.003324 0.000650 -0.000132 0.002721 0.001768 -0.003060 -0.005636 0.003710 
0.000707 0.003450 -0.001972 0.008199 -0.000114 -0.003390 -0.002325 -0.007302 
0.006804 -0.004699 0.000572 -0.003382 -0.007460 0.003681 0.006350 -0.008241 
-0.008608 0.001690 0.012749 0.006337 -0.001518 -0.001118 0.002327 0.005000 
0.014946 0.001718 0.005108 -0.002795 0.002170 -0.006350 0.003483 -0.005245 
-0.001392 -0.005965 0.006711 0.006853 0.006914 0.001999 -0.001577 -0.000818 
0.002140 -0.008143 -0.002735 0.001204 -0.000792 -0.014399 -0.002588 0.001242 
-0.001913 0.006126 0.003421 0.007072 0.005158 0.001860 -0.000291 -0.007556 
-0.020399 0.000968 -0.006124 -0.008634 -0.010109 -0.002654 -0.001176 -0.001128 
0.032825 -0.000303 -0.005040 0.002787 -0.006035 -0.002503 -0.004496 -0.005135 
0.000182 0.003831 0.006569 0.007296 -0.007506 -0.014187 -0.005865 0.002802 
0.086068 0.046440 0.006843 -0.016386 0.003511 -0.015986 -0.016525 -0.001669 
0.049201 -0.015576 0.014329 0.005799 -0.012683 -0.024955 0.003691 -0.006661 
-0.006545 -0.006431 0.001977 0.006290 0.006593 -0.006631 0.002141 -0.002920 
0.004250 0.003804 0.001410 0.008887 0.003074 0.009075 -0.009879 0.003774 
-0.004113 0.003817 -0.005074 -0.002435 -0.003344 0.001896 0.002119 -0.005766 
-0.001060 0.001011 0.001308 0.000142 -0.001840 -0.001204 -0.002156 0.007830 
-0.001814 0.001961 -0.002523 -0.002755 0.001239 -0.008169 0.000919 -0.003116 
0.007942 -0.001062 0.002097 0.002214 -0.003473 0.000587 -0.002818 0.003070 
-0.002017 -0.002028 -0.005792 0.006111 -0.000949 0.000145 -0.001646 -0.009796 
0.008215 0.011041 0.006959 0.007168 -0.004409 -0.006510 -0.001418 -0.001123 
-0.006756 -0.008521 0.001927 0.013485 -0.001418 0.000760 0.003473 -0.002091 
-0.016227 -0.003870 0.001194 0.009304 -0.002884 -0.006516 -0.002280 0.002586 
0.009737 0.015571 0.013054 -0.001026 -0.000732 0.002816 0.011559 -0.004429 
0.007267 -0.002700 0.009126 -0.001076 0.005467 0.002583 0.002175 0.000560 
0.007152 -0.002890 0.007737 -0.008530 -0.007715 0.009231 0.015625 0.001097 
0.001047 -0.003610 -0.002779 0.000974 0.004521 0.001446 0.004084 -0.007200 
0.002602 -0.001534 0.019982 -0.002343 -0.007453 0.000011 0.008665 -0.007198 
-0.012311 -0.010743 0.010002 -0.000354 -0.002858 0.000453 -0.001140 0.002506 
0.004058 0.022129 0.004446 -0.002807 -0.003364 -0.001654 -0.002420 -0.001152 
0.025198 -0.004633 -0.015362 0.001013 -0.008795 0.002198 0.000362 -0.003133 
-0.053882 -0.057403 0.005736 -0.004480 -0.015064 -0.015868 0.009776 0.010570 
-0.047899 -0.001773 0.017847 -0.016912 0.013758 -0.010201 0.011407 0.013909 
0.001235 0.004051 -0.000270 -0.001195 -0.009081 0.002785 0.005925 0.001936 
0.006691 0.008722 -0.000582 0.000425 0.007803 -0.011481 0.007562 0.001083 
-0.004913 -0.010297 0.010607 0.003433 -0.001650 -0.004969 0.007202 -0.000958 
-0.004894 0.003039 0.005020 0.004986 -0.007231 -0.011836 0.003691 -0.001883 
0.007298 0.000262 -0.001091 0.004100 0.004918 0.002712 0.005276 0.001651 
0.004175 0.002746 -0.004406 0.006304 0.002511 -0.008913 0.001551 0.000866 
0.004708 -0.003128 0.000860 -0.005194 0.000761 0.007450 -0.006200 -0.003611 
0.001996 0.003419 0.003981 -0.006583 0.002696 -0.002045 -0.006949 0.003240 
0.006856 -0.002730 -0.000626 -0.003108 -0.005353 0.003394 -0.005929 0.007455 
0.009963 0.004148 -0.002925 -0.002941 -0.001580 -0.008890 -0.002214 0.000263 
0.008743 -0.007363 0.013483 -0.001736 -0.002791 -0.002717 0.003284 0.002116 
-0.000665 0.008879 0.001241 -0.005905 -0.008945 0.006031 0.003405 0.007843 
-0.013363 0.004422 0.005921 -0.000035 0.011709 -0.002859 0.007801 -0.002544 
-0.000485 0.006066 -0.003203 -0.001364 0.006208 -0.008272 0.003134 -0.006360 
0.002993 0.008631 0.001062 -0.004510 0.000892 -0.010162 -0.000075 -0.006980 
0.003007 0.008645 -0.002101 -0.002543 -0.006586 -0.005341 -0.008928 0.003376 
0.008551 -0.003227 0.003526 -0.000937 0.003026 0.003131 -0.006469 0.010164 
-0.007139 -0.000209 0.008631 -0.016119 0.000923 0.000625 0.000962 0.010612 
-0.028019 -0.044181 0.014167 0.013291 -0.002581 0.008071 0.003152 0.014191 
-0.004906 0.009139 0.010525 0.007353 -0.008172 -0.015065 -0.011738 0.008724 
-0.007256 0.001390 -0.004921 -0.007871 -0.006739 0.002614 0.004326 0.009388 
0.003559 -0.000217 0.000549 -0.000165 0.010566 -0.002390 -0.005566 -0.009701 
-0.009734 0.011465 0.001390 0.004707 0.001027 -0.005253 0.006428 0.005015 
0.010125 -0.001019 0.006663 -0.007032 0.005282 -0.010305 0.000942 -0.000753 
0.000733 -0.011912 0.002114 -0.007607 -0.005982 0.003509 0.001690 0.012315 
0.011363 0.000907 -0.006295 -0.001173 -0.004709 0.003410 0.004046 -0.001064 
-0.001533 0.001167 0.006432 -0.002642 -0.004433 -0.004397 0.002459 0.004239 
-0.003809 0.000458 -0.000997 -0.004138 -0.008439 0.002056 -0.014751 -0.008943 
-0.002264 0.003181 0.000310 -0.006576 0.001011 -0.004744 -0.001877 -0.006371 
-0.002019 0.005239 0.000242 0.001677 0.000819 -0.005202 -0.002943 0.004175 
0.009820 -0.008475 -0.003404 -0.002260 -0.002333 0.004384 -0.005980 0.000861 
-0.003685 -0.002784 0.008508 0.009528 -0.001440 -0.004957 0.001762 0.004163 
0.019109 -0.001668 0.001149 0.000236 0.012328 0.002288 -0.002150 0.000130 
0.010161 -0.006041 -0.005174 -0.003532 0.004655 -0.004310 0.001017 0.000519 
0.018286 -0.009559 0.004693 -0.001719 0.005271 -0.000210 -0.000332 -0.007109 
-0.009505 -0.016302 -0.000486 -0.004224 -0.000013 -0.007656 -0.000189 0.010223 
0.031344 0.004321 0.007465 0.001929 -0.016112 -0.002066 -0.010888 -0.003273 
-0.035654 -0.002005 0.006487 -0.010245 0.003038 -0.000114 -0.000215 -0.001098 
-0.022288 0.019770 0.014688 -0.002666 0.000150 -0.002297 0.016989 0.021161 
-0.053158 0.015347 0.005185 0.007163 -0.008518 -0.015795 0.014899 0.004939 
-0.006372 0.007084 -0.000933 0.003551 0.007955 0.003336 -0.000859 -0.002242 
0.011381 0.000487 0.001044 -0.003116 -0.006317 0.000976 -0.001587 0.000978 
0.005291 0.012636 0.001305 -0.000869 0.002589 -0.001177 -0.001417 -0.007822 
0.003222 -0.004644 0.008201 0.001792 -0.003726 -0.008363 -0.000193 -0.008225 
0.002030 0.004074 -0.003797 0.004675 0.004965 0.001964 0.003634 0.005428 
-0.012984 0.000575 0.009048 -0.003052 -0.003580 -0.006683 -0.008406 0.000900 
-0.010081 -0.000810 0.004880 -0.008214 -0.002872 0.000701 0.003185 -0.000472 
-0.004469 -0.007722 0.005551 -0.004302 0.003257 -0.000135 0.000387 0.004614 
0.000223 -0.003655 -0.002741 -0.004261 -0.002174 -0.004280 -0.007449 -0.001779 
-0.000968 -0.013015 -0.007307 -0.005657 0.004766 -0.008506 -0.005684 0.003933 
0.002091 0.004005 0.003274 -0.001216 -0.005355 -0.010999 -0.001554 0.001714 
-0.013387 -0.013274 0.005025 0.000736 0.001687 -0.005034 -0.003135 0.006013 
0.009400 -0.007413 0.003054 0.010146 -0.005057 -0.005062 -0.003586 -0.002111 
0.013281 -0.014448 0.005488 -0.009047 0.005477 0.001707 -0.000654 -0.005514 
0.019315 0.004636 0.008821 -0.001010 -0.018533 -0.005205 0.000988 0.000757 
-0.022707 -0.003519 0.005706 0.005595 -0.008759 0.008604 -0.002796 -0.005417 
0.006245 0.004571 0.008036 0.003810 -0.004647 0.002554 -0.005308 0.012621 
-0.007206 -0.020686 0.004945 0.005292 0.006028 -0.007399 -0.008975 -0.010263 
0.058846 0.072542 -0.003307 0.003729 -0.009007 -0.018354 -0.000839 -0.014925 
-0.058412 -0.030180 -0.002312 -0.018155 0.000115 -0.005149 -0.011417 0.014746 
-0.001180 0.003538 0.001709 0.008385 -0.013414 -0.001048 0.005899 -0.010355 
0.003625 -0.002270 -0.002212 0.003086 0.004383 -0.000334 0.004364 0.001950 
-0.008322 -0.003416 0.007862 -0.012886 -0.005604 -0.005834 -0.010925 0.001641 
-0.000297 -0.004296 -0.002967 -0.002741 0.002003 -0.001573 0.008022 0.006588 
-0.005105 0.000965 -0.000435 0.006433 -0.001441 0.001965 -0.005949 0.008063 
0.000654 -0.001977 0.001500 0.007964 0.006624 0.002067 -0.000353 0.005526 
0.001424 0.002081 0.001130 0.011435 -0.003257 0.002446 -0.001833 0.005808 
-0.006447 -0.010066 0.006169 -0.002664 0.002744 -0.007159 -0.010134 -0.006104 
-0.010699 -0.011410 0.000400 -0.000873 -0.004185 -0.004712 -0.005971 0.007014 
-0.010867 -0.005281 0.011595 0.009048 0.016815 -0.002154 -0.002159 -0.003065 
0.007601 0.005592 0.013128 -0.000398 0.000400 0.002208 -0.001982 0.003349 
0.003964 -0.016882 0.014951 0.000445 0.003257 -0.010948 0.003096 -0.003110 
-0.003415 0.008650 0.016477 0.005338 -0.021966 0.010095 -0.010788 0.009422 
0.006990 -0.006959 0.004598 0.006430 -0.001541 -0.014616 0.007471 0.001056 
-0.001654 -0.015268 0.014731 0.006008 -0.004841 0.001133 -0.009972 0.005746 
-0.014094 -0.022323 0.010500 0.000518 0.004946 -0.014109 0.001716 -0.015526 
-0.000116 -0.019710 0.003108 0.011739 -0.009583 -0.023677 0.013641 0.006390 
0.027484 -0.016714 0.005982 -0.007759 0.027537 -0.008169 -0.007144 0.001599 
0.017767 0.103574 0.030478 -0.009097 0.012026 -0.000530 0.012293 0.004876 
0.057048 -0.019185 0.035724 0.011854 -0.001726 0.007599 -0.022313 -0.006229 
0.016138 -0.005213 -0.002088 0.001595 -0.001690 0.002135 0.003884 0.008835 
-0.020943 -0.002130 0.006873 -0.004178 0.006991 -0.001812 -0.013417 0.013352 
0.013252 -0.007119 -0.009830 0.008420 0.007714 -0.028918 -0.001417 0.006293 
-0.006949 -0.005931 0.010082 0.005692 0.015396 0.005905 -0.005431 -0.004371 
0.020846 -0.002772 -0.007635 0.011190 0.012324 -0.033191 0.004833 0.009744 
-0.006883 -0.005530 0.015193 0.001361 0.006653 0.023802 -0.004369 0.004452 
0.001004 -0.011424 -0.017126 0.002943 0.013581 -0.032562 -0.006213 -0.006805 
-0.019388 0.000438 0.035409 0.002888 0.004014 0.024083 -0.011901 -0.002818 
-0.014019 -0.033708 -0.001041 -0.002878 -0.004017 -0.035280 -0.005291 0.002300 
-0.015717 -0.001604 0.006269 0.001730 0.012040 0.019007 -0.022981 -0.002033 
0.014062 -0.031088 -0.020746 0.016331 0.012974 -0.039289 0.004817 0.014739 
-0.024397 -0.008448 0.031245 0.021440 0.015150 0.025667 -0.008941 -0.020270 
-0.011485 -0.019308 -0.002399 0.015384 0.003196 -0.019353 0.002162 -0.006076 
-0.008414 0.004106 0.013433 -0.001027 -0.002541 0.049718 -0.015977 0.000722 
-0.015567 -0.013721 -0.003253 -0.007491 0.020097 -0.032630 -0.007712 0.019673 
-0.011132 0.021604 0.029381 -0.013285 -0.000636 0.049378 -0.043514 -0.012653 
-0.052532 -0.027380 0.019481 0.002186 0.002898 -0.022927 -0.008085 0.003532 
-0.038478 0.003547 0.025844 -0.040278 0.005671 0.025087 -0.044499 -0.006620 
-0.031325 -0.026543 -0.000725 0.036589 -0.001612 -0.051585 -0.020306 0.019871 
-0.032926 0.017440 0.053404 -0.018689 0.069536 0.060185 -0.032056 -0.034459 
