0.153221 1.086837
0.181296 1.210784
0.141963 1.267732
0.136563 1.280701
0.101859 1.261494
0.070617 1.192534
0.073735 1.099785
0.058257 1.025647
0.043928 0.959164
0.118920 1.033059
-0.356111 1.102307
-0.298881 1.215867
-0.154450 1.266222
-0.079477 1.280007
-0.021787 1.260307
0.035357 1.188141
0.059884 1.108275
0.068218 1.011450
0.090391 0.963782
0.128167 1.129621
0.015512 0.900764
0.016563 0.951838
0.017795 0.972619
0.020720 0.983799
0.023738 0.976234
0.009631 0.964312
0.009885 0.962425
0.018418 0.946423
-0.018051 0.945246
0.023338 0.971109
0.005119 0.898357
0.010173 0.950370
0.008310 0.972756
-0.000036 0.988588
-0.011727 0.978453
-0.014292 0.985082
-0.026001 0.966810
-0.028212 0.968897
-0.052409 0.954421
0.319390 1.066562
0.150487 1.087739
0.177706 1.209488
0.137955 1.266371
0.131416 1.277235
0.096967 1.259695
0.067787 1.191408
0.070842 1.098948
0.054380 1.027905
0.046456 0.964687
0.110815 1.026125
-0.355273 1.101686
-0.298557 1.214317
-0.154827 1.263972
-0.079190 1.276290
-0.020386 1.257768
0.036015 1.187628
0.062713 1.106880
0.070847 1.012840
0.096643 0.969668
0.085147 1.167660
0.001406 0.704119
-0.006461 0.701036
-0.009233 0.699757
-0.010336 0.699033
-0.012715 0.701163
-0.012564 0.695145
-0.020994 0.690344
-0.013375 0.690944
-0.005696 0.703006
-0.014786 0.671968
-0.071031 0.705709
-0.110524 0.702785
-0.153478 0.702135
-0.200705 0.697784
-0.238235 0.706431
-0.269515 0.707870
-0.297321 0.700404
-0.330258 0.692218
-0.313192 0.686131
-0.328650 0.598040
0.016565 0.703964
0.023520 0.697451
0.030237 0.694892
0.037484 0.689081
0.044501 0.681112
0.052108 0.677878
0.062650 0.671940
0.053029 0.673574
0.039050 0.668657
0.090900 0.752240
-0.013520 0.700625
-0.035299 0.703516
-0.054421 0.696630
-0.061843 0.690978
-0.077018 0.683893
-0.084047 0.688147
-0.089500 0.676062
-0.097332 0.677134
-0.134779 0.671829
-0.011406 0.642781
0.008526 0.699268
0.017350 0.696527
0.031335 0.698414
0.035074 0.704368
0.043159 0.715287
0.047570 0.708552
0.064227 0.707799
0.060974 0.692777
0.084031 0.655769
-0.066903 0.791791
-0.015993 0.694697
-0.023290 0.697715
-0.035144 0.703749
-0.046147 0.708170
-0.051123 0.708081
-0.059545 0.715032
-0.060907 0.706815
-0.062560 0.698007
-0.046076 0.698497
-0.221498 0.768732
0.009353 0.696876
0.009074 0.718317
0.013510 0.754540
0.019186 0.788529
0.026371 0.812329
0.029599 0.816521
0.023705 0.804089
0.032494 0.753723
0.021611 0.743476
0.018511 0.683102
-0.009558 0.693523
-0.018192 0.714488
-0.022343 0.752966
-0.022621 0.786929
-0.030097 0.808536
-0.028148 0.818033
-0.035928 0.798917
-0.039090 0.759857
-0.076312 0.756235
0.124822 0.777450
0.016176 0.705932
0.020470 0.735740
0.023586 0.790113
0.022653 0.832114
0.021269 0.845413
0.024326 0.839435
0.023783 0.805235
0.017388 0.756372
-0.013579 0.739317
-0.166345 0.767137
0.049806 0.699012
0.061378 0.732378
0.060873 0.786817
0.054874 0.822557
0.044207 0.839243
0.022783 0.837424
0.007005 0.803920
-0.013750 0.749487
-0.012374 0.699320
0.021960 0.631628
0.022142 0.656409
0.031696 0.688187
0.045528 0.741293
0.053081 0.772137
0.062202 0.774651
0.072667 0.761732
0.081165 0.718797
0.079609 0.658214
0.072678 0.639573
-0.033037 0.629047
-0.015082 0.661400
-0.047158 0.694537
-0.081341 0.742689
-0.109429 0.765649
-0.141329 0.773480
-0.167819 0.759005
-0.190563 0.720800
-0.213917 0.670391
-0.235205 0.624164
-0.152313 0.687613
0.005817 0.707868
0.007015 0.705023
0.010731 0.705028
0.014473 0.700523
0.015761 0.701004
0.019373 0.702204
0.030402 0.701049
0.024490 0.696465
-0.005419 0.684231
-0.015390 0.680882
-0.009341 0.703577
-0.015119 0.706884
-0.018676 0.702384
-0.026558 0.705536
-0.020237 0.705014
-0.031483 0.703015
-0.026368 0.702011
-0.032198 0.709103
-0.025603 0.696653
-0.054639 0.609868
0.006097 0.709343
0.006779 0.705807
0.014179 0.703963
0.014654 0.706800
0.020274 0.702784
0.021891 0.703925
0.035469 0.704174
0.031240 0.703458
0.042306 0.676657
0.051995 0.604498
-0.012146 0.705347
-0.011808 0.705350
-0.023619 0.707512
-0.021644 0.703150
-0.024393 0.699988
-0.032561 0.701431
-0.026514 0.698425
-0.027679 0.703798
-0.023859 0.693320
0.003353 0.780163
0.001821 0.709499
0.009883 0.707579
0.015330 0.705987
0.019622 0.705533
0.019164 0.711954
0.029503 0.703985
0.033496 0.706477
0.028162 0.699170
0.068605 0.718752
-0.023826 0.687163
-0.006691 0.702478
-0.009259 0.704694
-0.012231 0.708469
-0.023834 0.710598
-0.029590 0.707078
-0.020560 0.702574
-0.032179 0.704402
-0.038909 0.697485
-0.015568 0.709740
-0.278272 0.823581
0.009297 0.707609
0.008316 0.706257
0.019581 0.708091
0.011474 0.711623
0.020256 0.711006
0.018152 0.711712
0.020277 0.709053
0.033467 0.705186
0.027947 0.703225
-0.047833 0.713980
-0.009597 0.703059
-0.008094 0.704372
-0.010147 0.707790
-0.014113 0.709248
-0.017683 0.706058
-0.023912 0.713079
-0.032053 0.715958
-0.023330 0.704976
-0.010463 0.700678
-0.240775 0.793227
0.005993 0.706486
0.009200 0.708553
0.007768 0.706051
0.014383 0.715149
0.019917 0.716322
0.016882 0.714994
0.021970 0.713366
0.017219 0.711224
0.051627 0.707131
-0.058880 0.910046
-0.010050 0.704607
-0.007929 0.706430
-0.011640 0.711141
-0.015769 0.713406
-0.020511 0.709830
-0.022781 0.715394
-0.016846 0.714217
-0.017081 0.701052
-0.031000 0.707637
0.071072 0.635690
0.010606 0.708864
0.006297 0.706351
0.006222 0.711947
0.011764 0.717415
0.017800 0.719067
0.019914 0.724045
0.019588 0.724084
0.022458 0.706613
-0.005641 0.716082
0.056542 0.760856
-0.008876 0.703202
-0.013770 0.709254
-0.009432 0.707372
-0.008659 0.717560
-0.019366 0.717430
-0.012210 0.716478
-0.020203 0.719103
-0.014451 0.714237
-0.024509 0.700530
0.040219 0.808541
0.001438 0.707167
0.001198 0.708602
0.004373 0.711445
0.004079 0.715675
0.007583 0.725163
0.008569 0.726623
0.007164 0.724541
0.014063 0.718880
0.031268 0.712193
-0.133657 0.520157
-0.006348 0.703134
-0.010815 0.705862
-0.006496 0.711435
-0.011720 0.720096
-0.015739 0.721193
-0.012281 0.729872
-0.016961 0.717141
-0.015961 0.715495
-0.026137 0.698335
0.229387 0.619324
-0.000565 0.707049
0.005341 0.711948
0.005077 0.717433
0.004307 0.722482
0.006138 0.730330
0.006401 0.733197
0.007632 0.728092
0.003750 0.716210
-0.006943 0.722377
0.043821 0.676569
-0.008114 0.703165
-0.007877 0.705065
-0.014868 0.716685
-0.009904 0.716327
-0.012750 0.727528
-0.013630 0.725142
-0.012724 0.720200
-0.030168 0.713679
-0.014296 0.711978
-0.076134 0.659111
0.007947 0.706779
0.002246 0.712553
0.002904 0.719684
0.009520 0.725828
0.011768 0.730040
0.016407 0.735600
0.005826 0.730998
0.015309 0.721258
-0.001927 0.711034
-0.015716 0.729750
0.001353 0.703824
0.000903 0.708023
-0.000454 0.713419
-0.000402 0.722486
-0.002168 0.733199
-0.004819 0.726946
-0.009657 0.722938
-0.008890 0.722035
-0.061068 0.725747
0.137527 0.763148
0.010469 0.707260
0.006182 0.710458
0.012667 0.721455
0.008731 0.726670
0.018107 0.736561
0.010347 0.731856
0.011468 0.732793
0.013204 0.719608
0.041915 0.719324
0.117166 0.639860
-0.009409 0.702781
-0.013109 0.711389
-0.017039 0.721164
-0.016674 0.731030
-0.013787 0.731078
-0.023051 0.741263
-0.018249 0.728384
-0.018588 0.708575
-0.040407 0.744381
-0.025714 0.558965
0.003032 0.706562
0.002665 0.711173
0.008553 0.724136
0.005640 0.731261
0.003077 0.737319
0.011329 0.734498
0.002741 0.724549
0.002609 0.714491
-0.006454 0.715212
-0.212959 0.600400
-0.009101 0.705549
-0.007764 0.710493
-0.011630 0.721420
-0.010104 0.731354
-0.004491 0.734590
-0.021528 0.735842
-0.019571 0.734652
-0.037277 0.727883
-0.044636 0.704127
-0.076201 0.715911
0.011912 0.713360
0.008996 0.718619
0.008500 0.726419
0.014734 0.738175
0.001944 0.737423
0.010266 0.740237
0.014579 0.727944
-0.000876 0.722722
-0.027903 0.721860
-0.014162 0.588971
0.019735 0.699081
0.011116 0.708955
0.011778 0.721578
0.011043 0.729508
0.005477 0.736009
0.002856 0.736747
-0.007953 0.726446
-0.014100 0.720008
-0.013702 0.693560
-0.048623 0.688498
0.020277 0.714391
0.023910 0.718573
0.021802 0.727595
0.023022 0.738229
0.023943 0.734562
0.021769 0.733209
0.014322 0.724334
0.024447 0.724755
-0.014461 0.714372
-0.105058 0.775062
0.051712 0.696978
0.053467 0.705646
0.047978 0.716098
0.036894 0.723895
0.029688 0.730930
0.028388 0.730351
0.005212 0.724087
0.008529 0.708545
0.010648 0.700690
0.067161 0.657829
0.002443 0.709221
0.004997 0.712056
0.006068 0.720086
-0.002174 0.728749
0.008604 0.728997
0.001077 0.732680
0.005906 0.732716
0.000188 0.720297
-0.001167 0.711015
-0.030676 0.648945
0.083613 0.701251
0.076228 0.710317
0.064790 0.717604
0.063137 0.723822
0.044888 0.730329
0.031229 0.727616
0.024452 0.721459
0.006809 0.718413
0.004978 0.703753
0.064174 0.716842
0.030934 0.706046
0.033051 0.705502
0.029540 0.706672
0.037029 0.715894
0.022271 0.709762
0.027261 0.717069
0.024573 0.710691
0.030719 0.712752
0.050613 0.716587
0.143985 0.689269
0.120448 0.698531
0.104379 0.702986
0.097427 0.704917
0.088691 0.702244
0.080052 0.704228
0.050631 0.705688
0.060377 0.703690
0.050467 0.697892
0.028316 0.705434
0.016630 0.679037
0.049001 0.956760
0.065740 0.939794
0.045018 0.935308
0.031105 0.929652
0.022672 0.935123
-0.001810 0.923790
0.006345 0.907982
-0.005615 0.909905
-0.006395 0.909546
0.137715 0.906458
0.008547 0.953914
0.007640 0.936333
0.024109 0.932719
0.028880 0.932418
0.031522 0.925202
0.032685 0.925202
0.040825 0.909595
0.045353 0.911980
0.010894 0.923368
0.003002 0.887949
0.002246 0.900599
-0.000722 0.954074
-0.009633 0.974375
-0.011501 0.988605
-0.014080 0.980257
-0.030682 0.985730
-0.011928 0.969518
-0.030044 0.954482
-0.038852 0.953144
-0.074208 1.022234
0.001959 0.892633
0.004495 0.945283
-0.004681 0.963400
-0.006752 0.973734
-0.006623 0.973606
-0.017323 0.963500
-0.015246 0.952427
-0.008179 0.940997
-0.044226 0.954991
-0.111298 0.912653
0.049170 0.957901
0.065309 0.941382
0.043615 0.937557
0.029132 0.933440
0.020120 0.937001
-0.006812 0.927190
0.004015 0.909253
-0.010667 0.912524
-0.012779 0.911602
0.132265 0.964824
0.008984 0.954941
0.008119 0.938452
0.023351 0.935429
0.027540 0.935862
0.030127 0.925994
0.029446 0.927801
0.038178 0.912883
0.043281 0.912593
0.005113 0.925907
-0.018668 0.933797
-0.001649 0.707817
-0.000125 0.703947
0.000161 0.701716
0.008393 0.701061
0.007480 0.700711
0.006734 0.695473
0.007518 0.686365
0.015197 0.700948
0.025541 0.685742
0.120267 0.686573
0.000491 0.710445
0.002439 0.710524
0.004987 0.710990
-0.001603 0.707087
0.006627 0.703365
0.000052 0.696229
0.001564 0.704042
-0.006798 0.700379
0.018494 0.719484
0.002599 0.523851
0.013749 0.709183
0.015689 0.708818
0.012959 0.709397
0.024383 0.709533
0.019578 0.711329
0.020651 0.706491
0.025303 0.701325
0.021447 0.702631
0.004226 0.700341
-0.075263 0.652111
-0.000702 0.708843
0.001187 0.714852
0.010214 0.710132
0.008404 0.714684
0.007631 0.718868
0.012821 0.713053
0.014714 0.697474
0.022735 0.708174
0.013909 0.689664
0.057547 0.601125
0.013777 0.708411
0.005071 0.706137
-0.007152 0.704115
-0.010919 0.709549
-0.015765 0.709338
-0.009535 0.701885
-0.017028 0.709472
-0.012061 0.696442
-0.055580 0.715347
-0.112734 0.696733
0.008411 0.708453
0.016954 0.710851
0.019124 0.710042
0.023877 0.712789
0.036386 0.712630
0.037111 0.710783
0.044626 0.707619
0.046676 0.701017
0.042181 0.669862
0.136497 0.674160
0.012918 0.703826
0.005760 0.705027
0.010914 0.702763
0.009942 0.708986
0.005901 0.707996
0.007563 0.703101
0.009253 0.711403
0.003246 0.709210
-0.017482 0.715982
-0.114220 0.731215
-0.001992 0.706304
0.003492 0.705282
0.004501 0.704445
0.005376 0.707763
-0.001770 0.705470
0.000400 0.702926
-0.001973 0.706350
0.011655 0.703584
-0.021624 0.693504
0.070712 0.695276
0.017164 0.703021
0.021201 0.700000
0.021695 0.703169
0.023139 0.705996
0.021283 0.709091
0.016813 0.710111
0.019527 0.705710
0.013157 0.708112
0.016298 0.716281
-0.027989 0.679951
-0.009734 0.708680
-0.014552 0.704122
-0.016124 0.703399
-0.014607 0.706527
-0.013129 0.711317
-0.022686 0.715429
-0.011246 0.714726
-0.019318 0.708972
-0.021627 0.713787
-0.174590 0.686778
0.028776 0.707044
0.021317 0.703753
0.016490 0.704381
0.022301 0.720052
0.013864 0.717738
0.016565 0.712199
0.016360 0.700890
0.014610 0.703016
-0.026413 0.697978
-0.147215 0.613386
-0.000692 0.707610
0.006092 0.703628
0.012581 0.706076
0.014171 0.721792
0.021191 0.723795
0.020103 0.714440
0.029061 0.711445
0.036408 0.699030
0.022777 0.677560
0.090442 0.650471
0.008300 0.707512
-0.002408 0.706678
-0.004531 0.704602
-0.010483 0.703617
-0.008524 0.708957
-0.006618 0.703616
-0.003736 0.711558
-0.001827 0.703102
-0.029622 0.712828
0.109788 0.756226
0.005753 0.707189
0.012482 0.712376
0.002507 0.710617
0.010552 0.707392
0.014589 0.708406
0.010574 0.706280
0.019592 0.703145
0.022727 0.710384
0.045508 0.702438
0.037320 0.856587
0.004754 0.706509
0.001193 0.706039
-0.007043 0.704035
-0.003471 0.704925
-0.008952 0.703949
-0.001874 0.701692
-0.011766 0.708465
-0.009909 0.700966
-0.052449 0.692745
-0.346044 0.538188
0.006256 0.707440
0.004640 0.712203
0.005699 0.710171
0.010141 0.711928
0.018897 0.710452
0.024506 0.713567
0.023642 0.713945
0.025402 0.700524
0.017358 0.711338
0.236854 0.688695
0.010366 0.704411
0.000864 0.708264
0.001316 0.708966
-0.005559 0.711914
-0.000848 0.704995
-0.006650 0.707217
-0.012666 0.703437
-0.006811 0.698769
-0.021897 0.703494
-0.116208 0.623484
0.002297 0.710821
0.008351 0.708929
0.004376 0.708141
0.009973 0.704093
0.008796 0.705261
0.011997 0.712376
0.016385 0.708490
0.016020 0.710333
0.013064 0.684071
-0.035122 0.613337
0.007306 0.706788
0.006132 0.706089
-0.000520 0.706697
-0.002022 0.707812
-0.011242 0.707366
-0.003079 0.701841
-0.009165 0.703606
-0.000663 0.705628
-0.005859 0.731418
0.088689 0.620110
0.008032 0.707198
0.011021 0.708141
0.018165 0.707088
0.012896 0.708451
0.019828 0.700521
0.014062 0.710221
0.020167 0.708115
0.016333 0.711075
0.012467 0.695644
0.020598 0.673260
0.001335 0.706857
0.005783 0.708977
-0.006133 0.707225
-0.000549 0.707303
-0.006269 0.707232
-0.003434 0.705122
0.000631 0.705052
-0.007688 0.708186
-0.011272 0.709029
0.023732 0.619533
0.006559 0.707951
0.004519 0.705708
0.008841 0.706288
0.008502 0.711464
0.018344 0.708337
0.021940 0.707838
0.019752 0.709805
0.022639 0.704600
0.002484 0.696433
0.062114 0.634244
0.009733 0.705180
-0.002790 0.707093
0.006937 0.704195
0.000530 0.703411
0.002925 0.707967
0.007454 0.707206
0.005221 0.709415
0.002950 0.701417
-0.030727 0.724155
0.026222 0.717293
-0.004073 0.707071
0.001490 0.706692
0.002478 0.709422
0.001018 0.708764
0.001541 0.710637
0.003895 0.698639
-0.002143 0.709869
-0.002059 0.699564
0.004376 0.712926
0.197439 0.607674
0.006475 0.706271
0.003694 0.705845
0.005151 0.703704
0.004897 0.704425
0.000286 0.704525
0.002584 0.705693
-0.004114 0.706269
0.000143 0.705287
0.005738 0.719360
0.043017 0.776933
-0.004072 0.709476
-0.001578 0.709976
0.004950 0.712811
0.006029 0.705732
-0.010526 0.705264
-0.002528 0.710057
-0.001578 0.711770
0.009452 0.712908
-0.018543 0.697921
0.042100 0.729122
0.009091 0.705198
0.009614 0.704224
-0.000184 0.706800
0.003370 0.708222
0.005782 0.712034
0.004571 0.707018
0.007743 0.709041
-0.000512 0.709300
-0.007190 0.707430
-0.121395 0.609201
-0.006372 0.707857
0.003291 0.709140
-0.003309 0.709426
0.000455 0.707124
0.002848 0.704422
-0.007054 0.706353
-0.002824 0.703808
0.006917 0.706866
-0.025730 0.720538
-0.212406 0.719483
0.008802 0.704010
0.007626 0.707351
0.013591 0.707884
0.010545 0.703614
0.004133 0.709905
0.007934 0.701694
0.005481 0.708914
0.004655 0.708009
0.002705 0.715698
-0.175092 0.679874
0.003804 0.709821
-0.002056 0.708329
0.000620 0.704671
0.000162 0.709567
0.001385 0.712497
0.003619 0.712617
0.003767 0.703640
0.004326 0.697290
-0.007836 0.714392
0.041089 0.723881
0.004837 0.706162
-0.003324 0.708134
0.003798 0.704609
0.003577 0.708831
0.001237 0.706592
-0.001918 0.709240
0.005793 0.702492
0.001234 0.707355
-0.011571 0.721456
-0.063813 0.751324
0.004269 0.708607
0.009024 0.705292
0.005273 0.708603
0.004507 0.707474
0.002899 0.710468
0.007749 0.706569
0.001726 0.707969
0.011917 0.708086
0.008489 0.718266
0.125314 0.750535
0.000046 0.704577
0.001494 0.707718
0.001725 0.705122
-0.003971 0.703921
0.002060 0.704176
-0.009167 0.708973
-0.001633 0.704598
-0.002435 0.714238
-0.014539 0.717114
-0.211945 0.603508
0.001594 0.708555
0.003138 0.703999
-0.000850 0.706250
0.003191 0.710050
-0.004941 0.709723
-0.010565 0.707163
-0.005175 0.709167
0.000117 0.712165
0.036407 0.715592
-0.026952 0.713941
0.023532 0.704099
0.020226 0.704234
0.015723 0.706287
0.016395 0.706713
0.011568 0.705777
0.015041 0.706330
0.010775 0.710575
0.007399 0.706884
-0.003070 0.721224
-0.145157 0.717833
-0.002687 0.709840
-0.007691 0.708436
-0.004853 0.709055
-0.002706 0.708680
0.003622 0.710539
0.000041 0.708039
0.007728 0.714599
-0.006315 0.707304
-0.008514 0.709950
-0.070508 0.720249
0.025345 0.703714
0.022718 0.705039
0.022624 0.706728
0.025657 0.707914
0.023159 0.707763
0.015224 0.706707
0.022738 0.706993
0.011350 0.704471
0.026850 0.709860
0.136340 0.704625
-0.016196 0.707919
-0.011255 0.707172
-0.013237 0.706828
-0.011520 0.709628
-0.010120 0.707262
-0.012259 0.712225
-0.008956 0.708470
-0.015087 0.705155
-0.040427 0.703055
-0.086001 0.748552
0.007323 0.704784
0.004650 0.703340
0.004423 0.707093
0.005234 0.703875
0.006285 0.703391
0.007766 0.705247
0.004191 0.706297
0.008353 0.709148
0.022004 0.698000
0.187539 0.590304
-0.005333 0.710234
-0.008208 0.711263
-0.002653 0.707166
0.000324 0.708659
-0.000270 0.708679
-0.007026 0.709804
0.000124 0.706895
-0.000114 0.716175
-0.011158 0.688970
-0.096323 0.615478
-0.002806 0.695265
-0.002914 0.698527
-0.004265 0.693499
0.013618 0.693288
0.004504 0.698840
0.015471 0.701797
0.012120 0.702118
0.026942 0.693936
-0.000591 0.699508
0.003549 0.786584
-0.041615 0.718613
-0.040355 0.713930
-0.050915 0.715031
-0.057355 0.715975
-0.061058 0.713387
-0.055642 0.711685
-0.046531 0.713552
-0.066387 0.715512
-0.070140 0.713500
-0.171355 0.670909
-0.064360 -0.027126 -0.000427 -0.004990 0.004519 -0.004341 0.002101 -0.005576 
0.238239 -0.018625 0.000802 0.000031 -0.006164 0.000785 0.001135 0.001597 
-0.053250 -0.009541 0.003927 0.004702 0.000884 -0.004943 0.007199 -0.001693 
0.149140 -0.010822 -0.011494 0.001131 -0.001408 -0.001633 0.001835 0.005407 
-0.016509 0.002920 -0.001306 0.002345 -0.002804 -0.001425 -0.002733 0.003104 
0.057274 0.002196 -0.005377 0.005326 0.006721 -0.008451 0.004142 0.000114 
0.027681 0.016341 -0.007632 0.000953 -0.002771 -0.002630 0.000343 -0.000844 
-0.005155 0.002268 -0.001220 0.003368 0.002442 -0.000193 -0.001270 0.000681 
0.013882 0.006579 0.003581 0.006584 0.005500 0.001799 0.001725 -0.003298 
-0.070617 -0.002207 -0.001308 0.003328 -0.006873 0.001127 0.007436 0.002420 
0.052965 0.010661 -0.002590 0.000950 0.001709 -0.002187 -0.000948 -0.002264 
-0.138809 -0.016163 -0.000755 0.005038 0.001929 -0.000183 -0.000810 -0.004146 
0.052308 -0.045464 -0.006621 -0.006684 0.002487 -0.003837 0.003489 -0.001471 
-0.225925 -0.025341 0.010083 0.007125 -0.001896 -0.002958 0.000327 0.000367 
0.066870 -0.056794 -0.012062 0.004539 0.000318 -0.002194 -0.000361 0.005204 
-0.241470 -0.029892 0.006999 0.002231 -0.000218 -0.006829 -0.001096 0.003182 
0.033652 -0.002701 -0.002199 -0.006880 0.000408 0.001012 -0.003636 0.001745 
-0.213241 -0.015638 -0.012504 0.001146 0.005237 -0.005547 0.002870 0.000778 
-0.187967 -0.548799 0.186696 0.291284 -0.140696 -0.144608 0.090988 0.069480 
-0.557948 0.132791 0.341908 -0.130107 -0.190092 0.099129 0.095980 -0.060616 
-0.008233 -0.014663 0.004365 0.004674 0.005164 -0.002535 0.000732 -0.001106 
-0.016770 -0.008461 0.004350 0.004289 -0.001865 -0.003910 -0.003187 -0.001264 
0.000388 -0.010870 0.002180 0.006593 -0.004299 0.005245 0.007183 0.000081 
-0.016930 -0.001095 0.003285 0.000039 -0.004668 -0.001989 -0.002459 0.008046 
0.016329 -0.013966 -0.012355 -0.000564 -0.004578 0.000289 -0.004866 0.001267 
-0.023396 -0.002956 -0.003153 0.007104 0.000788 0.004963 0.001965 -0.003876 
0.003400 -0.001838 -0.002991 -0.003455 -0.007169 -0.004240 0.002704 -0.007633 
-0.002333 0.001089 -0.005605 0.005239 0.004968 -0.001621 -0.007073 0.003039 
0.009333 0.001936 -0.000768 0.001647 -0.000296 0.001702 -0.004291 0.003325 
0.003528 0.005247 -0.003680 0.004134 0.004057 0.009475 -0.006134 -0.001079 
0.035762 0.005336 -0.007431 0.002889 0.004009 0.006289 0.001080 -0.008106 
0.007717 0.001637 0.004006 0.002669 0.002234 0.005886 -0.007128 0.004325 
-0.000048 0.017234 -0.005150 0.003060 -0.001300 -0.002114 0.006056 -0.002267 
0.010424 -0.000020 -0.003374 -0.000027 0.011036 0.000909 -0.007003 -0.004820 
-0.016453 -0.000383 0.001887 -0.004667 -0.000146 0.000501 -0.004092 -0.009771 
0.013018 0.002204 -0.001398 0.007600 0.001851 0.001145 -0.001169 0.006232 
-0.073497 -0.123904 0.003656 0.014445 -0.004243 0.003829 -0.004372 -0.003641 
0.039864 0.007458 -0.019261 -0.006953 0.005903 0.001176 -0.007022 0.019804 
-0.083967 -0.388860 0.048759 0.154020 -0.016606 -0.058951 0.006938 0.022832 
-0.190533 0.005388 0.089980 -0.001286 -0.050594 -0.006267 0.030112 0.001107 
-0.064275 -0.028104 0.001368 -0.002386 0.003814 -0.003030 -0.001307 -0.003833 
0.237167 -0.016389 -0.000204 0.000610 -0.007551 0.001464 -0.003950 0.000177 
-0.052430 -0.008847 0.004052 0.004530 0.002058 0.000313 0.010601 -0.001684 
0.150227 -0.011727 -0.010783 0.000214 0.001390 -0.000977 0.000063 0.011895 
-0.018307 0.003618 -0.001265 0.002181 -0.004197 -0.003472 0.000301 0.003469 
0.058105 0.001949 -0.006359 0.007330 0.003140 -0.003711 0.003162 -0.003098 
0.027701 0.012459 -0.007295 0.001354 -0.001182 -0.003406 0.000157 -0.001904 
-0.005589 0.004041 -0.000017 0.005264 -0.001363 0.000252 0.000560 0.002299 
0.012479 0.004866 0.002614 0.005134 0.004291 0.004883 -0.000052 0.001074 
-0.069354 -0.002161 -0.000896 0.002265 -0.008070 -0.003330 0.007974 -0.002424 
0.050461 0.011713 -0.002438 0.000297 -0.001001 -0.000961 0.000269 -0.003091 
-0.138355 -0.016131 -0.001708 0.005383 0.001605 0.001054 -0.002742 -0.004075 
0.053007 -0.039885 -0.008436 -0.007119 0.002661 -0.002942 0.005885 -0.000401 
-0.226207 -0.025239 0.006095 0.006804 -0.004245 0.001248 0.001774 0.002608 
0.071222 -0.052542 -0.014757 0.003700 0.000914 -0.001657 -0.002676 0.001012 
-0.241451 -0.031750 0.004599 0.006175 -0.000694 -0.007146 -0.007079 0.002549 
0.041614 -0.015942 -0.006458 -0.005039 0.000106 0.000493 -0.005068 0.000488 
-0.220363 -0.018205 -0.006817 0.000662 0.004607 -0.003967 0.001267 0.001591 
-0.179010 -0.545673 0.173458 0.289799 -0.132091 -0.145662 0.086069 0.073456 
-0.535516 0.118239 0.332343 -0.120198 -0.187053 0.090235 0.094465 -0.053934 
-0.019931 -0.018970 0.000708 0.004334 0.006353 0.000120 -0.007953 -0.000389 
-0.202669 -0.000312 -0.000834 0.002115 0.000240 -0.005580 -0.004338 0.005708 
-0.010781 -0.017598 0.002513 -0.001431 -0.002204 0.004364 0.000920 0.002074 
-0.119237 0.000291 0.005838 -0.003566 0.008210 -0.006641 -0.001321 -0.003988 
-0.002905 -0.003886 -0.000270 0.003629 0.001202 0.009362 -0.005762 -0.007383 
-0.064635 -0.001952 0.001605 -0.000212 -0.001449 0.007788 -0.008945 0.004032 
0.017997 0.017960 0.004926 -0.003984 -0.007961 -0.000578 0.000553 0.002946 
-0.002688 0.004720 0.004346 -0.002925 0.002519 0.001635 -0.000551 -0.003644 
0.000685 0.009120 -0.005040 -0.002250 -0.004157 -0.009395 -0.003655 0.004202 
0.067452 0.006909 0.004143 -0.000393 0.004276 0.000350 -0.004137 -0.009114 
0.031639 -0.011611 -0.004220 0.008293 0.008528 0.003148 -0.005025 0.004215 
0.097538 0.001570 -0.010564 -0.007148 0.000862 -0.004799 0.003793 -0.001230 
0.020281 -0.025473 0.000639 0.004686 0.007597 -0.004647 -0.001899 0.001387 
0.139574 0.006388 -0.007680 -0.000422 0.001271 0.000512 -0.001180 -0.011102 
0.001843 -0.031237 0.005162 0.010688 0.005102 -0.009018 -0.000694 0.007141 
0.187838 0.001879 -0.020499 -0.001460 0.005457 -0.002206 -0.013631 -0.007756 
-0.014324 -0.080763 0.001035 0.016245 0.007067 -0.014453 0.006845 0.003317 
0.147730 -0.000476 -0.027006 -0.007482 0.000327 0.000749 -0.017217 -0.005720 
-0.056399 0.100277 0.002552 0.008291 0.003895 0.009801 0.013552 -0.011131 
0.214811 -0.003054 0.029366 0.006278 0.014441 -0.001644 -0.013480 0.003932 
0.033626 -0.014330 -0.000527 -0.000286 0.002985 -0.002406 0.005381 -0.001978 
-0.082904 -0.005171 -0.004164 -0.004862 0.004078 0.005529 0.005567 -0.000151 
0.009937 0.009813 0.003454 -0.000526 -0.001174 0.004246 0.002527 0.000415 
-0.047093 -0.005652 -0.010901 0.004470 0.005663 -0.004270 0.000688 -0.001476 
0.005847 0.009703 -0.000869 0.004979 0.005635 0.004323 -0.002616 -0.002233 
0.004609 0.008930 0.007899 -0.006457 0.002762 -0.005113 0.007034 -0.005543 
0.001932 0.014145 0.000478 0.002208 -0.002841 -0.001524 0.000177 -0.003901 
0.011638 0.004834 -0.000125 -0.004045 -0.003268 -0.001550 0.002137 -0.006091 
0.004976 0.003733 -0.005901 -0.007776 -0.004487 0.001594 0.002801 -0.002632 
0.031790 0.004238 0.001983 -0.003731 0.000867 -0.002771 -0.000763 0.000811 
-0.039506 0.008912 -0.000074 0.002020 0.001219 0.002068 -0.002264 -0.000058 
0.033139 -0.005313 -0.005793 0.004042 0.001508 0.002908 0.006417 0.004124 
-0.037064 0.013361 0.003140 0.004659 0.005015 -0.001789 -0.005824 0.001713 
0.037114 -0.001759 -0.004294 -0.000462 0.003442 -0.003850 -0.001470 0.003732 
-0.036463 0.005640 0.000715 0.006626 0.002505 -0.003234 -0.001149 0.002569 
0.047417 0.001897 0.015542 0.000286 0.005788 0.001313 -0.004275 -0.005199 
0.018572 0.062580 0.003342 0.011596 0.002363 -0.005346 -0.003416 0.003419 
0.157772 0.006108 0.021589 0.000496 0.008871 0.000602 -0.000316 -0.007530 
0.169794 -0.309449 -0.096000 0.088503 0.043723 -0.018910 -0.015182 -0.004257 
-0.338759 -0.066119 0.136657 0.050272 -0.034976 -0.025081 -0.000242 0.014102 
0.056643 0.001988 -0.000309 0.004901 0.001702 -0.003364 -0.004204 0.002608 
-0.037023 -0.002254 -0.009449 0.001167 0.000794 -0.004908 0.001307 -0.003361 
0.029341 0.006495 0.005047 -0.001715 0.003372 0.003578 0.007539 0.001872 
-0.033536 0.004594 0.003011 0.000924 -0.000456 0.001348 0.005044 -0.003875 
0.010810 -0.002485 -0.003782 -0.003847 0.001766 0.000873 0.001788 -0.001522 
-0.009991 -0.000841 0.005594 0.003963 -0.001166 -0.001077 -0.001002 -0.004151 
-0.012287 -0.009480 -0.008206 0.003924 -0.004659 0.000894 0.001803 0.004277 
-0.005645 0.006180 0.001356 0.000884 -0.005075 0.002379 -0.001262 -0.001475 
-0.007859 0.014600 0.004232 -0.002579 -0.008030 0.004144 0.001092 -0.003223 
-0.007798 0.002586 -0.002738 0.003755 -0.002438 0.007860 0.009186 0.008217 
-0.044765 -0.001092 -0.001960 -0.004308 -0.003454 0.001046 0.003285 0.001087 
0.027201 -0.000377 -0.002440 -0.005079 -0.001155 0.005586 -0.002412 0.006267 
-0.025707 0.004925 0.005491 -0.003169 0.003167 -0.005279 0.000593 -0.000398 
0.031554 0.001364 0.001247 -0.003041 0.000368 0.006665 -0.000122 0.006212 
-0.032105 -0.010327 -0.001175 -0.000330 0.002535 -0.003634 -0.001141 -0.003409 
0.030147 -0.004951 -0.010032 0.004105 -0.003541 -0.004118 0.000959 -0.000139 
-0.143067 0.018683 -0.002180 0.003016 0.002472 -0.001812 -0.001109 -0.002592 
-0.032200 0.016142 -0.001718 -0.002145 -0.004147 -0.003461 -0.003359 0.008799 
0.398203 -0.171006 -0.154385 0.009912 0.019779 -0.017537 -0.006171 0.011246 
0.237120 0.098730 -0.038699 -0.012462 0.012862 -0.010774 -0.023268 -0.002594 
0.015851 -0.007247 -0.001368 0.006137 -0.003814 0.003164 -0.001287 -0.006439 
-0.030340 0.000006 0.001691 -0.003728 0.000417 -0.004529 0.000944 -0.002340 
0.010033 -0.006858 -0.001829 0.000454 0.004913 -0.000825 0.000909 0.000968 
-0.013165 0.000739 -0.000212 0.000650 0.003887 -0.005207 0.001555 0.001840 
0.030782 0.007947 0.002296 -0.003365 0.002703 -0.000329 -0.000032 -0.003026 
0.012771 -0.009173 0.002876 -0.000071 -0.004074 -0.001114 -0.006107 -0.000949 
-0.029224 -0.012916 0.002903 0.001822 -0.003736 -0.001659 -0.002975 -0.000709 
0.013606 0.003273 0.001850 0.002954 0.004483 0.001164 0.003657 0.005100 
-0.029636 0.006978 -0.008143 -0.002446 -0.005701 -0.005754 -0.002898 0.004490 
0.006186 0.006907 -0.002418 -0.001734 -0.001139 -0.001122 0.000579 0.000741 
-0.004334 0.009880 -0.002071 -0.000880 0.007819 -0.000642 0.000093 -0.002406 
0.042628 0.005702 -0.002669 -0.003177 -0.003468 0.004863 -0.003774 -0.005846 
0.019750 0.012993 0.004449 -0.000242 0.002153 0.000588 0.003520 0.006246 
0.030588 -0.002055 0.003741 0.005032 0.006657 0.000961 -0.005261 0.001121 
-0.008593 0.009466 0.006805 -0.009140 -0.003690 -0.004852 -0.002496 0.003024 
0.048371 -0.000571 -0.001388 0.001199 -0.000806 -0.000360 -0.001547 0.001474 
-0.099929 -0.009300 0.005169 -0.006474 -0.006503 0.009106 -0.006566 0.006301 
0.108470 -0.019131 0.012635 0.003741 -0.008677 0.002303 -0.001284 -0.003022 
-0.280149 0.081322 -0.032840 0.019482 0.001320 -0.003249 0.006742 -0.003745 
0.066561 -0.017923 0.022093 -0.013823 0.019728 -0.012766 0.009667 -0.007405 
0.006501 -0.008869 0.003264 0.001146 0.001315 0.005169 0.001685 -0.001537 
-0.054539 -0.002296 0.002865 -0.002269 -0.004822 0.007353 0.000431 0.004535 
0.007064 -0.006923 0.003194 0.000882 -0.000781 0.001510 0.000746 -0.003450 
-0.025033 -0.000876 -0.005393 0.005819 -0.004587 -0.000423 0.002310 0.001876 
0.008613 0.007156 0.002347 -0.004985 -0.000371 0.002372 0.000787 -0.000194 
-0.015521 -0.000547 -0.000086 -0.010004 -0.006453 -0.000484 -0.003373 0.002604 
-0.033506 -0.003022 0.001452 0.003470 -0.001445 0.004668 -0.000098 -0.002578 
-0.017055 0.001689 -0.002377 0.001755 0.001221 0.005895 -0.003167 0.000770 
0.017258 0.009153 -0.001430 -0.001087 0.003550 0.002627 -0.004559 -0.000656 
0.017901 0.005363 0.001321 -0.009248 0.002824 -0.000839 -0.006351 0.004443 
-0.022821 -0.004364 -0.000710 0.001432 -0.005937 0.002403 -0.006927 -0.002156 
0.047685 0.001521 0.000704 0.002121 -0.003826 -0.000021 -0.003235 0.002604 
-0.007473 -0.019467 0.002866 0.003758 -0.004889 0.006254 0.004242 -0.001528 
0.032342 0.000540 0.002376 0.003835 -0.001279 0.004780 0.006963 -0.004154 
-0.026747 0.043251 0.002410 -0.002789 -0.002256 0.004091 -0.000182 0.002838 
0.066970 -0.002744 0.001441 -0.002161 0.002507 0.002873 -0.000141 -0.001879 
0.026733 0.010113 -0.010860 -0.010524 0.005097 0.010432 -0.005554 0.000187 
-0.007173 -0.002378 0.001035 -0.001368 0.003698 0.000051 -0.006229 -0.003700 
0.044470 -0.098148 -0.014272 0.023049 0.001838 -0.003217 0.004958 -0.000182 
-0.199910 -0.020936 0.044197 0.009163 -0.010569 -0.001111 0.002970 0.004295 
0.056838 -0.018514 -0.003764 -0.000514 -0.004377 0.002194 0.003936 -0.001779 
-0.170553 -0.012700 0.006052 -0.003349 -0.004556 -0.002592 -0.003877 -0.008927 
0.021638 0.006605 -0.003749 0.001447 0.004073 -0.000265 -0.000927 -0.003869 
-0.093558 0.004285 -0.010183 -0.002485 -0.002547 -0.000976 0.003045 -0.000780 
0.022472 0.001962 0.000717 0.001615 0.004813 0.005507 0.003284 -0.001937 
-0.023040 0.002139 -0.002063 -0.000617 0.003201 -0.006836 -0.005207 0.002025 
-0.027764 -0.010929 0.002248 0.001120 -0.003294 0.001106 -0.001657 0.006512 
0.009522 0.005764 0.004146 -0.000090 -0.001359 0.003203 -0.007038 -0.003977 
-0.011400 -0.002551 -0.001966 -0.004462 -0.001170 0.003711 -0.004590 -0.003227 
0.047295 0.015133 -0.003768 0.006705 -0.000251 -0.000834 -0.002738 -0.003086 
-0.047225 -0.035382 -0.002202 0.001734 0.000837 0.003439 -0.002432 -0.001105 
0.115396 -0.002867 -0.011702 -0.000662 0.000872 0.005622 0.003652 0.005055 
-0.029891 -0.033776 0.006305 -0.000569 -0.002160 -0.007827 -0.003110 -0.001788 
0.135249 0.000872 -0.007437 -0.000341 0.001306 0.004385 -0.004062 0.001556 
-0.052282 -0.008219 -0.002579 -0.004731 -0.003659 0.001540 -0.000183 0.001814 
0.182034 -0.014928 -0.002665 0.004554 0.001097 0.004773 0.000085 0.004524 
-0.118711 -0.049612 0.007782 0.002990 -0.002982 0.005218 -0.001952 -0.002449 
0.230705 -0.029786 -0.007521 0.000259 0.005633 -0.002405 0.002833 -0.002000 
0.328496 -0.043611 -0.055751 -0.002668 0.006055 0.003547 0.001966 0.001094 
-0.000051 0.009032 0.004488 0.004936 0.000563 -0.002915 -0.004812 -0.005034 
0.016801 -0.013880 -0.003343 -0.005037 -0.004742 -0.007388 0.002838 0.004695 
0.000864 0.007997 -0.000039 -0.000435 -0.004537 0.003993 -0.004048 0.002204 
0.021722 -0.011415 0.006593 0.000243 0.000782 -0.007791 -0.003504 -0.001895 
-0.021673 -0.006296 0.006787 -0.002064 -0.000546 -0.004653 0.005861 -0.006761 
0.008211 -0.008019 -0.000392 0.000866 -0.002034 -0.004955 0.001197 -0.005668 
-0.006270 0.004988 0.008580 0.004531 0.000321 0.000802 0.001276 -0.000722 
-0.007951 0.001802 0.006681 0.003094 -0.002585 0.008228 -0.001253 -0.002435 
0.010241 -0.001102 -0.000425 0.000799 0.004409 0.005710 0.004596 0.001191 
0.005008 -0.012817 -0.003825 0.001614 0.001490 0.006354 0.000812 0.002228 
-0.001260 0.004757 0.004729 -0.003139 -0.003666 -0.000271 0.004313 -0.003474 
-0.020783 0.008437 0.005598 -0.003146 0.006099 0.001588 0.002465 -0.000835 
0.027671 -0.003576 0.002478 -0.002796 -0.002842 -0.003967 0.006796 -0.002999 
-0.039653 -0.015789 -0.005893 -0.001008 -0.003101 0.003248 0.003349 -0.003056 
-0.001765 0.001158 0.000124 0.000435 -0.005698 -0.000263 0.000078 0.000644 
-0.013563 0.002675 -0.005171 0.004300 -0.003102 0.002109 -0.003016 -0.001219 
0.026928 0.001284 -0.000893 0.001943 -0.004284 0.008178 -0.002022 0.006028 
-0.098391 -0.000356 0.006462 -0.003266 0.010933 -0.006157 -0.000880 0.008150 
-0.072449 0.016283 0.001456 -0.004599 -0.010049 0.007030 -0.002126 -0.000399 
-0.028657 0.132359 -0.007210 0.021254 0.003631 0.003830 0.009646 -0.007847 
-0.117205 0.000575 -0.020541 0.004675 -0.014031 0.007700 -0.000773 0.015292 
0.027119 -0.005158 -0.007350 0.004844 -0.004248 0.004390 -0.001060 0.004053 
-0.017904 0.002155 0.001145 0.005215 0.001770 0.002220 -0.000962 0.000931 
0.026720 0.015683 -0.003342 -0.002130 0.006749 -0.001346 -0.003861 0.000616 
-0.025556 0.001758 -0.002582 0.001873 0.001552 0.005229 -0.002319 -0.000379 
-0.000302 0.010223 -0.005741 0.005197 -0.000513 -0.007364 0.003401 -0.001020 
-0.007112 0.000959 0.000718 -0.002784 0.001683 -0.003627 -0.003210 0.000841 
-0.001197 -0.010959 -0.004705 -0.003483 0.001728 0.000620 -0.003640 0.005303 
-0.013818 0.006355 -0.001957 0.005806 0.001895 -0.005547 -0.000896 0.007585 
0.001144 -0.000088 0.001259 -0.001167 0.003766 0.004996 0.004068 -0.000021 
0.003347 -0.001299 0.004204 -0.000180 -0.003716 0.001886 -0.003874 -0.004966 
-0.006617 -0.025088 0.002063 0.001045 0.005727 -0.000844 0.001382 0.002374 
0.015362 0.002778 0.003359 0.005547 -0.001485 -0.004916 -0.000705 -0.002074 
-0.001107 -0.011755 0.001346 -0.001861 0.001552 0.001258 -0.002093 -0.000885 
0.019259 0.007285 0.002850 0.001866 -0.006336 -0.000468 0.012735 -0.003712 
-0.021613 0.021505 0.000029 0.002091 0.010666 -0.000245 -0.001795 0.002317 
-0.028723 -0.000265 -0.005571 0.001991 -0.002089 0.001721 -0.006009 -0.000731 
-0.041032 -0.075276 0.006226 0.000704 -0.000321 0.005375 0.002627 -0.003456 
-0.043248 0.012350 0.001754 0.000438 0.000641 0.002486 -0.001762 -0.002971 
0.173764 0.360253 0.095914 0.115929 0.028687 0.027848 0.009879 0.004824 
0.100832 0.011986 0.079259 0.016658 0.038672 0.003926 0.017769 0.010903 
0.023652 -0.001529 0.002024 0.000548 0.007711 -0.002816 -0.002445 -0.000209 
-0.017324 0.001395 -0.005629 -0.002497 0.002316 -0.001542 -0.003606 -0.006384 
0.011579 -0.007021 -0.010551 0.004563 -0.001942 0.007341 0.000577 0.000030 
-0.020138 -0.003378 0.003156 -0.000270 0.003261 0.001133 -0.002682 0.001385 
0.002051 -0.011367 0.001862 -0.000561 -0.003287 -0.002454 0.001839 -0.002255 
-0.006555 -0.001055 0.004556 -0.003540 -0.005838 0.003639 0.007639 -0.003543 
-0.014778 0.008381 -0.003673 0.000187 -0.010317 -0.003571 0.003039 0.002948 
0.015884 0.001670 -0.002333 0.006567 -0.004811 -0.001489 -0.006414 0.003033 
-0.012566 -0.012980 0.000708 0.000962 -0.002752 -0.000317 0.000033 0.007055 
-0.016185 0.004671 0.000521 0.000290 0.004780 0.001341 0.002559 0.003947 
-0.026311 -0.002384 0.003836 -0.003767 0.001473 0.001459 0.001152 -0.004141 
0.013453 -0.008783 0.006521 0.001824 -0.003125 0.009017 0.001016 -0.000544 
-0.008467 0.010963 -0.004304 -0.001999 -0.000223 0.002169 -0.004865 0.002092 
-0.007442 0.003373 0.000589 -0.001143 -0.000535 -0.006160 -0.002043 -0.000576 
-0.025709 -0.006049 -0.000777 -0.013083 0.001885 0.003332 -0.010262 0.000029 
0.032698 -0.010573 -0.002444 0.004145 -0.001241 0.004756 -0.000448 -0.004349 
-0.077368 -0.062730 -0.003608 0.000279 0.011544 0.001197 -0.005385 0.012726 
-0.005330 0.001509 0.002078 -0.003454 -0.002922 0.001583 -0.012163 0.005382 
0.380748 0.190659 0.102069 0.059812 0.020156 0.015365 0.016873 0.004876 
-0.046347 -0.015358 -0.010587 -0.006122 -0.000071 -0.010758 -0.007073 -0.019297 
0.019361 0.000728 0.003074 0.005210 0.000370 0.000796 0.006397 0.003517 
-0.029596 -0.002246 -0.001790 -0.001140 0.003327 -0.001128 -0.002491 -0.000128 
0.002920 0.002396 -0.002636 0.004175 0.000495 -0.001034 -0.005178 0.007739 
-0.010148 0.010392 -0.007782 0.001288 0.000271 -0.002482 0.001161 0.002999 
-0.007932 0.017381 0.003338 0.001008 -0.000916 -0.001670 -0.000806 0.001233 
0.005545 0.002649 0.003540 -0.001388 -0.002916 -0.002276 -0.003816 -0.000135 
0.003967 -0.008847 0.006323 0.003768 -0.001766 0.002863 -0.004607 0.007121 
-0.030029 0.005288 0.003917 -0.001586 0.001839 -0.004724 -0.002604 -0.001287 
-0.002931 0.020168 -0.001004 -0.003223 -0.001770 0.006499 -0.000035 0.004470 
0.005620 0.006897 0.013996 -0.003589 0.003676 -0.003524 0.005956 0.001532 
-0.006775 0.006527 -0.001158 -0.003106 0.000743 -0.000025 -0.000089 0.000680 
0.016673 0.004236 -0.002063 -0.001935 -0.003306 0.004993 0.000195 -0.010774 
-0.002270 -0.005066 0.001155 -0.000206 0.004493 0.001070 0.007244 -0.001801 
0.044936 0.003360 0.007879 0.003910 -0.000409 0.004683 -0.000191 0.003058 
-0.000803 -0.038160 -0.007298 0.000709 0.005681 0.006453 0.005033 -0.004774 
0.016937 0.000682 0.001343 0.002084 -0.004497 0.005777 0.006575 -0.003404 
0.017467 0.008983 0.000405 -0.010516 0.004284 0.002982 -0.007282 -0.003215 
0.022009 0.015804 -0.007495 0.001033 -0.012366 -0.004301 0.003291 0.005253 
0.160943 -0.331017 -0.065387 0.096303 0.018359 -0.017122 -0.014575 -0.019499 
0.386843 0.010198 -0.165466 0.004271 0.048957 0.000254 -0.001167 -0.011584 
0.027317 0.008980 -0.001690 -0.001265 0.002458 0.003200 -0.007129 0.002975 
0.002891 0.004230 -0.005444 0.000469 -0.000460 -0.005084 -0.003350 0.005896 
0.017472 -0.001626 0.002436 -0.001591 0.006347 0.005159 0.002223 -0.000450 
-0.012716 0.007867 0.003327 0.006866 0.000217 -0.000627 0.003044 0.006336 
0.014396 -0.006684 -0.000837 0.001458 0.004506 0.006744 0.006091 0.001023 
-0.009590 0.003095 0.002292 0.008603 0.000797 0.000939 0.004089 0.001184 
-0.005981 -0.002979 -0.003375 -0.001314 0.004103 0.005341 0.000618 0.002930 
0.012928 -0.003519 -0.000447 -0.001486 -0.002990 -0.002438 0.002227 -0.002956 
-0.017676 -0.007710 -0.001515 0.000071 0.002227 -0.001475 -0.003994 -0.006122 
-0.018001 0.003605 0.003871 -0.003156 0.000574 0.004544 -0.002765 -0.007292 
-0.034508 0.011358 -0.003392 0.006061 0.005492 -0.000780 -0.001647 0.011323 
-0.010630 0.001568 0.003141 -0.000987 -0.002984 0.001709 -0.005625 -0.000062 
0.002343 -0.004838 0.001216 -0.005023 0.002062 -0.006222 0.003956 -0.005189 
0.011790 0.002736 0.001423 0.004161 -0.000225 0.005049 -0.007161 -0.000046 
0.003907 0.008603 -0.000049 -0.001483 0.007352 0.008098 0.008075 0.002303 
0.013339 0.002977 -0.006581 0.006614 0.000220 0.000348 0.005080 0.008389 
-0.027684 -0.015961 -0.004902 -0.000617 -0.004161 0.002249 -0.000803 -0.008494 
0.056235 -0.003387 0.003970 -0.003165 0.005924 0.001064 0.009679 -0.000781 
0.158706 -0.354562 -0.094918 0.124272 0.042136 -0.048628 -0.007814 0.014831 
0.069816 0.011869 -0.012539 -0.001938 0.009277 0.003804 -0.010342 0.004155 
-0.002948 0.001272 -0.005293 -0.008359 -0.001932 -0.000639 -0.005117 -0.001421 
-0.000924 -0.005784 0.001767 -0.006152 0.003372 0.001415 -0.006519 0.005725 
0.019872 0.005752 -0.005017 -0.002522 -0.006387 -0.006604 -0.000021 -0.001005 
0.001495 0.004699 -0.004675 -0.004849 0.005345 -0.003285 -0.000079 0.000056 
0.015330 -0.006243 0.004748 -0.001368 0.001313 -0.001871 0.002792 0.002891 
0.010892 0.000578 -0.001775 -0.001125 0.002819 -0.005070 -0.000067 -0.000137 
-0.019003 0.009187 -0.000254 0.002519 -0.009531 -0.002492 0.000086 -0.008596 
0.021005 0.000997 0.000062 0.003753 -0.000093 -0.000700 -0.002408 0.005461 
-0.016271 0.007152 -0.006623 -0.003585 0.001699 0.000026 -0.002021 0.005941 
0.003264 0.004375 -0.001191 -0.006196 0.001693 0.003385 0.001774 0.002275 
-0.025025 -0.038545 0.008425 -0.010073 0.007777 0.001232 -0.001870 0.001356 
0.036663 0.005529 0.004256 -0.000294 0.001729 0.004776 0.000718 -0.000046 
-0.009588 0.000770 -0.001507 -0.003552 -0.007583 -0.004364 -0.004367 0.000347 
-0.009226 -0.009684 0.003592 0.000455 0.005162 0.000016 -0.000976 0.002525 
-0.003869 -0.031919 -0.004304 -0.002236 -0.005116 -0.003854 -0.001879 0.002385 
-0.008695 0.003666 0.006049 0.003375 0.002833 0.003774 0.002568 0.006140 
-0.023565 0.031547 -0.005563 -0.005735 -0.008217 -0.012672 -0.002957 0.009999 
0.030654 -0.011030 0.007594 0.005334 -0.008370 -0.001210 -0.002834 0.003255 
-0.109419 -0.147168 0.022675 0.015770 -0.013762 -0.003073 -0.009174 -0.004255 
-0.260668 0.020560 0.039405 -0.016377 -0.001929 -0.011453 0.001268 0.009266 
0.010199 -0.000952 0.002507 -0.001355 0.002025 0.002143 0.005406 0.003074 
-0.020103 -0.003524 0.005769 -0.002588 -0.001353 0.001009 0.005510 0.000131 
0.027637 -0.007048 -0.005886 -0.002176 -0.000752 0.002962 -0.000685 -0.001359 
0.001471 0.003280 0.007888 -0.006549 0.006874 0.005240 -0.002824 0.005183 
0.014006 -0.008398 -0.006838 0.006405 -0.006218 0.001065 -0.003884 -0.002454 
0.014994 -0.006107 -0.001050 -0.000416 0.001217 -0.003505 -0.008347 -0.000825 
0.004224 -0.004495 -0.003585 -0.003441 0.000491 0.009931 -0.008203 -0.002155 
-0.011417 0.006906 -0.005081 -0.004719 -0.005851 -0.000837 -0.000345 -0.003638 
-0.000803 -0.013489 -0.003742 -0.000990 0.000925 0.002782 -0.003796 -0.003958 
0.025603 -0.003015 -0.006094 0.001209 -0.004838 -0.002206 -0.005860 -0.005134 
0.003150 0.018996 -0.007001 -0.005260 -0.003031 -0.000293 -0.002846 -0.005542 
-0.001331 0.011562 0.004500 -0.002820 -0.004027 -0.001389 0.003036 0.006803 
-0.008506 -0.020905 -0.003199 0.005622 0.002665 -0.003737 0.004624 -0.009184 
0.012140 -0.008394 0.006934 -0.000439 -0.003779 -0.001672 0.002386 -0.004426 
0.018346 0.000413 0.002346 -0.002949 0.001648 -0.004764 -0.000065 0.001937 
-0.012642 0.000743 -0.006699 -0.004896 0.001006 -0.001438 -0.002949 0.001793 
-0.005917 -0.098615 -0.002585 0.005121 0.003536 -0.000081 0.000547 0.001636 
0.140755 -0.003257 -0.030785 0.001623 0.012382 -0.003454 -0.000663 0.000475 
0.218421 0.541423 0.151227 0.298480 0.098407 0.147391 0.056562 0.074867 
-0.120372 -0.010310 -0.106656 -0.020446 -0.091359 -0.024241 -0.058525 -0.016278 
0.026581 0.000792 0.003203 -0.003309 -0.001036 -0.004535 -0.003757 -0.004578 
-0.004506 0.007432 0.003667 -0.010886 0.001055 0.001690 -0.002548 -0.004671 
-0.032338 0.004153 -0.000485 0.002456 -0.007883 0.005100 -0.007943 0.000136 
-0.022014 0.007406 0.007276 0.005583 0.000059 -0.001186 0.007547 -0.004320 
0.025784 0.013281 0.001691 0.003212 -0.001325 0.003152 0.000556 -0.002412 
0.001136 -0.000508 0.004882 -0.004385 0.001122 0.004842 0.002654 -0.000934 
-0.012640 -0.005652 -0.001196 -0.001326 0.001609 -0.003456 -0.001612 -0.000835 
0.011638 -0.002840 0.006518 0.002678 -0.010896 0.000455 0.002149 0.002998 
-0.011947 0.004268 -0.000554 0.000513 0.003476 0.002553 -0.004691 0.001693 
-0.003324 0.001480 -0.002453 -0.002487 -0.002027 0.003057 -0.002884 0.005025 
0.027513 -0.007747 -0.002954 0.005299 -0.002458 0.005800 -0.001714 -0.004204 
0.005116 0.003477 0.002517 -0.000032 -0.004537 -0.003514 -0.000722 0.000615 
0.002727 0.020195 -0.007211 -0.003771 0.002743 -0.003555 0.000946 0.005740 
0.019103 -0.001894 -0.002692 -0.002087 -0.004339 -0.000994 -0.006739 -0.004037 
0.024183 -0.007911 -0.007591 -0.007010 -0.002605 0.012882 0.003665 -0.001082 
0.050022 -0.003177 0.002472 -0.000279 -0.000530 -0.004268 -0.005767 -0.001297 
-0.099584 0.037450 -0.016580 -0.003408 0.014225 -0.005054 -0.009624 0.005340 
-0.059104 0.018941 -0.016053 0.012292 -0.004126 0.001639 -0.006482 0.001336 
-0.385822 0.354018 -0.211542 0.112241 -0.102476 0.032044 -0.033299 -0.009172 
0.281800 -0.028698 0.160042 -0.021900 0.060539 -0.020232 0.017658 -0.004883 
-0.016232 0.001612 -0.001633 0.001257 -0.004507 -0.004953 -0.002932 -0.000524 
-0.030377 0.002083 -0.001417 0.000605 -0.007443 0.003762 0.003189 0.003964 
0.011132 -0.013036 -0.002585 -0.005489 -0.002817 0.003872 -0.004646 0.003621 
-0.006940 0.001070 -0.000615 0.001177 -0.005999 0.002685 0.002319 -0.000720 
0.019774 -0.013678 -0.004546 0.002460 -0.003429 0.000302 -0.002333 0.004558 
-0.001370 -0.000185 -0.001132 0.003931 0.002479 -0.002520 0.000684 0.004994 
-0.029225 -0.012826 0.004816 0.005796 0.001138 0.003329 -0.003406 -0.011136 
0.012584 -0.000545 0.004591 -0.001095 0.001606 -0.002192 -0.001774 0.002458 
-0.014937 0.005030 -0.002662 -0.006082 0.005479 0.005541 -0.003124 0.006371 
0.004760 -0.001428 -0.003152 0.000924 -0.002612 0.001717 -0.002850 0.004557 
-0.017857 -0.014041 0.000491 -0.001191 -0.001040 0.001223 -0.000449 -0.002069 
0.012068 0.007599 0.000165 0.002624 0.000808 0.002998 0.008024 0.000287 
0.022980 0.000228 0.005442 -0.004314 0.002184 -0.007921 -0.002839 0.004690 
0.002500 0.000533 0.009390 -0.008639 -0.002392 0.002514 0.002591 0.000651 
-0.037948 0.009089 -0.006586 -0.002768 0.006148 0.006911 0.002199 -0.005326 
0.028623 -0.013097 0.004545 0.006071 0.009437 -0.003842 0.004265 0.001560 
-0.008257 -0.073813 -0.003097 -0.005500 0.003435 0.010013 0.000644 -0.009872 
0.022307 0.002137 0.005610 0.005941 -0.007864 -0.001911 0.004076 0.003296 
0.014421 -0.124114 -0.011286 0.014496 0.007060 -0.004156 -0.008946 0.000624 
-0.042653 0.003898 0.022667 0.018266 -0.012334 -0.001432 0.000239 -0.012959 
0.000046 -0.002376 -0.001087 0.000385 -0.001581 -0.006232 0.003060 -0.001318 
-0.021196 -0.001137 0.000525 -0.003087 -0.000571 0.005049 -0.000602 0.003934 
0.002458 0.000878 -0.001193 -0.005774 0.003478 -0.002664 -0.000567 -0.005693 
-0.007245 0.004105 -0.006828 -0.009315 0.006020 -0.003151 0.004060 0.004456 
0.001112 0.007600 0.001339 0.002331 -0.002423 0.002676 0.003866 -0.000655 
0.012748 0.000884 0.004027 0.004289 -0.005476 -0.001717 0.005325 0.000456 
-0.002128 0.002311 -0.000860 0.000456 0.001078 0.001471 -0.003883 0.006503 
0.002406 0.005491 -0.002292 0.003960 0.002389 -0.001999 0.001797 0.005201 
-0.042937 0.000879 0.001923 -0.005302 -0.003059 0.004938 -0.005751 -0.006487 
-0.013412 -0.000661 0.001359 0.003305 0.004808 -0.004911 -0.001451 0.005743 
0.010649 -0.004680 0.003158 0.003445 0.003045 0.006293 -0.002204 -0.005035 
0.037380 0.003779 -0.001547 -0.003564 -0.001999 0.002834 0.001577 0.001979 
0.044448 0.004980 -0.004597 -0.002185 0.002839 0.003264 -0.003322 -0.005680 
0.039267 0.005931 0.002958 0.000424 -0.000988 0.004823 -0.000621 0.004549 
-0.017817 -0.004580 -0.002511 -0.003933 0.001759 -0.006360 0.007962 -0.003193 
0.020139 -0.001508 0.000863 0.009605 0.000615 0.003451 -0.002094 0.002056 
-0.055249 0.016990 -0.011517 -0.006394 0.008623 -0.006747 -0.002113 -0.002460 
0.042075 -0.009419 0.012575 -0.002602 -0.002760 0.011685 -0.003857 -0.001883 
-0.220167 0.083790 -0.041339 0.001779 0.002584 -0.006005 0.006454 0.007798 
0.224903 -0.009293 0.029351 -0.005946 0.002068 0.000438 -0.015422 -0.001415 
0.002985 -0.016188 0.005458 -0.002895 -0.000158 0.004691 -0.003276 -0.003377 
-0.037266 0.000776 -0.002984 -0.005563 -0.003580 -0.001636 0.000946 0.001052 
0.015881 -0.008332 -0.005747 0.000479 0.004726 -0.001244 -0.002730 0.005085 
0.001520 -0.003337 -0.003034 -0.000476 -0.005127 -0.004684 0.000778 -0.001957 
0.009039 -0.005661 0.002303 0.000981 -0.000702 0.003338 -0.005204 0.003402 
-0.008655 -0.000304 -0.006341 0.000616 0.002736 -0.008487 0.002826 -0.010573 
-0.013812 -0.010851 -0.002884 -0.003561 0.002845 0.005348 0.004160 0.001590 
0.012537 0.006742 0.000578 -0.004326 0.006298 0.000443 0.001444 -0.001369 
0.004372 -0.008827 0.000430 -0.005763 0.001247 -0.003587 0.002457 0.002526 
-0.005667 0.002639 -0.003744 0.003808 0.001133 0.000384 0.001629 -0.005683 
-0.006661 0.005639 -0.001013 -0.000076 0.002810 0.003807 0.001758 0.001131 
0.007071 0.000732 0.004082 -0.002642 -0.006977 0.001490 -0.000727 0.004855 
-0.009456 -0.013148 0.002113 0.000626 -0.004630 0.002874 0.001959 -0.007261 
0.018472 -0.000628 0.001313 0.004493 -0.001736 0.001367 0.003582 -0.001242 
-0.033582 0.031513 0.003142 -0.010832 0.001361 0.010819 -0.002025 -0.000695 
0.041507 -0.003942 -0.001884 0.006499 -0.000028 -0.000918 -0.007599 -0.006473 
-0.037424 -0.021052 -0.000347 -0.005900 -0.001163 0.010573 -0.004142 -0.004027 
0.008347 0.009860 0.006613 0.004706 0.005845 -0.000207 -0.004894 -0.001108 
0.057229 0.283970 0.029221 0.066210 0.000514 0.021106 0.000500 0.008373 
0.014089 0.001160 0.023214 -0.003911 0.005690 0.011397 0.006438 0.004694 
0.004352 0.000889 0.002449 0.010829 -0.001107 -0.002226 0.001453 0.001909 
-0.040160 0.001832 -0.001565 -0.000919 -0.004355 -0.002171 0.000605 -0.002809 
-0.012528 -0.004231 0.003639 0.003484 -0.006203 -0.002301 0.002658 0.005304 
-0.014779 0.003895 -0.008365 0.008133 0.005188 -0.000184 -0.004027 -0.001967 
0.004555 0.007136 0.003425 -0.009225 -0.004943 -0.000412 0.002947 0.001374 
-0.000706 -0.002517 -0.001727 0.004477 0.002255 0.002170 0.001450 -0.005274 
-0.026607 0.002878 0.004486 -0.002820 -0.001424 0.004356 -0.007575 0.000584 
-0.038810 0.011488 -0.000888 -0.007668 -0.004150 -0.005412 0.001496 -0.000467 
0.006498 0.012104 0.003081 -0.001021 0.002866 0.001429 0.004255 -0.001705 
0.005054 -0.013630 0.006492 0.000089 -0.004189 -0.002736 -0.007146 0.001334 
-0.028106 0.010429 -0.010874 -0.003708 -0.006755 0.001728 -0.005984 0.003195 
0.010949 -0.003024 0.000085 -0.001436 0.000519 0.004126 -0.002569 0.005450 
-0.013626 -0.002850 0.005454 -0.011400 -0.001148 -0.007094 0.001987 0.000641 
0.005593 -0.000864 -0.007845 -0.001854 -0.001136 0.006489 -0.006716 -0.007203 
-0.001405 0.020071 -0.007030 -0.009246 0.004567 0.011197 -0.000539 0.005814 
0.031879 0.001541 -0.002640 -0.002946 -0.004705 0.007134 0.002152 -0.000823 
0.016392 -0.047103 -0.005576 0.000611 0.008812 -0.003034 0.003652 -0.001937 
0.015263 -0.012453 -0.005130 -0.004217 0.005042 0.007295 0.004073 -0.002003 
-0.113398 0.262077 -0.052664 0.055300 0.001480 0.026827 0.007768 0.004305 
-0.180904 0.014405 -0.094909 0.023056 -0.013222 0.004358 -0.007127 -0.004010 
0.003154 -0.021764 0.005554 0.000032 -0.003947 0.002684 0.002927 -0.000929 
-0.043570 -0.004587 0.002977 -0.006785 -0.000991 0.001496 -0.002576 -0.007638 
0.007259 -0.018640 -0.007140 0.001740 0.003565 0.003123 -0.004167 -0.000337 
-0.038503 0.001342 -0.001264 0.000496 -0.005626 0.006140 0.005076 -0.002850 
-0.002225 -0.008948 0.002244 0.000934 -0.005625 0.000964 0.001356 0.000965 
-0.024779 -0.008162 0.001242 -0.004136 0.005943 0.000896 0.004020 -0.003611 
-0.022934 0.006643 0.001720 0.001348 -0.000244 0.003700 -0.004644 0.001758 
0.002833 0.003914 0.005268 -0.005620 0.006329 -0.003541 -0.001402 0.000254 
0.011078 0.019788 -0.000125 0.003173 -0.007489 0.002581 -0.005704 -0.001543 
0.023439 -0.004293 0.007061 -0.005653 -0.002939 -0.002567 -0.003123 -0.004950 
-0.010783 -0.002458 -0.005755 0.000875 -0.013442 0.002828 -0.002901 0.001055 
0.050411 -0.007069 -0.007347 -0.010052 0.003126 -0.004786 -0.002069 0.001151 
0.046247 0.005221 -0.001876 -0.005236 -0.009178 -0.002758 -0.002016 0.004846 
0.019294 -0.013119 0.014241 0.000012 0.000346 0.012025 0.005203 0.000908 
0.011876 0.016215 0.004059 -0.004751 -0.008368 0.003268 -0.005282 0.006267 
0.031444 -0.003005 0.008142 -0.017668 0.006443 0.006172 -0.007378 0.007211 
0.049568 0.042707 -0.007772 -0.000759 -0.004992 0.003647 0.008702 0.000271 
-0.035186 -0.021602 0.011070 -0.013434 -0.000539 0.012741 -0.009913 0.000416 
-0.013170 0.075210 -0.022599 0.000572 -0.002921 0.002523 0.002593 0.002678 
-0.252056 -0.027819 -0.029552 -0.006947 -0.009771 0.019803 0.004676 0.000679 
-0.000472 -0.003158 0.000924 0.000800 -0.007604 0.000324 0.001752 0.006845 
-0.038517 -0.001835 0.008062 0.001954 0.001872 0.006238 0.002361 0.004307 
0.011234 -0.021444 -0.007774 0.001532 0.001790 -0.004744 -0.004132 -0.007269 
-0.020414 -0.003677 0.006192 -0.002046 0.006813 0.003325 0.002872 0.000352 
0.008780 -0.008166 -0.004364 -0.000619 0.000970 -0.000577 0.001398 0.001296 
-0.007108 0.001606 0.009572 -0.000932 0.001278 0.010931 0.001474 -0.006082 
-0.022356 -0.003138 0.003387 0.001987 -0.007619 0.008337 0.003128 -0.000360 
-0.005032 0.005333 0.007657 -0.004667 0.003495 0.001565 -0.002143 -0.003084 
0.019657 -0.001246 0.008275 0.005553 -0.004020 0.010700 0.003944 0.008436 
0.026847 0.000211 0.014864 -0.004523 0.004404 0.008415 -0.001234 -0.000438 
0.018549 0.023055 0.002309 0.001354 -0.008353 0.012597 -0.004393 0.006045 
0.052641 0.000090 0.010817 -0.002579 0.009208 0.008122 0.003226 0.002517 
-0.009925 -0.014828 0.001400 -0.007354 -0.016930 0.003739 -0.000311 0.004878 
0.047893 -0.004981 0.018308 -0.011136 0.013651 0.007337 0.006171 0.000726 
0.003749 0.025946 -0.004232 -0.005826 -0.010662 0.017052 -0.004431 -0.000352 
0.067774 -0.009287 0.028585 -0.017383 0.022157 0.021136 0.009638 0.003138 
0.053573 0.028424 -0.005337 -0.010136 -0.010702 0.005652 -0.005596 0.007114 
0.084267 0.001194 0.042198 -0.019790 0.030314 0.018926 0.015697 0.007327 
0.188098 0.073141 0.022065 0.022170 -0.011273 0.003142 -0.014381 0.004899 
0.126468 0.017389 0.053888 0.006926 0.010471 -0.003381 0.026515 0.019947 
0.000428 -0.003337 0.016337 -0.006866 0.005870 0.015832 0.014569 0.008869 
-0.056185 -0.037275 0.021423 -0.004356 0.020354 0.018538 -0.002263 -0.012786 
0.012893 0.000508 0.011383 -0.005839 -0.005053 0.007044 0.014515 0.014791 
-0.021672 -0.045111 0.018440 -0.004648 0.016177 0.020211 0.000164 0.000804 
-0.004066 -0.007162 0.016707 -0.017752 0.003705 -0.004478 0.014072 0.010801 
0.039220 -0.039527 0.021123 0.000359 0.026731 0.022302 0.004594 -0.009295 
0.011446 0.031631 0.011116 -0.010898 0.003909 0.002290 0.014924 0.011734 
0.016399 -0.043085 0.017498 -0.008038 0.032697 0.016843 0.011148 -0.005202 
0.020644 -0.002964 0.023834 -0.019040 0.009144 0.005794 0.018523 0.019314 
0.039295 -0.043152 0.033834 -0.001298 0.040283 0.023662 -0.001072 -0.004969 
-0.023813 -0.018032 0.039794 -0.015501 0.015966 0.007676 0.011371 0.020733 
0.061704 -0.027203 0.036144 0.006214 0.039925 0.032338 0.005456 -0.014015 
0.000700 -0.009890 0.022145 -0.021504 0.007182 0.003774 0.028152 0.022369 
0.085600 -0.038648 0.042506 -0.003751 0.029407 0.024666 0.017024 0.005510 
-0.019091 -0.019454 0.034490 -0.027245 0.016991 0.000046 0.023435 -0.003927 
0.097076 -0.053722 0.040047 0.001499 0.050341 0.023155 -0.002599 -0.004520 
0.014023 0.004207 0.016942 -0.017650 0.016417 -0.001402 0.026131 0.029627 
0.097309 -0.047675 0.047509 0.007519 0.052633 0.034016 0.004919 0.001253 
0.043018 -0.597610 -0.059756 0.316233 -0.003079 -0.146733 -0.003666 0.044844 
0.336131 0.007843 -0.232956 0.005082 0.145458 -0.036908 -0.075303 -0.001839 
-0.036819 0.000562 -0.000154 0.001724 -0.004171 -0.001454 -0.000339 0.006091 
0.026359 0.002175 -0.002220 0.001861 -0.007317 0.003965 -0.002299 -0.000987 
-0.043586 0.004111 -0.001546 -0.003235 -0.006062 0.007700 -0.001384 -0.003563 
0.001702 0.005753 -0.004928 -0.001061 -0.001562 -0.006079 0.001333 -0.004274 
0.005828 0.004380 0.002986 0.006771 0.000661 0.007559 0.000704 -0.001589 
-0.000356 -0.005906 -0.005343 -0.000714 0.000922 -0.009965 0.008526 -0.001188 
-0.000513 0.020990 0.001367 0.001943 0.005075 -0.000179 0.001752 0.004753 
0.009248 0.006691 -0.002707 0.002106 -0.000397 -0.001040 0.003677 -0.001385 
0.039218 -0.002091 0.002920 0.003917 0.003676 0.001083 -0.012246 -0.001399 
-0.005578 -0.004204 -0.001390 -0.001805 0.010394 -0.000211 0.003049 -0.001263 
0.039278 0.024634 0.008507 -0.005061 0.001837 0.000361 0.001888 -0.004210 
0.002624 0.003094 -0.001003 0.012752 -0.003784 0.003320 -0.000830 -0.004462 
0.031473 -0.006585 -0.003926 0.002165 0.002466 -0.001974 0.001715 -0.001906 
0.002825 0.002310 -0.005837 0.000312 0.006327 0.001464 -0.001255 -0.003230 
0.036292 0.002538 0.007066 0.002498 -0.002461 -0.000082 0.006531 0.001040 
-0.046909 -0.001408 0.005591 -0.000082 0.001980 0.004223 0.003080 -0.006068 
0.068167 0.023423 0.001770 0.000218 0.000248 -0.002389 -0.004638 0.004084 
0.042855 0.001719 -0.001913 -0.001017 0.002573 0.004710 -0.000112 0.003888 
-0.118948 0.141532 -0.027205 0.021634 -0.010065 0.005831 -0.003617 0.005798 
0.050007 -0.007752 0.010189 -0.001964 -0.002804 -0.001479 -0.004209 0.004103 
-0.019022 0.005678 0.003279 -0.001909 -0.001496 -0.002830 0.006751 -0.006136 
-0.007048 0.006721 -0.001457 0.004418 -0.007029 -0.007005 0.011973 0.002970 
-0.013123 0.006381 -0.005671 0.002665 0.002089 0.005405 0.000942 -0.001474 
-0.012859 -0.000700 0.001870 0.001524 0.000345 0.002593 -0.000421 0.008091 
-0.009300 0.005040 0.002489 0.004535 0.000508 -0.005110 0.006742 -0.001937 
0.027046 0.009356 0.005073 -0.006666 0.005331 -0.006871 -0.000988 -0.002321 
-0.002552 -0.010217 -0.005490 -0.005172 0.004237 0.003415 0.002331 0.003564 
-0.001781 0.009701 0.002453 0.005689 0.002466 -0.000721 0.000190 -0.000784 
0.002846 0.006337 0.006851 0.003735 -0.001533 0.005489 0.003661 -0.002117 
0.007744 0.002093 0.005725 0.006979 -0.006339 -0.006160 0.000475 0.000130 
0.008889 -0.018604 0.003765 -0.012446 -0.001582 0.014857 0.007207 0.000921 
0.019411 0.002476 -0.002672 0.007526 -0.005864 0.008168 0.002946 0.001224 
0.011474 -0.009226 -0.008595 -0.011188 0.004981 0.000870 0.006213 0.000024 
0.011126 0.000078 0.001518 -0.002607 0.000452 0.006659 -0.000810 -0.003387 
-0.011991 -0.013307 0.003388 -0.002561 0.011600 0.004994 0.016418 0.002361 
0.005035 0.002677 0.000497 0.000800 -0.001395 0.001804 -0.010800 0.005745 
-0.040839 0.006578 0.003045 -0.006428 0.020769 -0.001656 0.005159 0.002947 
0.036122 -0.001662 -0.004955 0.006447 0.007159 -0.008288 -0.004048 0.001148 
-0.456120 0.045702 0.056332 -0.049519 -0.012244 -0.010567 -0.024129 -0.012940 
0.029461 0.002812 -0.021125 0.008448 -0.008049 -0.006843 0.000037 -0.007870 
-0.040828 0.000154 -0.003222 0.006023 -0.001914 0.002157 0.002396 0.000371 
0.023242 0.001881 0.000683 0.003737 -0.001905 -0.000217 -0.001147 -0.002826 
-0.048270 0.005084 -0.002405 -0.002941 -0.006366 0.000253 -0.003839 -0.001839 
0.001651 0.006207 -0.001925 -0.001433 0.001066 -0.007383 -0.000256 -0.000403 
0.003332 0.004858 0.002825 0.004627 0.001477 0.003866 0.000571 0.002306 
0.002585 -0.003212 -0.004724 -0.001283 0.004154 -0.007248 0.003943 -0.002129 
0.002044 0.021302 -0.000748 0.002588 0.005119 -0.002773 0.001529 -0.002772 
0.010309 0.006008 -0.004615 -0.000841 0.001671 0.002029 0.003426 -0.003884 
0.040953 0.001008 0.005142 0.003008 0.005379 -0.003243 -0.017696 -0.003757 
-0.004580 -0.002766 -0.001912 -0.001462 0.008336 -0.003006 0.000338 0.004626 
0.044666 0.025481 0.007227 -0.006857 -0.001004 0.002237 0.001386 0.000058 
0.007575 0.002747 0.001374 0.012340 -0.002937 0.006679 0.000172 -0.001985 
0.034916 -0.009999 -0.000392 0.005558 0.006445 0.000077 0.003636 -0.001504 
0.005193 0.000609 -0.004039 0.000241 0.004333 -0.000228 -0.006798 -0.002548 
0.033206 -0.004954 0.002252 0.001995 0.000612 0.001318 0.003964 -0.001234 
-0.045102 -0.001587 0.005828 -0.002915 0.003672 0.000969 -0.001837 -0.003385 
0.058433 0.028614 -0.000689 -0.003434 -0.001437 -0.004325 -0.001667 -0.000478 
0.046533 0.001534 -0.001464 -0.001038 0.005461 0.004479 -0.000968 -0.002416 
-0.187324 0.114001 -0.029204 0.013311 -0.008199 0.005953 -0.003133 0.000793 
0.053436 -0.015858 0.008090 -0.002780 -0.002832 -0.000034 -0.001897 0.002676 
0.018933 -0.013530 -0.003512 0.008768 -0.002306 -0.004789 -0.002844 0.007771 
0.007188 -0.001927 0.005639 0.002000 -0.007428 -0.000511 0.004310 -0.000903 
0.004007 -0.014673 -0.004751 -0.001748 -0.001796 -0.000838 0.007349 0.002075 
0.016340 -0.006436 0.006123 0.005417 -0.000086 -0.001385 -0.007359 0.006966 
-0.011657 0.007423 -0.003058 -0.002939 0.001004 0.001256 -0.000962 0.004530 
-0.002101 -0.001247 -0.000706 0.005299 0.000326 0.000162 0.001483 -0.000602 
0.009210 -0.003387 -0.006147 -0.000453 -0.000688 -0.000168 -0.000746 0.000271 
-0.002668 -0.003675 -0.002876 0.002472 0.003806 -0.004705 0.004408 -0.001397 
0.002260 0.007502 -0.005077 0.000748 -0.002955 0.005457 -0.001968 0.001750 
-0.008415 0.001537 0.005786 -0.002180 -0.000432 -0.005343 0.002949 -0.001450 
-0.023606 0.017180 -0.000527 0.007040 -0.002405 0.003894 -0.005189 -0.000968 
0.005582 -0.004871 -0.002087 0.003455 -0.005517 -0.009146 0.003273 0.002334 
-0.000947 -0.019471 0.002273 -0.002039 0.002808 -0.007558 -0.002723 -0.006472 
0.016328 0.000548 -0.006218 0.000431 -0.004533 -0.024662 -0.002807 -0.000004 
-0.031084 -0.027542 -0.000323 -0.001011 -0.004597 -0.022196 -0.010761 0.001210 
-0.001571 -0.002537 0.003251 -0.006402 -0.003514 -0.035415 0.003559 0.010349 
0.011080 -0.002094 -0.012672 0.001205 -0.007910 -0.022473 -0.003405 0.000542 
-0.045457 -0.012677 -0.000542 0.003983 0.012773 -0.042941 0.012621 0.008526 
0.243198 -0.483524 -0.199567 0.250249 0.136486 -0.126721 -0.087845 0.072113 
0.009602 -0.015132 -0.015627 -0.003135 -0.009441 -0.007840 0.010249 0.021178 
0.010472 0.001195 0.006725 -0.004597 -0.000533 0.004753 -0.007869 -0.001105 
0.021805 -0.000630 0.002651 0.001555 -0.005648 -0.002829 -0.002341 -0.008585 
-0.000899 0.003937 -0.005896 -0.004001 -0.003458 -0.004462 0.006049 0.000706 
0.015748 -0.003949 0.005607 0.003854 0.004626 0.002437 -0.003770 0.000804 
0.035060 -0.027994 0.001995 -0.003991 -0.004611 -0.000124 0.002184 0.001890 
-0.007945 -0.000864 -0.000857 0.003681 0.001436 0.007000 -0.000471 -0.007530 
0.001173 -0.007696 0.001606 0.004531 -0.005235 -0.001719 0.004402 -0.006195 
0.031816 -0.000013 -0.003681 -0.003402 0.000123 -0.004286 -0.007615 0.007967 
0.018098 0.008841 -0.002724 -0.001908 0.006214 0.005628 -0.004407 0.006378 
-0.003341 0.002015 0.010777 0.002256 -0.000432 -0.001740 0.004799 0.000922 
-0.000936 -0.005200 0.001461 0.001419 0.001952 -0.002624 -0.001663 -0.000190 
-0.020050 -0.003017 0.004673 -0.001276 -0.003546 -0.006777 -0.002033 0.000795 
-0.030262 -0.023143 0.004491 -0.005621 -0.007249 0.001014 0.003282 -0.001507 
-0.014790 -0.000802 0.002800 0.002787 -0.005439 0.004532 0.001187 0.003683 
-0.027829 -0.032111 0.000054 0.001653 0.001034 -0.001853 -0.004530 0.006015 
-0.039785 0.005076 0.001524 -0.006739 0.007798 0.003154 0.001546 0.007279 
-0.013628 -0.020947 0.001041 0.005045 -0.003919 -0.010592 0.002050 0.006752 
-0.018299 0.004241 -0.001783 0.008749 0.005422 -0.005518 0.005123 -0.000255 
0.467675 0.151870 0.061614 0.023697 0.000327 -0.006000 -0.018138 -0.014880 
0.158978 0.070808 0.033846 0.027114 0.015343 0.005612 0.012317 0.006656 
-0.023440 0.002464 -0.002376 0.002084 0.006388 0.003769 0.005093 0.003256 
0.045866 0.000610 0.005735 -0.002889 0.000873 0.003535 -0.002765 0.001478 
-0.005264 -0.016518 -0.005047 0.008706 -0.002288 -0.005620 0.003225 0.000464 
0.009704 -0.010383 0.007774 0.007379 -0.006345 0.001285 -0.005253 0.000756 
-0.004890 0.002974 -0.005187 0.006057 0.001124 0.000200 -0.004430 -0.011008 
0.023534 0.003634 0.000693 0.004860 0.005035 0.001929 0.001606 -0.004373 
0.009625 0.009197 -0.009592 -0.008511 -0.000980 0.003312 -0.001367 0.004302 
0.014273 -0.003564 -0.002035 -0.001164 0.003719 -0.005892 0.003894 -0.000003 
0.009998 0.000833 -0.001722 0.003482 0.001491 -0.003896 -0.002910 0.003185 
-0.020564 0.000338 0.001196 0.000825 -0.001797 -0.000934 -0.003665 0.006269 
0.001755 -0.021905 0.002057 0.002725 -0.002660 -0.001673 0.001638 -0.001194 
0.002698 0.000595 -0.002161 -0.005455 0.004519 0.000026 -0.004216 -0.005000 
-0.010300 -0.006958 0.004134 0.010424 -0.003109 -0.000486 -0.000983 -0.000479 
-0.007670 -0.003678 -0.003833 -0.000303 0.002517 -0.006370 0.000552 -0.001150 
-0.006502 -0.010396 -0.004571 -0.006082 0.001404 0.003611 -0.001356 -0.003990 
-0.030404 -0.004397 0.001783 -0.001545 0.000893 -0.002868 -0.003095 -0.004598 
0.003422 -0.032601 -0.000506 0.007448 -0.007380 -0.002416 -0.006227 -0.005432 
-0.053899 -0.000430 0.004971 0.003827 -0.008207 0.000137 0.002031 0.001912 
-0.211305 -0.133881 0.045331 0.017190 -0.004426 -0.016126 0.012471 -0.001613 
-0.095651 0.032736 0.003994 0.011135 -0.015217 0.006468 0.001039 -0.006654 
-0.014329 0.011723 -0.000001 -0.003959 0.004811 0.007687 0.003863 -0.003339 
0.004117 0.008054 -0.006182 -0.000478 0.000103 -0.001146 0.000412 -0.001848 
-0.002322 -0.003768 -0.002039 0.001014 -0.002800 0.000872 -0.005810 0.003260 
0.006933 -0.005484 0.002767 -0.009128 -0.001087 0.002675 -0.004545 -0.006616 
-0.001766 0.010933 0.005818 -0.003033 -0.001973 -0.000300 0.002241 0.001569 
-0.005647 -0.003090 -0.002347 0.002679 -0.002928 -0.001511 -0.003812 -0.000575 
0.007138 0.013962 0.001664 -0.000876 0.002276 -0.000887 0.000374 -0.001129 
-0.001147 0.001239 -0.001687 -0.006446 0.002002 -0.003610 0.006024 -0.000924 
-0.009152 -0.019110 -0.007185 0.009287 0.002370 -0.001599 0.004372 0.000005 
0.003702 -0.002303 -0.000405 -0.001341 0.000602 0.004969 -0.003157 -0.006322 
-0.023184 -0.002498 0.006758 0.002634 -0.005911 -0.003997 -0.004805 0.005745 
0.058085 -0.008176 0.000915 -0.007712 -0.002122 0.004876 0.004522 -0.001612 
0.000244 -0.001266 -0.005492 -0.000778 0.001830 0.003270 -0.004208 -0.000612 
0.005794 0.002024 0.002456 -0.002630 0.002158 0.003692 -0.006682 0.002748 
-0.019285 0.025157 0.005391 -0.003211 0.002555 0.003644 -0.000920 -0.001523 
-0.012039 0.002113 -0.000191 0.005614 0.005502 -0.001428 -0.000070 0.004485 
-0.013013 0.076184 -0.002400 0.010118 0.002499 0.004441 -0.004269 -0.001290 
0.005458 0.006061 -0.008974 -0.000984 -0.000404 0.001296 0.002673 0.002450 
0.396241 0.530448 0.268633 0.283455 0.161669 0.152491 0.097773 0.084934 
0.081260 0.030297 0.080398 0.037029 0.062527 0.034657 0.044921 0.037238 
-0.005979 -0.000931 -0.004381 0.000696 -0.000388 0.001170 -0.000149 -0.002808 
-0.002691 -0.005634 0.004587 -0.004473 -0.001132 -0.008179 0.007451 -0.004922 
-0.004970 0.009507 0.004595 0.000763 0.005824 -0.001523 0.002351 -0.000697 
-0.004690 -0.002409 -0.002654 0.003140 -0.002459 -0.007164 0.002527 0.001623 
-0.013027 0.014171 -0.003859 0.001380 0.004309 -0.002674 0.002508 0.004402 
0.002679 -0.001676 -0.004762 0.001527 -0.001873 -0.004988 -0.000835 -0.001901 
0.002015 0.011726 0.000256 0.004289 -0.002461 -0.000510 -0.002308 0.006476 
-0.011068 -0.005669 0.003016 -0.002532 0.000519 -0.003982 -0.000166 -0.005492 
0.002086 -0.008794 0.003586 0.000082 -0.000373 -0.000099 0.002334 -0.005356 
-0.002653 0.001443 -0.007323 0.006023 -0.000398 0.005503 -0.008980 -0.000962 
0.014249 0.020320 -0.004405 -0.003393 0.000738 -0.002110 0.001263 0.004998 
0.015229 -0.007113 0.005189 0.002129 0.005023 0.005325 -0.003513 0.002479 
0.005910 0.000483 0.002071 -0.000734 -0.000796 0.005855 0.004497 -0.002714 
-0.014133 -0.006977 0.000518 0.000718 -0.002019 -0.001678 -0.001994 0.007189 
0.027617 -0.001118 0.002724 0.001307 -0.002052 -0.000767 0.001147 0.002228 
-0.015797 -0.011436 -0.001185 0.009866 0.002265 -0.000283 -0.000053 -0.001478 
0.026869 0.125609 0.010386 0.021038 0.013854 0.003476 0.000549 -0.003598 
-0.059492 -0.005650 -0.010947 -0.003762 -0.000263 -0.002564 -0.001601 0.000552 
0.000918 0.300764 0.008595 0.110468 0.007612 0.028245 -0.001149 0.014955 
0.254710 0.001735 0.124086 0.002961 0.069373 0.006192 0.022413 0.010558 
-0.011741 -0.010233 -0.005205 -0.000513 -0.000020 0.004227 0.004107 0.002732 
0.041570 -0.002932 -0.000714 -0.006392 0.004924 0.003309 0.001731 -0.000677 
0.000162 -0.004937 -0.009501 -0.003551 0.000668 -0.002956 -0.001544 0.005744 
0.023471 -0.005738 0.003277 0.001592 0.004397 0.005911 0.001987 0.013067 
0.003805 -0.017118 -0.003859 -0.003592 -0.000650 0.002742 -0.002182 -0.003283 
0.007298 -0.008316 -0.002389 0.004549 -0.005455 -0.000628 -0.000276 -0.005878 
0.017821 0.007529 0.001338 -0.001900 0.001688 -0.000235 -0.000539 0.001383 
0.014741 0.001222 -0.001720 0.001221 -0.001561 -0.003223 0.002491 -0.001919 
0.012119 -0.005246 -0.001928 -0.002221 0.003716 -0.002027 0.001859 0.002261 
-0.018434 0.005716 0.002081 -0.006376 0.006078 0.003705 0.001936 0.005449 
-0.010639 0.010211 0.000682 0.000817 0.004201 -0.001343 0.001515 0.001333 
0.027681 -0.005197 -0.004046 -0.004733 -0.003180 0.007858 -0.002557 -0.003991 
-0.020071 -0.016625 0.000991 0.009144 0.004934 -0.002403 -0.002938 -0.001769 
-0.006280 -0.004585 0.000270 -0.000273 -0.001224 0.000962 -0.002747 0.000216 
-0.027519 -0.021508 0.000058 -0.004352 0.000169 -0.006014 0.001780 -0.003796 
-0.043482 0.006374 0.001681 -0.007733 0.003496 0.003099 0.004495 0.006233 
0.000489 -0.036632 0.000025 0.002763 0.001671 0.002919 -0.006375 0.000405 
-0.068105 0.001363 0.000925 0.000253 -0.003123 -0.001956 0.003756 0.001884 
0.491327 0.244201 0.109310 0.048645 0.016482 0.003385 0.002562 0.000972 
0.229817 0.147637 0.102646 0.057334 0.033681 0.010259 0.003380 -0.000553 
-0.024848 -0.006455 -0.004832 0.001370 0.001181 -0.004355 -0.001464 -0.006528 
0.022008 0.004939 -0.000696 0.001190 -0.005327 -0.000141 0.003078 0.005186 
-0.004596 -0.006167 0.001215 -0.001497 -0.000564 0.001218 0.001517 -0.003892 
0.002810 -0.003023 0.004109 -0.001934 0.005049 0.000196 -0.003928 -0.004066 
0.000880 0.009934 0.001044 -0.002655 0.002088 -0.003972 0.007996 0.005107 
0.008530 -0.006000 -0.001736 0.002868 0.002010 0.005224 0.005140 0.001911 
0.012450 0.003893 -0.002288 -0.001600 0.001452 -0.001073 0.001292 -0.001672 
-0.014268 -0.002568 -0.002161 0.006526 -0.003876 -0.004778 0.001328 0.000080 
0.004610 -0.002090 -0.004334 0.004178 0.000067 -0.002521 -0.002136 -0.002250 
-0.011623 0.003625 -0.002431 -0.002962 -0.007163 0.000883 0.007486 0.002110 
0.015418 -0.013727 -0.001083 0.004138 -0.002012 -0.004690 0.002679 0.005070 
0.014430 -0.006301 -0.003221 -0.005768 0.000860 -0.007644 -0.000931 0.001127 
-0.007885 -0.026824 0.004637 0.000458 -0.003948 0.002713 -0.000142 -0.004780 
-0.011292 0.000698 0.001900 0.003502 -0.005270 -0.008328 0.004626 0.006186 
0.009221 0.023268 -0.001156 0.000613 -0.006147 0.002251 -0.003414 0.002533 
0.003434 0.001073 0.005807 -0.000871 0.000574 -0.001854 0.004612 0.006136 
-0.059193 0.104130 -0.010893 0.013347 -0.002082 0.003373 -0.001608 -0.002494 
-0.031523 0.007637 -0.004098 0.003851 0.003967 -0.005642 0.008616 -0.001807 
-0.505599 -0.160655 0.225300 0.044624 -0.105740 -0.021219 0.051019 0.014572 
0.100461 -0.005635 -0.068568 0.003005 0.058349 -0.014883 -0.030120 0.000594 
-0.019438 -0.000579 0.002241 0.001014 0.002972 0.004985 0.003504 -0.001334 
0.021337 0.002582 -0.000613 -0.001576 0.002872 -0.005892 0.003919 -0.001800 
0.006434 -0.013898 -0.007083 0.000059 0.002660 0.001978 -0.000012 0.003446 
0.028905 -0.002604 -0.005012 0.004996 -0.001099 -0.000340 -0.003634 -0.000562 
-0.007600 -0.004359 -0.003590 -0.002247 0.005449 -0.008781 0.004579 0.001841 
0.013722 -0.003800 -0.001700 0.001212 -0.004256 -0.002704 -0.001625 -0.003392 
0.018028 0.005595 0.002005 -0.000957 -0.000243 -0.002530 0.000825 -0.002851 
0.017062 0.003954 0.001927 0.001635 0.003100 -0.007193 0.001411 -0.001218 
0.033356 0.003802 0.000377 0.006230 -0.000430 0.002923 0.003843 0.002874 
-0.025433 0.001240 0.001394 -0.008716 -0.003045 0.000802 0.001983 -0.004401 
0.008757 -0.001672 0.000891 0.004689 0.004335 -0.004132 -0.003710 0.002930 
-0.042878 0.001257 -0.000889 -0.006949 -0.008630 -0.001810 -0.004014 -0.001517 
-0.024106 -0.008036 0.002946 -0.000084 0.005094 0.005098 0.005336 -0.004795 
-0.016122 -0.001694 -0.008367 -0.002886 -0.002401 -0.010437 0.002355 -0.004524 
-0.001478 0.015753 -0.001847 -0.000212 -0.003152 -0.001403 0.002365 0.001302 
-0.003980 -0.001355 0.003919 -0.001266 -0.001317 0.002594 -0.000374 0.002834 
0.024191 0.043372 0.001306 -0.002133 0.000057 -0.004410 0.011028 0.003766 
-0.030551 -0.004441 -0.001054 0.000480 -0.002428 0.003964 0.003864 -0.002834 
0.339042 0.064629 0.026597 0.003696 0.005115 0.004376 0.016675 0.003508 
0.051909 0.015131 0.010393 0.006705 0.002935 0.002934 -0.001276 -0.001226 
-0.014226 -0.015667 0.009087 0.000126 -0.003726 -0.003099 0.001027 0.003156 
0.032937 0.000102 -0.002814 0.004484 0.008936 -0.005390 -0.001005 0.000897 
-0.009774 -0.006024 -0.003494 0.001215 -0.002179 -0.005434 -0.003375 -0.002479 
-0.016873 -0.002502 -0.001393 0.003202 0.005810 0.001727 0.003269 -0.004467 
-0.033864 0.000844 0.001651 -0.002375 -0.005293 -0.001679 -0.002739 0.002117 
0.016176 -0.005749 0.003554 0.002519 -0.001432 0.000712 -0.002432 0.002140 
0.006009 0.000504 -0.002681 0.007242 0.005451 0.002502 -0.008178 -0.000193 
0.014316 0.002159 0.005014 -0.001546 0.006163 0.003585 -0.000818 0.000511 
0.012590 -0.001255 0.003076 -0.000609 0.006594 0.004631 -0.001734 0.000411 
-0.009025 0.001691 -0.002998 -0.000288 0.000686 0.002810 -0.001714 0.001542 
0.001821 0.003834 -0.002981 0.003341 0.005106 -0.006191 0.003607 0.000347 
0.029943 -0.002108 0.001762 -0.001672 -0.000373 -0.001977 -0.000894 -0.006125 
0.021597 -0.019322 -0.009229 -0.004591 0.006442 -0.009688 -0.001811 -0.003490 
-0.018247 -0.007466 -0.003612 -0.001094 -0.004167 -0.005186 -0.001594 0.008514 
0.008546 -0.019303 0.000824 -0.006319 0.002776 0.002387 -0.004896 0.003898 
-0.029238 -0.001867 0.007959 -0.001077 0.001077 -0.011621 -0.003394 0.001608 
0.007053 0.016010 0.003774 0.015861 0.001533 0.008391 0.006685 0.004116 
0.088732 0.000841 -0.005147 -0.000796 0.003791 -0.004982 -0.000346 -0.002066 
-0.014324 -0.271139 -0.000633 0.089785 -0.005185 -0.025672 0.000626 0.008516 
-0.168769 -0.014066 0.064974 -0.004600 -0.018039 0.009040 0.015151 0.000038 
-0.004178 0.010694 -0.001911 0.001515 -0.004367 -0.004790 -0.000363 0.003961 
0.007047 -0.002135 0.003326 0.004250 -0.001259 -0.000065 -0.002398 -0.003443 
-0.001851 -0.002402 0.004931 -0.005707 0.001513 0.000227 0.006574 0.008193 
-0.017798 0.006140 -0.002281 -0.000229 -0.000529 -0.005291 -0.004034 -0.003656 
0.029249 0.008072 0.003033 -0.003733 -0.002108 -0.004867 0.005594 -0.002603 
0.013688 -0.000790 0.000426 0.003172 0.002719 -0.000074 -0.002659 0.009286 
-0.003057 -0.016951 -0.002726 -0.002407 0.005677 -0.002483 -0.001355 0.000956 
0.025673 -0.003267 -0.000876 -0.003333 -0.002568 0.002400 -0.005481 0.000791 
-0.025117 -0.001785 -0.000296 0.006202 -0.000955 0.002120 0.000028 -0.001464 
-0.001040 0.003240 0.001897 0.001954 0.004054 -0.001324 0.001125 0.002664 
-0.021335 -0.012043 0.004030 -0.000458 0.000430 0.006077 -0.001909 0.007515 
0.006166 -0.001818 0.007317 -0.002385 0.003458 -0.010118 0.000847 0.005881 
0.000261 0.001797 0.003699 -0.003822 0.003370 0.004047 -0.009690 -0.004636 
-0.001429 0.008805 -0.001175 -0.001782 0.001874 -0.007959 0.003368 -0.001447 
-0.012401 -0.010590 0.003686 -0.002632 -0.002680 -0.007384 -0.005748 -0.001938 
-0.023181 0.002950 0.000885 -0.009110 -0.002390 -0.010133 0.000922 0.007392 
0.006580 -0.086030 -0.007735 0.006117 -0.000995 -0.005891 -0.002303 -0.001392 
-0.032477 0.002726 0.008645 0.004404 0.003705 -0.019329 0.002470 0.005874 
0.029655 0.109912 -0.005631 0.021496 0.007628 0.000882 0.002370 0.008584 
-0.198994 -0.021523 -0.041538 -0.008189 -0.022591 -0.005488 0.004716 -0.002189 
-0.000879 -0.002122 0.000432 -0.000992 -0.008162 -0.001747 0.004157 0.000829 
0.031714 -0.002424 0.007263 -0.002729 -0.006899 0.003370 -0.001783 -0.000486 
-0.007792 -0.005332 -0.000268 0.005996 0.002863 -0.000140 -0.001620 0.001429 
0.019298 -0.004021 0.004744 -0.012299 -0.004229 -0.004401 -0.003559 -0.004199 
0.003181 0.002886 -0.000232 -0.006854 -0.000642 0.000284 -0.000745 -0.007695 
0.011784 0.003083 0.000861 -0.002306 0.003447 0.002878 0.004953 0.006042 
0.001177 0.005698 -0.000012 0.009612 0.003008 0.001396 0.003202 0.006206 
-0.024530 -0.002549 0.000416 0.005203 -0.000804 -0.002978 0.000168 0.006136 
0.009630 -0.021221 0.005003 -0.002445 -0.000879 -0.002305 -0.001277 0.000885 
-0.005362 -0.000154 -0.001307 0.006612 0.000601 -0.001052 -0.003551 -0.003034 
-0.001131 -0.008305 0.002790 -0.004395 0.003632 0.000267 -0.002191 -0.005700 
0.000659 0.001659 0.005408 -0.001161 0.004207 -0.002751 -0.000668 0.002189 
-0.020358 -0.002885 -0.007468 -0.002173 0.001355 -0.001399 -0.004016 -0.003081 
0.020009 0.001630 0.002046 -0.000215 -0.004437 -0.007431 0.011069 0.001525 
-0.021854 0.002639 0.005262 -0.001613 0.005129 -0.005956 -0.006326 -0.001132 
-0.016214 0.009209 -0.003411 0.000491 0.000837 -0.002890 0.005115 0.000412 
0.042643 0.022505 -0.001274 0.003851 -0.002029 -0.001323 -0.004368 -0.006252 
-0.058993 -0.013058 -0.001055 0.005227 0.013404 0.004658 0.002577 0.008166 
-0.193275 -0.078367 0.039543 0.004327 -0.000620 -0.019013 0.010929 0.005713 
0.081679 -0.009178 0.000892 -0.016478 0.013726 -0.009615 0.008474 -0.015204 
-0.006788 -0.005143 -0.006967 0.000114 0.002369 -0.007122 0.004981 -0.003488 
-0.002658 -0.000167 0.001282 0.003932 -0.002584 0.003520 0.005239 0.006525 
0.000061 0.000016 -0.003614 0.000462 -0.004205 -0.003078 0.002163 0.005479 
0.002178 -0.003772 -0.002961 0.007156 -0.005529 -0.002208 0.001111 0.005863 
-0.008435 0.010552 0.001307 -0.001759 0.004574 -0.002138 -0.003213 0.005430 
0.017720 -0.003995 0.004488 -0.005720 -0.000809 -0.006765 0.003496 -0.004570 
0.012607 0.005019 -0.000341 0.002770 0.000075 0.002864 -0.005194 -0.005084 
0.021816 0.002758 0.003929 0.003416 -0.000572 -0.002914 0.006012 0.005527 
0.000378 -0.006466 0.003198 0.000735 0.006090 -0.000440 0.003285 0.007483 
0.008486 0.000815 -0.002233 -0.001773 -0.004571 -0.001892 -0.000258 0.001243 
-0.034835 0.004738 -0.001246 0.001072 0.000817 0.002511 -0.001975 0.003708 
0.048198 -0.007656 0.008295 0.002383 0.001055 -0.000516 0.004510 -0.002350 
-0.013788 -0.019644 0.005403 0.003059 -0.007555 0.006783 -0.009166 -0.001336 
0.014511 -0.004075 -0.001720 -0.000012 -0.000435 0.002174 0.005606 0.001218 
-0.014612 0.013602 -0.006628 0.003122 0.000938 -0.001325 -0.001811 -0.001710 
-0.017271 0.004753 -0.000301 0.012805 0.005480 -0.005016 0.003076 -0.002125 
0.045283 -0.011402 -0.010120 0.008413 0.006788 -0.001313 -0.009873 -0.009667 
-0.018311 0.001171 -0.002833 0.000799 0.000182 -0.009550 0.003705 0.001591 
0.186917 0.093326 0.028522 0.018716 0.007598 0.008224 -0.011655 -0.014533 
-0.108186 -0.018411 -0.012341 -0.007131 -0.001157 -0.003135 0.008345 0.002281 
-0.010016 -0.002881 -0.002292 0.003029 -0.001097 -0.007295 0.000749 -0.005132 
0.010341 0.005968 -0.001265 -0.003193 0.006832 -0.002993 -0.000066 0.000227 
0.001793 0.003496 -0.000769 -0.000793 0.003165 0.002711 -0.002979 -0.000321 
-0.001366 0.002226 0.005026 0.004019 0.006013 0.003543 0.007466 -0.003302 
0.012784 0.007422 -0.005376 -0.002382 0.003718 0.001251 -0.004731 -0.003763 
-0.019460 -0.003469 -0.009483 -0.000527 0.001291 0.004714 -0.008811 -0.005963 
0.000516 -0.002166 0.007670 -0.003378 0.003140 -0.004221 0.000382 0.002024 
0.007597 -0.004952 0.004155 -0.001121 -0.002153 0.001489 0.000988 0.000236 
0.014243 -0.016023 0.000951 0.001867 -0.000002 -0.004839 -0.003585 0.005641 
0.025604 0.000072 -0.003821 -0.001672 0.003908 0.000925 -0.008614 0.000247 
0.022044 -0.022699 0.005305 -0.002104 -0.001485 -0.001986 0.001001 -0.001075 
0.030105 0.001693 0.003756 0.002328 -0.001956 0.000992 0.000080 -0.010551 
-0.013551 0.017124 0.001418 -0.008436 -0.002534 -0.003556 -0.002103 -0.001620 
0.012228 -0.001202 0.000616 -0.004790 -0.002129 0.002491 0.002941 0.006308 
-0.023178 0.015839 -0.004192 -0.001594 0.002448 -0.005242 -0.004873 -0.004901 
-0.002454 -0.003357 -0.001760 0.005951 0.000238 -0.005170 -0.000233 0.003899 
-0.014006 -0.033913 0.002440 0.000949 0.003944 0.002836 0.006862 -0.002622 
0.015942 -0.000175 -0.001885 0.000204 -0.000740 -0.004464 -0.002862 -0.001856 
-0.081882 -0.461234 0.074550 0.213491 -0.029727 -0.109941 0.024046 0.055543 
-0.028439 -0.004042 0.026221 0.008305 -0.020975 0.009106 0.015583 -0.011296 
-0.012968 -0.008218 0.001553 0.002485 -0.005113 -0.000137 0.001089 0.001274 
-0.002293 0.001525 -0.000438 0.001227 0.003395 -0.003049 -0.007745 -0.007426 
0.009477 0.002947 0.004219 -0.000892 0.003882 -0.005171 -0.001917 0.002297 
0.013595 -0.007068 0.002386 -0.009049 0.005990 0.001416 0.004656 -0.007911 
-0.015085 -0.006551 0.001501 -0.001535 0.004575 -0.000968 0.002356 0.001730 
-0.004097 0.003349 -0.000872 -0.003662 -0.002284 0.000962 0.002160 -0.005424 
0.009743 0.016871 0.002630 -0.003306 0.000070 -0.003318 0.001527 0.003606 
-0.016123 -0.000421 0.000484 0.002246 -0.001362 -0.002075 0.003459 -0.000220 
-0.021564 -0.007321 -0.002479 0.008120 0.002455 0.002655 -0.001310 -0.000444 
-0.014338 0.003457 0.001869 -0.000380 -0.003691 0.001065 0.000709 -0.000894 
0.002414 0.007445 0.005239 0.001520 -0.003494 0.002200 0.001216 0.001079 
0.038537 0.001260 -0.007014 0.005454 -0.001780 0.001187 0.005733 0.006837 
-0.005974 0.012804 0.002834 0.004436 -0.000075 -0.002461 0.001972 0.003921 
0.018075 -0.004533 0.006313 -0.005901 -0.002738 -0.006688 0.004047 0.000431 
0.020227 0.000615 -0.000200 0.001178 -0.001188 -0.002013 -0.000858 0.000846 
-0.059031 -0.006032 -0.002151 0.003691 0.008683 -0.009697 -0.008025 -0.003550 
0.065428 -0.005564 0.002822 -0.003966 0.000740 -0.004515 0.002527 0.011279 
-0.052421 -0.005311 0.000497 -0.009236 0.000232 -0.000366 0.002226 -0.003044 
0.508189 -0.136533 -0.133817 0.018867 -0.069145 -0.040734 0.118019 0.061512 
0.358316 0.044252 -0.253294 -0.025584 0.150164 0.010334 -0.043811 -0.000566 
-0.011008 0.004167 0.000801 -0.008434 0.004384 -0.000480 -0.001727 -0.006030 
0.027147 -0.000612 0.006506 -0.001632 0.006020 0.001505 -0.003547 0.003152 
-0.021693 -0.008905 0.001050 -0.006219 -0.006118 -0.000088 0.000345 -0.003762 
0.011997 0.002578 0.005984 -0.005780 -0.002840 -0.003290 0.000814 -0.002055 
-0.001647 0.000627 -0.005860 -0.001523 0.000350 0.001268 0.003037 0.000141 
-0.013034 0.000111 -0.001247 -0.005742 -0.003937 -0.005038 0.000964 0.004530 
0.002203 0.002909 0.001301 -0.005826 0.002538 -0.008985 0.004005 -0.000894 
-0.003844 0.000613 -0.003822 0.002444 -0.005385 0.000798 -0.002723 -0.004345 
0.009434 -0.036571 0.001960 -0.003010 0.003042 0.004125 -0.001427 -0.000722 
-0.018730 0.004565 0.007129 0.002365 -0.007358 0.000914 0.000903 0.000696 
-0.020008 0.003126 -0.005612 0.000599 -0.012465 0.001680 -0.006289 0.000524 
0.010982 0.001782 -0.004596 -0.000991 -0.001870 -0.002035 0.000697 -0.000923 
0.042280 -0.006301 -0.005864 0.001040 0.007689 -0.005074 0.002580 0.002429 
-0.031016 -0.011484 -0.000950 -0.000499 0.003306 -0.004460 0.000997 0.003286 
-0.009333 -0.014199 0.009442 0.004817 0.000470 0.008441 0.005192 0.009331 
0.033262 0.001095 -0.004538 0.002642 -0.007333 -0.007469 0.000698 0.000444 
-0.095315 0.074792 -0.010157 0.003146 -0.005564 0.002415 0.006666 0.005119 
0.010689 0.004056 0.003258 -0.000141 0.008109 -0.004430 -0.002969 0.004912 
-0.147718 0.127417 -0.030086 0.018543 -0.003903 0.004199 0.002683 -0.011103 
0.030229 0.015281 0.001720 -0.009030 0.003871 -0.016376 -0.003596 0.008290 
-0.005565 -0.005501 0.003067 0.000553 -0.006020 0.002949 -0.003200 -0.000407 
-0.005168 -0.000524 0.001915 0.000483 0.003942 -0.004404 -0.000754 -0.002055 
0.003246 -0.017146 -0.000684 0.003939 0.003557 -0.000462 -0.003405 -0.001059 
0.009609 -0.001953 -0.008415 -0.001336 0.000302 0.004191 -0.003301 -0.002235 
-0.014927 0.007619 0.003277 0.003785 0.001685 0.001522 0.001311 0.006030 
0.013337 -0.002683 -0.001786 -0.003859 0.003313 -0.000848 0.003593 0.001722 
-0.008389 -0.015283 -0.001662 0.000041 -0.009706 -0.004650 -0.001864 -0.003878 
-0.005318 0.003516 0.000428 0.000837 0.003910 -0.002018 0.004558 0.003470 
-0.029614 -0.000679 -0.005231 -0.001617 -0.002595 -0.002691 0.008377 -0.001429 
0.003198 -0.001934 -0.004455 0.006910 -0.003135 -0.001452 0.005114 -0.000155 
-0.014811 0.018405 0.001564 -0.007539 -0.007559 0.004293 -0.003409 -0.003779 
0.002881 -0.004363 0.008234 -0.000179 -0.001115 -0.002065 0.002878 0.001445 
0.006773 -0.002602 -0.001645 -0.002345 -0.001088 0.002201 0.003602 -0.001443 
-0.001795 -0.000526 0.002201 0.003587 0.008368 -0.004403 -0.002182 0.000133 
-0.024232 -0.000903 -0.009143 -0.002185 0.000911 0.008382 0.002842 -0.004450 
0.001627 0.006727 0.006862 0.003450 -0.008465 0.003462 -0.005750 -0.005153 
-0.052845 0.013466 -0.001279 -0.008735 0.001020 -0.000117 -0.001840 0.003175 
0.034617 -0.003603 0.012339 -0.012223 -0.006635 -0.012422 0.004879 0.003937 
0.178822 0.055575 0.025460 -0.008753 -0.007265 -0.014169 -0.009643 0.003470 
0.059557 -0.000222 0.011450 0.010761 0.016754 0.020977 0.005426 0.004028 
-0.012800 0.006863 0.001524 -0.000332 -0.009464 -0.007788 -0.012308 0.000067 
-0.011400 -0.005307 -0.004083 0.000606 0.007914 -0.002145 0.002118 -0.007077 
-0.004773 0.008749 0.004565 0.010028 -0.002980 -0.003229 0.004995 0.006002 
0.004641 0.003507 -0.005699 0.001327 -0.003628 -0.001906 0.002985 -0.002090 
-0.021731 0.017728 -0.000015 0.003168 0.000500 0.006758 -0.003417 0.003047 
0.010462 -0.001678 -0.002121 -0.001805 0.000542 0.003226 0.006280 -0.004013 
-0.021802 0.004622 0.002432 0.003046 -0.002014 0.000207 -0.000726 -0.002499 
-0.001156 -0.002339 0.000271 0.001565 -0.008444 -0.003483 0.006172 -0.002690 
-0.010973 0.008546 -0.005379 0.005744 0.001901 0.007164 0.000260 -0.002464 
0.020103 0.002437 -0.004683 -0.006380 0.003296 -0.001735 0.001030 0.002833 
0.015846 0.002123 0.000100 0.005261 -0.000825 -0.000970 -0.003853 -0.006074 
0.003485 -0.000087 -0.001475 0.000050 0.005625 -0.002544 0.000901 -0.006101 
0.004551 -0.003752 0.008054 -0.007602 0.001763 -0.007512 -0.003556 -0.002629 
-0.003842 -0.002457 0.002039 -0.003645 -0.000275 0.000570 -0.003355 0.005168 
0.028911 -0.022156 0.006547 0.000052 0.001197 -0.004839 -0.002580 0.008972 
-0.003116 -0.002928 -0.008990 -0.002324 -0.007089 -0.004043 -0.008044 -0.000988 
-0.023516 0.049238 0.012643 0.001412 0.001278 0.003384 -0.005193 -0.011007 
-0.094530 0.010969 -0.003085 -0.008336 -0.007403 0.003140 0.012049 0.008095 
0.261572 0.428538 0.164880 0.177529 0.089167 0.065814 0.032765 0.037567 
0.181744 0.011812 0.125428 0.020503 0.068617 0.017956 0.021203 0.005086 
0.012292 0.004896 -0.000596 0.001014 -0.001422 -0.005715 -0.000575 0.002626 
-0.002942 -0.003475 0.007265 0.002470 0.000118 0.003820 -0.008081 -0.000566 
-0.002234 0.014111 0.001996 0.002960 -0.007277 0.001399 -0.002309 0.007191 
0.000631 0.003537 0.004918 0.001384 -0.001230 0.005620 -0.002531 -0.006926 
0.002327 0.015159 -0.000293 -0.003468 0.001357 0.005427 -0.002197 0.001318 
0.001067 0.002261 0.000278 0.005329 -0.001842 -0.002229 -0.003630 0.001833 
0.024714 0.000347 -0.002455 0.003160 0.002994 0.005632 0.001409 0.003157 
-0.001866 -0.005891 -0.000188 0.004019 0.006043 -0.000648 -0.001613 0.002268 
-0.009429 0.023775 0.001433 -0.004319 -0.002864 -0.004011 -0.003567 0.007379 
-0.006161 0.000551 0.008350 0.001212 -0.004528 -0.003912 -0.001132 0.005945 
-0.002658 -0.014271 0.000378 0.003696 0.005520 -0.003746 0.010909 -0.003685 
0.004544 -0.010136 0.001282 0.002076 0.002101 0.001224 0.001690 0.001810 
0.001540 -0.004959 -0.003102 -0.001898 0.003997 -0.005357 0.003561 -0.001181 
-0.032199 0.001584 0.005946 -0.006964 0.001327 0.002069 -0.005803 0.001896 
0.025944 -0.022460 0.008569 0.007355 -0.002384 -0.010916 -0.001910 -0.005741 
-0.036889 -0.010850 0.008531 0.004379 -0.008480 -0.002044 -0.013789 0.000979 
0.000410 0.047783 -0.004031 -0.001666 -0.001959 -0.002939 -0.002153 0.007925 
0.029526 -0.005673 0.012251 -0.001052 0.000296 -0.007570 0.011805 -0.008202 
0.181066 -0.129924 -0.040100 0.016945 0.013929 0.001025 -0.009583 -0.001819 
0.084961 0.011136 -0.002119 0.001681 -0.001980 -0.002766 0.001908 -0.011558 
-0.023173 0.008064 0.000718 0.000562 -0.001193 0.003078 -0.000855 0.000929 
0.022176 -0.003105 0.001792 -0.006044 -0.003950 -0.005569 0.002573 0.003185 
-0.022589 0.000881 -0.009243 0.006498 0.000708 -0.000411 0.002131 0.001168 
0.008773 -0.001691 -0.004201 -0.005239 0.001109 -0.002951 -0.000056 0.006068 
0.005973 0.012478 0.003738 0.000907 -0.004175 -0.001282 -0.000497 0.001469 
0.000794 -0.011498 0.004126 0.000884 -0.002179 0.001208 0.001051 -0.000704 
0.012710 -0.005218 0.002573 0.003821 0.004761 0.001432 -0.003107 0.007187 
-0.007465 -0.011254 -0.003606 -0.006743 0.000458 -0.006740 0.000345 0.002794 
0.020122 0.003844 0.001859 0.001041 -0.002696 -0.005517 -0.002360 0.002556 
-0.022580 -0.007215 0.004715 -0.004032 -0.003503 -0.014767 0.001610 -0.005246 
0.015087 0.009399 -0.001247 0.009943 0.004008 -0.004448 0.003170 0.004433 
0.017852 -0.018051 -0.006421 0.001389 -0.000298 -0.008298 0.001455 0.002655 
0.029343 -0.003329 -0.005258 -0.000094 -0.004254 0.002385 -0.006253 0.002602 
-0.004721 -0.002070 0.006852 0.001650 0.007613 -0.010138 -0.000862 -0.001453 
0.004471 -0.004854 0.010960 0.006362 0.000386 -0.003194 -0.005815 -0.002112 
0.008584 -0.025193 0.004050 0.006996 0.002338 -0.005738 -0.009834 0.000925 
0.035726 0.011261 0.006343 0.006077 0.006972 -0.015412 -0.004049 0.002109 
-0.010099 -0.020285 0.015126 -0.003205 -0.000122 -0.002533 0.010150 0.002137 
-0.003461 0.188312 0.003834 0.054335 -0.002460 0.005020 -0.012894 0.002021 
0.325893 0.006587 0.122586 0.019705 0.056523 0.008253 0.010134 -0.003710 
0.002700 -0.008220 0.003419 0.010848 -0.007755 -0.003964 -0.005460 0.002166 
0.000815 -0.000534 -0.000475 0.004205 0.002425 -0.002214 -0.003012 0.002674 
-0.005952 0.011833 0.000362 -0.004145 0.001526 0.002745 0.001446 0.001455 
-0.010683 -0.009207 0.000462 -0.003759 0.001278 0.002199 0.002157 -0.004034 
-0.027584 -0.009408 -0.002383 0.003898 -0.005735 0.000088 -0.000152 0.001436 
0.000481 -0.011344 0.000746 0.003817 0.002617 -0.006562 -0.001426 0.000757 
-0.019824 0.032433 -0.003114 -0.000592 0.000243 -0.000499 0.001756 0.004128 
-0.006905 -0.001275 -0.003632 0.002312 0.004479 -0.003565 -0.001217 -0.002035 
0.007815 -0.016982 0.010645 0.009447 -0.001492 -0.000697 0.004459 0.001840 
0.005706 -0.004444 -0.000620 -0.001020 0.005340 -0.005962 -0.005394 0.004892 
0.034326 0.005980 0.013785 0.011088 -0.001292 -0.000645 -0.007950 0.002388 
0.002840 -0.003304 0.008274 -0.002294 0.009231 -0.002051 -0.004686 0.001829 
0.001590 -0.001269 0.000377 0.006934 0.002554 0.007823 0.001030 -0.002379 
-0.007992 -0.010620 0.005703 -0.005039 0.007803 -0.010349 0.002467 -0.004993 
0.017611 -0.011663 0.009531 -0.002679 -0.003082 -0.008187 -0.008204 0.005081 
-0.010925 -0.021633 0.015870 0.001381 0.011472 -0.004292 -0.012822 -0.000795 
0.056859 0.047613 0.016728 0.009460 -0.003038 -0.000618 -0.003060 0.009532 
0.003631 -0.016650 0.001497 0.000392 0.009050 0.000272 -0.001226 0.001660 
-0.212087 -0.058937 0.053049 0.000286 0.006301 0.003611 -0.002084 -0.012414 
0.050342 -0.007828 0.017769 -0.014915 0.007133 -0.002123 0.000607 0.012498 
0.020753 0.001471 0.000013 0.004571 0.001193 -0.005246 -0.004846 -0.011495 
-0.030275 0.004323 0.013698 -0.001257 0.006884 0.004296 -0.011432 0.001547 
0.009135 0.014433 0.001771 0.015181 -0.011214 -0.013839 0.003052 0.004672 
-0.034213 -0.002323 0.009467 0.006379 0.001861 0.013138 -0.014485 -0.004835 
0.001660 0.008731 -0.003907 0.007225 0.000409 -0.023176 0.006911 -0.006861 
-0.032939 -0.001694 0.021134 -0.006511 0.007757 0.016165 -0.007482 -0.006237 
0.015614 -0.009287 -0.012545 0.002239 0.005327 -0.030097 -0.010006 0.003399 
-0.016650 0.001170 0.014400 0.004181 -0.005572 0.020903 -0.000543 -0.006670 
-0.006935 0.012577 -0.006679 0.014640 -0.004309 -0.021903 -0.002027 -0.014831 
0.009706 0.004915 0.022799 0.006309 0.013793 0.019952 -0.032346 -0.005836 
-0.018537 -0.027680 0.002643 0.010890 0.002863 -0.031379 0.014980 -0.016306 
-0.021722 0.008434 0.034403 -0.005127 0.012804 0.020415 -0.027007 -0.001869 
-0.035540 -0.010812 -0.006051 0.012572 -0.001466 -0.034292 0.012047 0.001895 
-0.009391 -0.002489 0.029236 0.019694 0.024517 0.046873 -0.013591 -0.004580 
-0.015104 -0.008533 -0.001638 -0.011135 0.005991 -0.047190 0.011552 -0.004766 
-0.025928 0.000159 0.028017 -0.003005 0.006266 0.059290 -0.032554 -0.013864 
0.042442 0.010442 -0.029997 0.005651 0.012489 -0.032705 -0.027492 -0.006239 
0.057526 0.002157 0.028768 0.013721 0.021869 0.022967 -0.018671 -0.026130 
-0.508371 -0.321610 0.486117 0.005093 -0.324293 0.105424 0.189596 -0.143666 
-0.219388 0.049795 0.220213 -0.120872 -0.183551 0.167844 0.157352 -0.255971 
