0.154658 1.080905
0.186697 1.207988
0.165492 1.266375
0.130773 1.277541
0.112466 1.246365
0.095923 1.184410
0.084209 1.089781
0.072840 1.010763
0.081186 0.981248
0.048784 1.120930
-0.381485 1.099498
-0.312299 1.211160
-0.176922 1.261397
-0.079918 1.274740
-0.018625 1.253118
0.022784 1.194918
0.042951 1.104498
0.064702 1.022015
0.033182 1.001282
0.011308 1.094478
0.017401 0.898813
0.019258 0.949824
0.016342 0.967013
0.018667 0.970569
0.017933 0.971554
0.018006 0.966345
0.015967 0.956042
0.009852 0.946908
0.002727 0.949729
-0.058288 0.904904
-0.005602 0.898166
0.012798 0.950187
0.007807 0.968101
-0.001037 0.976717
-0.008297 0.978189
-0.015636 0.971533
-0.022540 0.959774
-0.029913 0.962315
-0.027560 0.963485
0.035967 0.993173
0.152131 1.080929
0.182760 1.206589
0.161353 1.263641
0.126152 1.273731
0.108012 1.243240
0.091538 1.182516
0.080126 1.088996
0.069892 1.011526
0.079725 0.982391
0.056315 1.126263
-0.379507 1.098857
-0.312428 1.209207
-0.177023 1.258321
-0.079567 1.270912
-0.017647 1.249529
0.024649 1.192435
0.045533 1.102722
0.068315 1.021425
0.037138 1.001221
0.006791 1.085293
0.007631 0.707309
0.011267 0.703736
0.009678 0.701913
0.006432 0.700996
0.011483 0.700363
0.008511 0.700077
0.011905 0.697901
0.015578 0.695409
0.016061 0.689885
-0.014508 0.661055
-0.068355 0.704145
-0.110473 0.704847
-0.158756 0.702619
-0.200450 0.704043
-0.240897 0.706918
-0.275624 0.711706
-0.310337 0.710454
-0.338757 0.706845
-0.340728 0.693179
-0.338768 0.699068
0.013042 0.705795
0.022209 0.699769
0.024152 0.692668
0.028106 0.686082
0.034761 0.684978
0.041353 0.681769
0.039586 0.676415
0.038341 0.673885
0.033081 0.667299
0.038107 0.660647
-0.007458 0.700844
-0.030125 0.705514
-0.043750 0.698917
-0.057984 0.692328
-0.072180 0.688130
-0.082318 0.686541
-0.094862 0.681638
-0.095548 0.678250
-0.100763 0.674698
-0.172119 0.689572
0.010301 0.699342
0.023379 0.694927
0.035079 0.702400
0.047710 0.705483
0.058135 0.710523
0.067148 0.708803
0.074584 0.704624
0.084191 0.688475
0.081487 0.686307
0.152794 0.673141
-0.014687 0.695845
-0.023274 0.698053
-0.031024 0.703031
-0.039765 0.709735
-0.048939 0.713427
-0.050875 0.711644
-0.051572 0.710412
-0.064711 0.698187
-0.060740 0.677367
-0.105748 0.677431
0.008288 0.696086
0.014013 0.717541
0.020396 0.754739
0.027072 0.791903
0.028722 0.814638
0.029288 0.817492
0.033558 0.797657
0.031269 0.756839
0.027925 0.740524
0.058016 0.757225
-0.010701 0.693768
-0.016469 0.715420
-0.020877 0.754019
-0.022944 0.791586
-0.029300 0.813037
-0.028949 0.818614
-0.031967 0.795759
-0.036661 0.756789
-0.026807 0.732263
-0.051255 0.761762
0.020606 0.706321
0.024815 0.739549
0.024915 0.791594
0.029450 0.831540
0.026900 0.840949
0.025678 0.837649
0.021865 0.800714
0.021663 0.755491
0.021181 0.751733
0.027580 0.818584
0.049351 0.700162
0.060560 0.733727
0.059651 0.783576
0.054627 0.823138
0.038031 0.840175
0.026257 0.837486
0.015611 0.800676
0.001078 0.753511
-0.009432 0.744750
0.039464 0.807330
0.023663 0.659137
0.043615 0.693491
0.053667 0.739594
0.065944 0.767532
0.076274 0.770876
0.083568 0.757567
0.088633 0.714676
0.094037 0.661671
0.087778 0.644808
0.133800 0.693462
-0.011753 0.661962
-0.044248 0.697523
-0.074234 0.741358
-0.103826 0.771085
-0.139662 0.777716
-0.162262 0.762253
-0.186640 0.723344
-0.209876 0.671755
-0.207358 0.653831
-0.261980 0.774731
0.005765 0.708838
0.010996 0.705376
0.014086 0.704975
0.019896 0.704767
0.021001 0.701123
0.021931 0.702276
0.032513 0.697868
0.035408 0.698447
0.039875 0.693232
0.085905 0.713468
-0.011818 0.703296
-0.012281 0.707289
-0.015057 0.705383
-0.020329 0.707911
-0.026876 0.705180
-0.024479 0.703277
-0.027408 0.702384
-0.033474 0.700640
-0.045432 0.712348
-0.097608 0.689357
0.006204 0.708474
0.009325 0.704774
0.017057 0.705574
0.022494 0.703591
0.029535 0.705651
0.033883 0.705381
0.031817 0.700306
0.044379 0.694220
0.032794 0.698110
0.038455 0.678658
-0.007942 0.703911
-0.008098 0.707241
-0.014773 0.706216
-0.019116 0.706498
-0.021514 0.706707
-0.023849 0.706631
-0.026623 0.701662
-0.030657 0.702235
-0.022101 0.692709
-0.075615 0.705169
0.006861 0.706359
0.010819 0.705235
0.015790 0.704382
0.022906 0.704282
0.026681 0.705149
0.034039 0.705184
0.034420 0.705728
0.039460 0.697805
0.030990 0.700141
0.073157 0.683309
-0.010725 0.705077
-0.012158 0.706611
-0.013339 0.708369
-0.017256 0.709159
-0.023633 0.710119
-0.024395 0.708977
-0.023409 0.708636
-0.030831 0.709065
-0.022977 0.692864
-0.047352 0.693795
0.006493 0.706767
0.011921 0.705267
0.018436 0.706836
0.022991 0.707530
0.023506 0.706571
0.031807 0.709116
0.034196 0.707599
0.035943 0.699902
0.042409 0.709352
0.089618 0.722736
-0.009363 0.704297
-0.012255 0.707915
-0.012662 0.708867
-0.015330 0.707859
-0.017768 0.712261
-0.019416 0.710525
-0.016432 0.708280
-0.024091 0.703320
-0.014356 0.705984
0.011563 0.685944
0.008082 0.707064
0.010799 0.705308
0.011786 0.708665
0.017029 0.711198
0.026599 0.712499
0.027343 0.710175
0.031238 0.712397
0.030526 0.708097
0.037591 0.701223
0.057897 0.662946
-0.009810 0.703525
-0.008605 0.707577
-0.012018 0.710348
-0.012722 0.714044
-0.017487 0.715693
-0.021253 0.716349
-0.019539 0.714035
-0.024952 0.710736
-0.025034 0.721786
-0.028524 0.702831
0.005669 0.706757
0.006442 0.706192
0.013821 0.711804
0.018997 0.715484
0.024314 0.718260
0.021032 0.719927
0.025912 0.717199
0.026355 0.712821
0.017727 0.708398
-0.028632 0.706373
-0.009504 0.703799
-0.006088 0.707237
-0.011623 0.711127
-0.010326 0.714776
-0.013622 0.718173
-0.013350 0.721401
-0.013940 0.716926
-0.017559 0.711786
-0.003957 0.709927
0.016510 0.688254
0.000259 0.706993
0.004933 0.710567
0.007398 0.714489
0.007079 0.720174
0.011641 0.723054
0.011143 0.725794
0.013065 0.724909
0.006190 0.716157
0.023294 0.712119
0.063351 0.762238
-0.006527 0.704298
-0.008965 0.706785
-0.012423 0.713343
-0.011583 0.718658
-0.013992 0.721087
-0.012044 0.726000
-0.017637 0.720552
-0.021099 0.717272
-0.009868 0.711898
0.036708 0.722817
0.003133 0.707230
0.003776 0.709058
0.004187 0.713599
0.008591 0.721636
0.005421 0.727298
0.007211 0.728927
0.009353 0.723509
0.013611 0.718959
0.010064 0.723859
0.020937 0.715541
-0.007957 0.704036
-0.008827 0.706656
-0.011675 0.714000
-0.010428 0.721807
-0.014105 0.726243
-0.014009 0.728222
-0.016218 0.726237
-0.018210 0.717893
-0.030525 0.713300
-0.035534 0.701806
0.005082 0.706797
0.004319 0.710968
0.006933 0.719379
0.008384 0.728582
0.008677 0.732964
0.012076 0.731580
0.010135 0.727617
0.009552 0.719369
0.006479 0.724107
0.045248 0.693667
0.002347 0.703201
-0.002521 0.709187
0.002718 0.717456
-0.002459 0.724697
-0.005410 0.729773
-0.007912 0.732550
-0.005770 0.729175
-0.009809 0.714680
-0.002920 0.709732
-0.036573 0.678143
0.010736 0.706487
0.012360 0.709857
0.014124 0.720669
0.016610 0.730118
0.012509 0.734485
0.013526 0.735953
0.012388 0.730841
0.013650 0.718574
0.002150 0.718318
0.013401 0.712092
-0.011859 0.705686
-0.013152 0.710344
-0.013732 0.720292
-0.014216 0.730929
-0.018124 0.735704
-0.016129 0.734110
-0.018181 0.730571
-0.015553 0.720309
-0.010870 0.714603
-0.100982 0.714627
0.006010 0.705828
0.005206 0.712625
0.005334 0.722418
0.011544 0.733709
0.008206 0.735276
0.009522 0.734618
0.007903 0.727116
0.006322 0.721484
0.008963 0.715785
0.011765 0.758507
-0.007147 0.706023
-0.010374 0.713291
-0.012047 0.721838
-0.007187 0.729577
-0.014676 0.735125
-0.016593 0.738739
-0.015248 0.731822
-0.023549 0.724382
-0.039975 0.721474
-0.024857 0.716336
0.011777 0.711573
0.012407 0.717906
0.008275 0.727678
0.011482 0.736325
0.008853 0.737518
0.009665 0.739114
0.005850 0.728801
0.008252 0.719050
0.009437 0.737500
0.016903 0.720709
0.014663 0.701460
0.008860 0.708520
0.011417 0.715752
0.008112 0.728499
0.000680 0.734895
-0.001405 0.733190
0.003938 0.726828
-0.009534 0.715948
0.006566 0.715289
-0.017919 0.714603
0.029747 0.713738
0.025220 0.718776
0.025033 0.728836
0.026829 0.735003
0.024981 0.737009
0.019214 0.738287
0.021292 0.729677
0.020260 0.723802
0.019498 0.710381
0.024587 0.748829
0.054459 0.699017
0.051520 0.705990
0.044841 0.716100
0.040935 0.726775
0.030251 0.730657
0.024673 0.731017
0.015682 0.722977
0.014410 0.716308
-0.004080 0.720964
0.046636 0.725315
0.007681 0.708779
0.008474 0.712201
0.006394 0.722217
0.003488 0.729347
0.003913 0.731659
0.004918 0.728257
0.001440 0.722292
0.001539 0.715657
-0.003032 0.718066
-0.037309 0.743950
0.079480 0.703026
0.077528 0.708046
0.067619 0.717862
0.055082 0.723939
0.048101 0.729316
0.036544 0.729386
0.020868 0.719027
0.014099 0.715870
0.013327 0.711564
0.075963 0.733267
0.031668 0.704425
0.032994 0.706746
0.032103 0.710500
0.029274 0.714185
0.032350 0.713097
0.028323 0.715318
0.032501 0.715645
0.029592 0.714239
0.015408 0.709805
0.105232 0.684545
0.120267 0.701289
0.112498 0.700628
0.097500 0.705341
0.089585 0.705145
0.076995 0.708542
0.062711 0.706461
0.054843 0.699190
0.046010 0.698442
0.033924 0.711617
0.054762 0.726266
0.045886 0.953349
0.053824 0.938593
0.043643 0.931823
0.029290 0.927745
0.016806 0.926526
-0.000086 0.915631
-0.011275 0.908980
-0.019963 0.897954
-0.032364 0.885017
0.004611 0.926280
-0.009949 0.950072
-0.008104 0.935240
0.005494 0.933078
0.009168 0.935173
0.009651 0.927154
0.019494 0.917002
0.016491 0.905162
0.020730 0.903913
0.000068 0.899610
0.035481 0.889046
-0.002596 0.899324
-0.005333 0.954054
-0.009193 0.971936
-0.014204 0.977558
-0.019807 0.975021
-0.022243 0.970582
-0.024528 0.963154
-0.029196 0.958059
-0.042490 0.947201
-0.057330 0.954162
-0.006014 0.891727
-0.004924 0.941085
-0.005318 0.960748
-0.006911 0.967017
-0.006580 0.967635
-0.009147 0.964828
-0.014391 0.952491
-0.016284 0.949689
0.002295 0.947145
-0.013534 0.973614
0.045582 0.954681
0.052828 0.940243
0.042113 0.934936
0.026594 0.929891
0.013415 0.928639
-0.003984 0.919160
-0.015386 0.912038
-0.024169 0.899956
-0.037977 0.885509
-0.000281 0.927641
-0.010346 0.951221
-0.008511 0.937233
0.004574 0.935876
0.007949 0.937765
0.008486 0.929233
0.017697 0.919833
0.013711 0.907085
0.017898 0.907102
-0.000415 0.902431
0.028913 0.901778
0.004542 0.705272
0.004639 0.704114
0.006828 0.701577
0.012913 0.700878
0.013195 0.699446
0.019773 0.700489
0.026672 0.701118
0.018846 0.698716
0.005620 0.695897
0.067503 0.705465
-0.001359 0.711345
-0.003264 0.708047
-0.004266 0.711178
-0.000520 0.707663
-0.002227 0.706940
-0.006574 0.704777
-0.004081 0.703179
-0.000222 0.696571
-0.000326 0.697822
-0.060225 0.704494
0.020869 0.707489
0.015468 0.710806
0.019859 0.709796
0.024513 0.709262
0.022167 0.710395
0.025594 0.707590
0.028565 0.703510
0.030506 0.699863
0.009835 0.696658
0.085788 0.694300
-0.003885 0.710634
-0.000178 0.712597
-0.003257 0.710598
-0.000636 0.710162
0.005324 0.711316
0.006200 0.709429
0.002226 0.701283
0.008933 0.697679
0.017674 0.690842
0.044868 0.719302
0.012173 0.706386
-0.007610 0.707941
-0.013114 0.708397
-0.018719 0.707475
-0.024815 0.710406
-0.027839 0.707251
-0.035304 0.708213
-0.037305 0.698840
-0.037195 0.707762
-0.076958 0.683122
0.005977 0.710804
0.017686 0.710055
0.025469 0.712126
0.026658 0.712941
0.025416 0.710394
0.033168 0.709180
0.038541 0.705985
0.038248 0.704019
0.027489 0.702956
0.009773 0.717438
0.006818 0.704350
0.004639 0.704491
0.005031 0.701676
0.003297 0.706419
0.004424 0.706486
0.002261 0.705170
-0.001676 0.708120
0.003214 0.709157
0.004731 0.710083
0.043165 0.686610
0.003258 0.707858
0.003048 0.705490
0.002217 0.705124
0.003620 0.708330
0.001269 0.707287
0.000825 0.708594
0.002451 0.707082
0.001532 0.708716
-0.001559 0.725823
-0.005906 0.695941
0.012473 0.703365
0.017026 0.700873
0.021382 0.702127
0.020230 0.702955
0.014988 0.708044
0.018958 0.707212
0.022039 0.709780
0.014787 0.707802
0.019128 0.717988
0.022339 0.720701
-0.006192 0.708006
-0.009902 0.703531
-0.016735 0.705984
-0.016653 0.705830
-0.018931 0.707329
-0.017668 0.709604
-0.015980 0.709760
-0.010372 0.711686
-0.018554 0.723115
0.021455 0.672378
0.026531 0.704141
0.013729 0.703363
0.015202 0.705913
0.014932 0.715187
0.008669 0.719453
0.011094 0.708924
0.009917 0.706326
0.007604 0.694827
-0.008323 0.696171
0.056596 0.702970
-0.000511 0.707022
0.005890 0.704030
0.005417 0.708344
0.009696 0.718602
0.010718 0.717236
0.014528 0.712890
0.017922 0.703221
0.024170 0.692533
0.019167 0.694610
0.012248 0.733698
0.007989 0.705208
-0.005488 0.705260
-0.005495 0.704493
-0.006433 0.706116
-0.008661 0.707112
-0.008151 0.704566
-0.011636 0.704538
-0.016130 0.699185
-0.006199 0.701988
0.004144 0.717808
0.000991 0.710795
0.009318 0.710039
0.011164 0.709088
0.010474 0.708218
0.012070 0.708036
0.018566 0.709142
0.014894 0.705605
0.020433 0.705324
0.011605 0.699404
0.046223 0.685005
0.007760 0.705630
-0.004042 0.706100
-0.007418 0.704398
-0.007740 0.703395
-0.014137 0.704819
-0.014580 0.702875
-0.017093 0.704461
-0.022243 0.702401
-0.019453 0.701445
-0.041081 0.689883
0.005150 0.710927
0.005559 0.709531
0.012454 0.709054
0.010641 0.710624
0.010652 0.710472
0.010151 0.709305
0.019749 0.707935
0.012882 0.707295
0.011956 0.714530
0.020461 0.716264
0.003601 0.705638
-0.001836 0.706617
-0.006199 0.705918
-0.008649 0.704581
-0.007768 0.706416
-0.013701 0.704117
-0.016042 0.701575
-0.016689 0.698134
-0.023841 0.691293
-0.015173 0.694952
0.003948 0.709991
0.009468 0.708566
0.008223 0.708764
0.010716 0.711263
0.010462 0.709106
0.011101 0.708636
0.017735 0.706698
0.011985 0.708093
0.009710 0.708726
0.031695 0.723165
0.002083 0.706815
-0.000995 0.707735
-0.005215 0.705971
-0.010147 0.705084
-0.016811 0.706216
-0.017370 0.704335
-0.020480 0.704068
-0.018936 0.704954
-0.020261 0.696937
-0.080736 0.667258
0.004761 0.708389
0.008829 0.708075
0.011085 0.709855
0.010638 0.707496
0.011351 0.709305
0.014910 0.708366
0.017165 0.706311
0.019546 0.712747
0.015482 0.712975
-0.057877 0.720706
0.005266 0.705943
-0.004707 0.706382
-0.004656 0.706514
-0.007227 0.704709
-0.007488 0.707378
-0.006344 0.707639
-0.013414 0.706607
-0.007860 0.704471
-0.010728 0.711178
-0.031397 0.669911
0.005931 0.709556
0.008694 0.708120
0.014025 0.708849
0.015531 0.706743
0.011501 0.706332
0.018127 0.707418
0.016650 0.706401
0.020423 0.711442
0.017598 0.701291
-0.024877 0.757120
0.003358 0.705820
-0.000478 0.706713
0.000190 0.707299
-0.003492 0.707077
-0.000575 0.707962
-0.003678 0.703054
-0.000415 0.706434
0.003415 0.703727
-0.000222 0.697657
0.058765 0.692342
0.000452 0.709052
-0.000011 0.708218
0.001371 0.706537
0.002229 0.707362
-0.000761 0.706135
0.001410 0.707320
0.003676 0.706210
0.001126 0.704893
-0.000152 0.710116
-0.018265 0.729197
0.006648 0.705731
0.006685 0.706967
0.001404 0.704512
0.006005 0.709025
0.006068 0.705340
0.001886 0.706536
0.000854 0.705561
-0.001923 0.706213
0.007735 0.712502
0.012567 0.715964
0.003095 0.707548
0.001046 0.708521
0.001615 0.708831
-0.001255 0.707189
-0.001084 0.705646
0.000984 0.706537
0.002903 0.709840
-0.000900 0.711228
-0.003066 0.711933
0.028382 0.696721
0.004796 0.705749
0.003106 0.704408
0.001853 0.706122
0.000434 0.704532
0.000490 0.706408
0.003336 0.706251
0.000730 0.706841
-0.001099 0.708138
0.006565 0.714529
0.032115 0.744795
-0.000245 0.708926
0.001131 0.708852
-0.001290 0.707732
0.002784 0.707395
0.003444 0.711471
-0.000342 0.708955
0.002943 0.709755
-0.000310 0.704750
0.001316 0.704741
0.013449 0.694832
0.005863 0.705890
0.002688 0.706570
0.006945 0.706349
0.005267 0.706767
0.004691 0.707796
0.003816 0.706357
-0.001804 0.711284
0.005588 0.708616
0.011400 0.714316
0.020957 0.689406
-0.000861 0.707715
0.000773 0.705718
-0.001495 0.707573
-0.001222 0.707400
-0.003277 0.705700
-0.002463 0.709900
-0.004630 0.708426
0.001976 0.703798
-0.017086 0.711476
-0.044764 0.697952
0.000077 0.706030
-0.000791 0.707246
-0.000487 0.704754
-0.002657 0.704408
-0.002100 0.703833
0.000219 0.704088
-0.003287 0.706915
0.000223 0.705238
-0.015107 0.704842
-0.040014 0.669336
0.008609 0.709102
0.005926 0.707965
0.005708 0.706624
0.007059 0.707363
0.004525 0.708298
0.002824 0.708050
-0.001108 0.708356
0.005011 0.708604
0.019415 0.712118
0.001858 0.700748
-0.002243 0.705344
-0.000688 0.706118
0.001245 0.706042
-0.000006 0.706931
-0.001773 0.706508
-0.001587 0.705591
0.004839 0.708933
-0.002983 0.704801
-0.018544 0.713462
0.024888 0.747487
0.003899 0.708937
0.003393 0.705595
-0.001845 0.708104
-0.001139 0.705345
0.003173 0.706797
-0.002674 0.708650
-0.002227 0.707198
0.005940 0.707799
-0.006017 0.722006
0.007440 0.688334
0.016152 0.703539
0.016558 0.703160
0.019946 0.704618
0.016460 0.705465
0.012502 0.706767
0.014475 0.708232
0.014636 0.706780
0.006787 0.709788
0.041810 0.717983
0.034691 0.679378
-0.003685 0.709970
-0.002287 0.708844
-0.003376 0.709103
-0.000975 0.710697
-0.007846 0.710361
-0.005941 0.710910
0.000311 0.709776
-0.001117 0.709491
-0.001697 0.703606
0.000071 0.709302
0.022557 0.705858
0.020609 0.705711
0.019433 0.705352
0.020273 0.706071
0.016574 0.709699
0.017173 0.708209
0.017646 0.709036
0.016410 0.710642
0.004711 0.701615
0.014543 0.723743
-0.011476 0.707683
-0.012888 0.706844
-0.012270 0.708664
-0.013980 0.706443
-0.012940 0.707676
-0.009844 0.707250
-0.009936 0.707242
-0.010986 0.706386
-0.011332 0.711307
0.041924 0.678161
0.002655 0.704090
0.003339 0.703675
0.003272 0.705856
0.004403 0.705383
0.002612 0.706785
0.004055 0.706937
0.002508 0.708083
0.004972 0.706470
0.012627 0.704524
-0.026273 0.715322
0.000697 0.709396
-0.002000 0.708895
-0.007711 0.706823
-0.003756 0.708459
-0.008319 0.706744
0.000376 0.709866
-0.006276 0.708761
-0.003987 0.710755
-0.012146 0.698579
0.034359 0.727526
-0.006667 0.694005
-0.001327 0.695026
0.003606 0.696829
0.007049 0.696738
0.008111 0.698671
0.013168 0.697913
0.020596 0.703639
0.022060 0.700548
0.002372 0.712161
0.022488 0.669622
-0.042649 0.719251
-0.047448 0.716374
-0.050936 0.713873
-0.053044 0.713076
-0.054736 0.712409
-0.056651 0.714715
-0.050207 0.711148
-0.059729 0.711412
-0.043019 0.702431
-0.104671 0.745237
-0.041775 -0.039822 0.001113 0.001413 0.000871 0.000564 0.000764 -0.004366 
0.242517 -0.013812 -0.006782 -0.000498 0.001976 0.001519 0.000458 0.005113 
-0.044133 -0.016956 0.002288 0.001774 -0.000740 0.000558 -0.001235 0.001732 
0.163945 -0.011972 -0.001366 -0.000625 0.003296 0.001841 0.000463 -0.000593 
-0.015884 -0.005838 -0.001892 0.002865 -0.000297 -0.000463 -0.000474 0.001103 
0.061992 0.000289 -0.000409 -0.000015 -0.002301 -0.001722 0.001148 -0.003204 
0.004916 0.001306 -0.001835 -0.003589 -0.002195 -0.001968 0.002012 0.000892 
-0.020519 0.000297 0.002384 -0.000378 -0.002083 -0.001814 -0.000500 -0.003215 
0.028069 0.000847 0.000613 -0.003410 -0.000051 -0.001153 0.001641 -0.002377 
-0.088538 -0.006787 0.000879 -0.002321 0.002993 0.001210 0.000768 0.002543 
0.043590 -0.014125 0.000740 0.001229 0.001631 0.000759 0.001575 -0.001646 
-0.156326 -0.015834 0.000802 -0.002038 0.003142 -0.001174 -0.002667 0.003858 
0.052030 -0.027197 -0.005232 0.002467 0.001004 -0.001045 0.000052 -0.000541 
-0.209127 -0.024564 0.001964 0.001421 0.001187 -0.001341 -0.001213 0.001586 
0.059037 -0.034371 -0.010549 -0.000654 0.001060 0.002680 -0.000329 -0.001318 
-0.238065 -0.032093 0.001220 -0.001972 -0.000739 0.002195 -0.000640 0.000012 
0.044546 -0.025955 -0.006217 0.000631 0.002475 0.000497 -0.000161 -0.000873 
-0.229261 -0.024421 0.000074 -0.001099 -0.000252 0.001058 -0.000985 0.005468 
0.016276 -0.033394 -0.002393 0.001800 -0.000361 0.000922 0.002101 -0.001191 
-0.213568 -0.009406 0.003215 0.001341 -0.001735 -0.002458 0.000750 -0.000499 
-0.000584 -0.005131 0.000027 -0.000584 -0.005717 0.000161 -0.000185 0.000825 
-0.016615 -0.004544 0.001276 0.003380 0.000465 -0.000529 -0.002984 0.001120 
0.000905 -0.001209 -0.002808 0.002879 0.000244 0.001158 -0.001863 0.002273 
-0.016938 -0.001985 0.000724 0.001524 0.000933 0.000795 -0.001390 0.000140 
0.001583 -0.001829 -0.002549 -0.001172 0.002984 -0.001328 -0.000755 -0.000797 
-0.009812 -0.003570 -0.000097 0.002010 0.001106 -0.001861 -0.001425 0.002532 
-0.001631 0.000944 0.000441 0.007454 0.000288 -0.001501 -0.001143 -0.000869 
-0.004288 -0.000500 -0.000245 -0.001659 0.002306 -0.001424 -0.003431 0.003041 
0.000216 -0.001129 -0.002304 0.003558 -0.001200 0.001902 -0.002688 -0.000673 
0.002577 0.000685 0.000663 0.003312 0.002058 0.000200 -0.000441 0.004190 
0.000034 0.002198 -0.001882 0.003442 0.000384 -0.001614 0.003731 -0.003920 
0.014184 -0.000973 0.000395 0.004623 0.001421 -0.001130 -0.000806 0.003102 
0.008380 0.004194 -0.000694 0.009985 0.001988 0.000221 0.002454 -0.005291 
0.015275 -0.003408 -0.000827 0.000577 0.002432 -0.000508 -0.005394 0.000508 
0.004507 0.004985 -0.004492 0.004896 -0.002339 0.000462 0.002005 -0.006800 
0.008500 -0.003194 -0.003134 0.006567 -0.001440 0.000229 0.001671 0.001673 
0.009465 0.007133 -0.005093 0.003551 -0.004772 -0.002071 -0.000961 -0.004902 
0.010552 -0.004749 -0.004511 0.005567 0.004085 -0.002461 -0.006957 -0.002593 
0.050778 0.015368 -0.002187 0.005716 -0.004509 0.002806 0.000357 -0.009428 
-0.038939 -0.007002 -0.012825 0.006057 0.008810 0.001597 -0.001973 -0.003548 
-0.042476 -0.039559 0.001635 0.003377 -0.000337 -0.000023 -0.001133 -0.003141 
0.244190 -0.013088 -0.008188 0.001992 0.003040 -0.000505 0.000342 0.002005 
-0.045204 -0.017260 0.002028 0.001289 0.000343 -0.000065 -0.001993 0.000519 
0.165488 -0.013022 -0.002163 0.001589 0.001660 -0.000419 -0.000074 0.002243 
-0.016159 -0.006368 -0.002490 0.003432 0.002455 -0.000125 -0.000681 0.003447 
0.062582 0.000638 -0.000470 0.000068 -0.002752 -0.002413 0.001924 -0.001380 
0.005563 0.001427 -0.000804 -0.003526 -0.004097 -0.003450 0.003842 0.003268 
-0.019882 0.000403 0.001104 -0.002928 -0.001680 -0.000929 0.000692 -0.002512 
0.027805 0.001343 0.001508 -0.002414 -0.000779 0.000760 0.001954 -0.000758 
-0.088820 -0.005918 0.001386 -0.003364 0.000718 0.001011 -0.000853 0.001740 
0.044613 -0.014060 0.000342 0.001583 0.001624 0.001263 0.000985 -0.000088 
-0.157661 -0.017219 0.000647 -0.000796 0.003746 -0.002425 -0.004827 0.002753 
0.051771 -0.027910 -0.004374 0.000472 0.002008 -0.000160 -0.000166 -0.000893 
-0.209933 -0.024559 0.002322 0.000346 -0.000046 -0.001069 -0.002243 -0.000105 
0.059355 -0.034678 -0.010544 -0.000348 0.001322 0.002852 0.000091 0.000216 
-0.239639 -0.032852 0.002374 0.001042 0.000300 0.001452 0.001351 -0.003351 
0.044876 -0.026420 -0.007039 0.001448 0.002033 0.000155 0.000222 -0.000682 
-0.231286 -0.025000 -0.000336 -0.001896 -0.000138 -0.000112 -0.000849 0.005328 
0.008357 -0.036784 -0.000939 0.003740 -0.000132 0.001118 0.002691 -0.001881 
-0.211281 -0.007087 0.005139 0.000006 -0.003316 -0.002679 0.001221 -0.000500 
0.004562 -0.044375 -0.001775 0.000449 0.000032 -0.002098 -0.000468 -0.001358 
-0.223407 0.002470 0.009915 0.001416 0.000520 0.000494 0.000084 -0.000648 
-0.001178 -0.023889 0.004618 0.000943 0.001921 -0.002043 0.001583 0.004305 
-0.141756 0.004579 0.001650 -0.001640 -0.002786 0.000373 -0.002557 0.002056 
-0.001686 -0.005169 -0.000216 -0.001285 -0.002738 0.001886 -0.000408 0.001206 
-0.068126 0.002517 -0.001600 0.002369 -0.000028 0.003806 -0.000931 -0.001715 
0.002148 0.000723 0.001067 -0.002407 -0.002480 0.000699 -0.002161 0.000152 
0.012445 0.000818 0.001299 0.000677 -0.000643 0.003084 -0.002128 0.005429 
-0.004575 -0.001701 0.003392 0.000423 -0.001340 -0.005848 -0.002093 -0.001665 
0.074201 -0.001436 -0.003161 -0.000367 0.000102 -0.002468 -0.003216 -0.001031 
0.001221 -0.009244 -0.002072 0.002786 -0.001543 -0.003116 0.003551 -0.000260 
0.123727 -0.000648 -0.007294 0.002918 0.004217 -0.002019 -0.000112 -0.001698 
-0.001461 -0.017360 0.003185 0.007211 -0.003465 -0.008330 0.000960 0.000170 
0.160916 -0.002407 -0.010856 0.002132 0.006661 -0.000729 -0.012003 -0.002158 
-0.001921 -0.014502 0.000280 0.009943 -0.005271 -0.003800 0.006708 0.002309 
0.171572 0.002683 -0.014563 0.000437 0.010636 -0.004983 -0.012428 -0.009756 
0.001682 -0.010371 0.001203 0.001927 0.001010 -0.005187 0.000108 -0.005285 
0.159283 0.004950 -0.013064 0.001166 0.002550 -0.001477 -0.009013 -0.014286 
-0.013533 0.016821 -0.002457 0.004845 0.002936 -0.008161 -0.000214 -0.010042 
0.160046 -0.003553 0.003695 -0.001101 0.006424 0.003437 -0.017186 -0.020130 
0.026673 -0.009681 -0.003580 0.002834 -0.003486 0.004150 0.000220 -0.001810 
-0.081454 -0.000648 0.002490 -0.000453 0.001831 0.000291 -0.002635 -0.001683 
0.021033 0.001260 -0.000095 0.000716 -0.002733 0.000158 -0.000723 -0.000564 
-0.048416 0.003471 0.001333 0.000467 -0.000284 0.000427 -0.001939 -0.000627 
0.008586 -0.000274 0.000499 -0.002709 0.000749 0.002651 -0.002085 -0.001792 
-0.021096 0.003919 0.000730 -0.001977 0.001141 0.002395 -0.001006 -0.002437 
0.000222 0.002764 -0.001819 -0.001104 -0.000388 0.000241 0.001549 0.000350 
0.004118 0.003050 0.001418 0.002071 0.000376 0.000164 0.000636 0.001726 
-0.009721 -0.001394 0.000606 -0.000954 0.000936 -0.003459 -0.002069 -0.002638 
0.028240 0.001633 0.002922 -0.001846 -0.003233 -0.001676 -0.001123 -0.005049 
-0.014147 -0.000880 -0.001247 0.002463 -0.002215 -0.001911 0.002159 0.001317 
0.043975 0.003005 0.001474 -0.001628 -0.001349 -0.001072 0.002505 -0.002188 
-0.017632 -0.003915 -0.002035 0.000272 -0.001003 -0.003773 -0.003535 0.002191 
0.058018 0.000611 -0.002581 0.001568 0.002521 0.001169 0.000531 0.001862 
-0.022466 -0.002936 0.001482 0.005719 -0.000708 0.002002 -0.005799 0.005426 
0.075211 -0.005161 0.000091 -0.000371 -0.001269 0.001932 0.001439 0.000126 
-0.021866 0.003258 0.004565 0.000881 -0.001415 0.000860 -0.004273 -0.000354 
0.075783 -0.006998 -0.001833 0.003981 -0.001118 -0.001136 0.004984 -0.002728 
-0.019053 0.017525 0.004593 0.004120 0.000887 -0.004012 -0.003326 -0.001534 
0.116568 -0.011718 0.003351 0.006217 0.003805 0.000979 -0.003657 0.001591 
0.061072 -0.009271 -0.001641 0.000352 -0.003248 0.001953 -0.002736 0.000692 
-0.038111 -0.004293 0.002280 0.000672 0.000810 -0.002404 0.001607 0.001550 
0.040094 -0.001515 0.002591 -0.001670 0.002281 0.003723 -0.000423 0.001705 
-0.022634 0.003076 0.001346 -0.001442 0.003618 -0.001352 -0.002257 -0.002453 
0.016445 -0.001134 0.001966 0.002400 0.001016 0.001120 -0.001902 0.001105 
-0.011236 0.001902 0.000056 -0.000332 -0.001080 -0.000142 -0.000421 -0.000462 
-0.002903 0.000749 -0.000107 -0.001401 -0.000997 -0.001471 -0.000472 0.000127 
0.003274 0.000255 -0.000348 -0.001316 0.000509 -0.002701 0.000949 -0.000716 
-0.019867 0.000557 0.002888 -0.001407 -0.000719 0.000112 0.000346 -0.001419 
0.015100 0.004887 -0.001430 -0.000625 0.001843 0.000258 0.002727 0.003508 
-0.033467 0.000521 0.001215 -0.003104 -0.001169 -0.002539 0.000367 0.000568 
0.024479 -0.000163 0.000373 -0.002500 0.002666 -0.000144 0.000035 -0.002655 
-0.044898 0.002852 -0.000933 -0.001809 -0.002349 -0.003459 -0.002887 -0.002322 
0.028327 0.002461 -0.000928 0.000189 -0.001670 -0.001843 -0.002204 -0.001530 
-0.054593 -0.001456 -0.003260 -0.001729 -0.002235 -0.001347 -0.003179 -0.000770 
0.039603 -0.000372 0.002231 0.000422 0.000805 0.002645 0.000299 0.002382 
-0.066771 0.001014 -0.001014 -0.004322 0.001529 -0.001277 -0.000084 0.002208 
0.044833 -0.003046 0.000970 -0.001169 -0.001490 0.001581 -0.002357 0.001355 
-0.081934 0.006025 0.002482 -0.006470 0.004395 -0.001406 -0.003789 0.004491 
0.071361 -0.019944 0.010542 0.002719 -0.007017 0.008742 -0.003601 -0.001806 
0.019355 -0.000956 0.000704 -0.001492 -0.001422 0.000847 -0.000049 -0.000247 
-0.018792 -0.002073 -0.002964 0.000544 -0.000080 0.000479 0.002623 0.001026 
0.012140 -0.002465 0.000632 0.000068 -0.001405 0.003291 0.002249 0.000084 
-0.010614 -0.001267 0.002993 0.000168 0.001216 0.002251 0.002030 -0.001153 
0.006335 -0.001376 0.003538 -0.001606 0.000944 0.000491 -0.002836 0.002067 
-0.001154 -0.002417 -0.002018 0.000091 -0.001531 -0.000760 -0.003240 -0.000203 
-0.001779 -0.000485 0.001413 0.002050 -0.002980 0.001694 0.002197 -0.003050 
0.000640 0.003580 -0.000405 0.001651 0.001438 -0.003773 0.001415 0.000060 
-0.004209 -0.000133 0.001625 -0.001243 0.000700 -0.000051 -0.001662 -0.000147 
0.003417 -0.002017 -0.001326 0.000870 -0.001256 0.000906 0.000394 0.000985 
-0.015643 0.003094 -0.003167 0.001909 -0.000045 -0.000359 0.001716 -0.000468 
0.011266 0.001091 -0.000976 0.000908 -0.000509 -0.000903 0.001397 0.002423 
-0.014814 0.001936 0.000157 0.002352 -0.003199 0.001650 0.001668 0.000085 
0.016257 0.000819 -0.000183 0.000237 0.001044 0.002882 0.001029 0.000612 
-0.022964 0.001601 0.000141 0.001000 0.002778 -0.003890 0.002551 -0.000748 
0.016461 0.002031 0.001716 -0.001916 0.001315 0.000645 -0.001731 0.001160 
-0.016659 -0.000553 0.002605 -0.005880 0.001952 0.000153 0.000571 -0.002153 
0.023376 -0.000937 0.000908 0.001616 -0.000712 -0.001362 0.000033 -0.004006 
0.005623 0.019110 -0.002725 0.000639 0.002375 0.001592 0.001618 0.003612 
0.006320 0.007867 0.000448 -0.003417 0.001269 0.002599 0.002292 -0.000665 
0.000971 -0.005036 -0.001077 -0.001612 -0.002366 -0.002102 0.002210 0.001039 
-0.032328 -0.000237 0.000891 -0.000440 0.001216 -0.000734 0.000624 -0.001230 
0.000737 -0.006336 -0.001402 -0.002262 -0.001059 0.000387 0.001814 -0.001389 
-0.023300 -0.005077 0.003464 -0.000958 0.000609 0.000403 0.004376 0.001076 
0.001420 0.000453 -0.001984 0.001969 -0.001946 -0.000404 0.002734 -0.001025 
-0.008648 -0.003843 0.001209 -0.000525 -0.000099 0.001708 -0.001639 -0.001409 
0.000893 0.001907 -0.000659 0.000797 -0.001478 0.004024 0.000168 0.002079 
0.007281 -0.004374 0.001747 -0.003015 -0.000133 0.001190 0.000311 0.001071 
-0.001520 0.000771 0.001120 -0.002362 -0.002169 0.001974 0.002961 0.001510 
0.019090 -0.008896 0.005781 0.001337 0.000894 -0.000667 0.001950 -0.000690 
0.000143 -0.002502 -0.000726 0.001670 0.002306 0.003797 -0.002117 0.001901 
0.032489 -0.002491 0.000715 -0.000019 0.002365 -0.004357 0.002402 0.002313 
0.000945 0.002759 0.001925 0.002255 0.001237 0.002611 0.003811 -0.001621 
0.044026 0.000648 0.000195 -0.004566 -0.000013 -0.000182 0.001646 0.000085 
0.002895 0.001083 0.002904 -0.002936 -0.003148 0.001012 0.000867 -0.002649 
0.041258 -0.003483 0.003666 -0.002523 0.000161 0.003266 -0.002488 -0.001139 
0.010363 0.010672 -0.000995 -0.001810 0.000352 0.001978 -0.001763 0.001056 
0.035197 0.003530 0.002168 -0.005654 0.001967 0.000975 0.004538 0.000697 
0.020789 -0.000253 0.001552 0.001184 -0.005941 0.002959 0.000517 -0.000091 
0.017601 -0.003370 0.006457 -0.006033 0.005884 0.005397 0.007772 -0.002238 
0.059044 -0.018414 -0.002907 0.001040 -0.001296 -0.001308 -0.002034 -0.004378 
-0.160579 -0.011972 0.000065 -0.000079 -0.001619 -0.002237 0.000194 -0.002972 
0.032555 -0.006831 -0.001526 0.000204 0.000974 -0.000376 0.001327 -0.000688 
-0.092839 -0.002057 -0.000107 -0.000597 -0.000590 0.001587 0.001579 -0.003894 
0.012303 -0.002167 -0.000968 0.001388 -0.000047 -0.000196 0.002485 -0.000661 
-0.038057 0.002148 0.001753 0.002169 0.001850 -0.001324 0.001977 -0.003349 
-0.002960 -0.000159 0.000738 -0.000852 0.002399 -0.003537 0.001535 -0.003330 
0.013350 0.004619 0.000632 -0.002213 0.000333 -0.003588 -0.003199 -0.000195 
-0.018427 0.001537 -0.000560 -0.001086 0.003502 -0.001792 0.000886 -0.002888 
0.060177 -0.000948 0.001700 -0.001452 -0.000334 -0.002275 0.002793 -0.000235 
-0.031535 -0.003631 0.001004 0.001489 0.002254 -0.001176 -0.000825 -0.000352 
0.100893 -0.001165 0.000438 0.001692 0.000017 -0.001399 -0.002520 0.001963 
-0.044778 -0.009004 0.000268 -0.000050 -0.001786 0.002666 0.001726 -0.001694 
0.141057 -0.009064 -0.003762 -0.000049 -0.001300 -0.000785 0.000295 -0.000569 
-0.057266 -0.013164 0.001412 0.005556 -0.001635 -0.000387 0.000411 0.000751 
0.171344 -0.011535 -0.002466 -0.000340 0.002178 -0.001002 0.000425 0.000938 
-0.057256 -0.015041 0.002151 0.000911 -0.003218 -0.001773 -0.000879 -0.002495 
0.175976 -0.009925 -0.004268 0.001548 -0.002401 0.001422 0.002724 -0.002309 
-0.067178 -0.006259 0.000826 0.001884 0.000889 -0.001081 0.002165 -0.002451 
0.214002 -0.018804 -0.002249 0.003839 0.001676 0.001598 0.002221 0.002763 
0.023285 -0.008472 0.001789 0.001990 0.001793 -0.001113 0.004782 -0.001408 
-0.020077 0.002495 -0.000815 0.000690 -0.000199 -0.001810 -0.000973 0.003302 
0.012453 0.004853 0.001509 -0.001084 0.002527 0.003073 0.001165 0.000490 
-0.014645 0.002000 0.001487 0.001376 -0.000205 -0.001156 -0.001752 0.000488 
0.004537 0.001316 -0.001387 -0.000566 0.002266 -0.001351 0.001438 0.001895 
-0.008752 0.001345 0.002592 0.002470 -0.000161 -0.000503 -0.000298 0.002233 
-0.002704 0.003417 -0.001409 -0.002445 -0.001187 0.001398 -0.001994 -0.000130 
0.002247 0.001817 -0.000756 -0.002804 -0.000715 0.001932 -0.001992 0.001945 
-0.007744 -0.001806 -0.000879 -0.003926 0.000536 -0.000966 -0.004306 0.004068 
0.009071 0.002820 -0.000434 0.001367 -0.001708 -0.001491 0.001947 -0.001352 
-0.009539 0.002111 0.001873 -0.000212 0.001848 -0.001250 -0.001646 -0.002456 
0.012500 0.000617 0.001902 0.000333 0.001746 0.001225 -0.000538 -0.001378 
-0.015924 0.004049 0.000495 -0.003693 0.004980 0.000090 -0.004672 -0.001005 
0.017488 0.000697 -0.001481 0.000253 -0.000084 0.005610 -0.005427 -0.001789 
-0.015484 0.000399 -0.002986 -0.007214 0.002126 0.000983 -0.002330 0.003331 
0.015640 -0.001826 0.003641 0.000900 -0.006480 0.000215 0.002024 -0.002516 
-0.021109 0.002807 -0.003003 -0.007307 0.002893 0.001997 -0.001178 -0.005828 
0.011435 -0.003803 0.002278 -0.000176 -0.003979 0.004758 -0.000926 -0.004746 
-0.016897 0.023235 -0.000543 -0.014340 0.002677 0.000547 -0.006907 -0.002186 
0.061178 -0.005911 0.016259 -0.002111 -0.002563 0.013269 0.003875 -0.005840 
0.027579 -0.005850 0.004106 0.000134 -0.000922 0.000918 -0.001909 0.002476 
-0.018261 0.001127 -0.000472 0.002871 0.002085 -0.003585 0.003251 -0.001010 
0.020370 0.001148 0.000438 -0.001771 0.001172 0.002287 -0.000697 0.001467 
-0.009507 0.003308 0.004058 0.000923 0.001123 -0.000965 0.005169 0.001609 
0.011591 -0.001378 0.002178 -0.000871 -0.002041 0.002508 0.004257 0.001974 
-0.003071 0.004714 0.000343 -0.003404 -0.002699 -0.001429 0.002269 0.000070 
-0.000756 0.004784 -0.001224 0.000829 -0.002168 -0.001177 0.000432 -0.000612 
0.005282 -0.000857 0.000037 -0.001732 -0.000891 0.001343 0.000599 0.000207 
-0.010696 0.000367 0.003367 -0.002270 0.001042 0.002209 -0.002046 -0.001907 
0.005992 0.005744 0.000860 0.001800 0.001130 0.000897 -0.003274 0.001642 
-0.018437 -0.000133 -0.000016 -0.002608 0.001442 0.001442 -0.003613 0.002760 
0.017349 -0.004199 0.001749 0.002639 0.000280 0.000640 0.001230 0.000709 
-0.022520 0.000505 -0.001459 -0.005268 0.002850 0.001558 0.001231 0.003031 
0.015759 -0.000061 0.006708 -0.000278 0.001301 0.005879 0.001241 0.003492 
-0.028980 0.002525 -0.001861 -0.003838 0.004854 -0.002007 -0.001002 -0.000948 
0.014404 0.003936 0.007229 -0.001941 -0.005332 0.006929 -0.000593 -0.001141 
-0.020500 0.009111 0.000615 -0.006386 -0.002765 -0.001389 -0.001346 0.004861 
0.016018 0.003824 -0.000007 -0.002969 -0.005853 0.005845 -0.004166 0.005079 
-0.039130 0.034519 -0.009576 -0.001216 0.006082 -0.000747 -0.008037 0.006013 
0.015275 -0.004638 0.000501 -0.004134 -0.000575 0.005734 -0.001503 -0.007571 
0.024984 -0.005908 -0.000069 -0.002308 0.000164 0.000707 -0.000287 0.001169 
-0.013842 0.001858 -0.000253 0.000855 -0.000384 -0.000815 0.000813 0.001676 
0.021805 -0.002965 0.001838 0.001230 0.000835 -0.002506 0.003171 0.002903 
-0.009788 0.004968 0.002049 -0.001481 0.000165 0.000617 -0.001933 -0.003541 
0.010286 -0.002869 0.004235 -0.003750 0.000870 -0.002181 -0.000875 0.002104 
-0.006304 0.003628 0.002865 -0.001872 -0.001036 0.000525 0.000948 0.000593 
-0.000666 0.003618 0.003483 -0.000324 0.002171 -0.002947 0.000439 0.002999 
0.001418 -0.000247 0.001208 0.001430 0.000379 0.002089 -0.000329 -0.001788 
-0.010726 0.000268 -0.001049 -0.001587 0.003674 -0.001879 0.001529 0.002363 
0.009470 0.004020 0.001237 0.001158 0.000291 0.000354 -0.003430 0.002500 
-0.022034 0.001700 0.000782 -0.001421 0.001132 -0.001147 0.001577 0.000446 
0.007727 0.001656 0.006294 0.001243 -0.001442 0.001739 0.002412 0.001472 
-0.023354 -0.000839 -0.001443 -0.005443 0.000931 -0.003136 -0.002951 0.001587 
0.009516 0.001200 0.001821 -0.002417 -0.003094 0.003835 -0.005281 0.005606 
-0.021310 -0.001689 -0.001290 -0.001941 0.002631 0.001901 0.002400 0.001281 
0.012085 -0.001151 0.001200 -0.001445 -0.005330 0.005363 -0.002071 0.004887 
-0.019629 0.004712 0.001118 -0.006868 0.006383 0.001128 -0.006291 -0.000784 
0.014710 0.002933 0.002716 0.002954 -0.006653 0.008234 0.001279 -0.005749 
-0.043367 0.054250 -0.012848 -0.001262 0.004396 -0.002807 0.003565 -0.002709 
-0.000339 -0.001136 0.005741 0.004295 -0.004471 0.007057 0.002312 -0.002370 
0.024195 -0.004976 -0.000886 -0.001090 -0.000941 0.003368 -0.000662 -0.000131 
-0.007736 0.006054 0.002739 -0.000658 0.004846 0.001495 -0.001981 0.003455 
0.014329 -0.000003 -0.000955 0.001398 -0.001174 0.000350 -0.003758 0.003325 
-0.010627 0.001766 0.002793 -0.002708 -0.002369 -0.000707 0.001968 0.001402 
0.006260 -0.002496 0.000007 0.001089 -0.001822 -0.001420 -0.001694 0.001160 
-0.004130 0.001694 -0.002425 0.000436 0.001426 0.001254 -0.000035 0.000491 
-0.000585 0.002336 0.002172 -0.004634 0.002486 0.001448 0.001988 -0.002584 
0.001318 0.001901 -0.003040 0.000051 -0.000916 -0.001063 -0.001546 -0.000672 
-0.008635 -0.000417 0.000237 -0.001433 0.003988 -0.000946 -0.000702 -0.000883 
0.006598 0.004882 0.001126 -0.000315 -0.001415 -0.002062 0.001861 0.002688 
-0.014956 0.000545 -0.001676 0.001745 0.002843 0.001706 -0.002694 0.000002 
0.006265 -0.001866 -0.000588 -0.001080 -0.002249 0.000498 -0.001203 0.002604 
-0.022258 0.004337 -0.002498 -0.001497 0.000915 -0.001069 0.005082 -0.003362 
0.006054 0.001584 0.005104 -0.000418 0.000616 0.001188 -0.005959 -0.001431 
-0.022694 0.002776 -0.007687 -0.000386 0.003369 -0.001589 -0.000096 0.002165 
0.003894 0.001151 0.002898 -0.000016 -0.002199 -0.000441 -0.001432 -0.002011 
-0.026641 0.010995 -0.001902 -0.005056 0.002329 -0.001371 -0.001244 -0.000385 
0.006281 0.004669 -0.000149 -0.001340 -0.002775 0.006258 0.003366 0.000381 
-0.039407 0.019071 -0.007513 -0.006375 0.008631 -0.006931 0.000102 -0.004343 
0.005402 -0.005678 0.006339 0.002745 0.000843 0.000953 -0.000697 0.001760 
0.022948 -0.002953 -0.002361 0.001436 0.008299 -0.000538 -0.001164 0.001519 
-0.013466 0.001427 -0.001131 0.000094 -0.002558 -0.000979 0.002161 0.000669 
0.017561 -0.005161 -0.000467 0.002773 0.002249 -0.001921 -0.001091 -0.000767 
-0.012363 0.000655 0.001673 -0.002345 0.002881 0.001143 -0.001231 0.001280 
0.006701 -0.001885 0.000250 -0.000133 0.000598 -0.000951 -0.001475 -0.000588 
-0.000951 0.003165 -0.002292 0.002073 -0.001150 -0.001299 -0.000196 0.001106 
-0.001499 0.000296 -0.000818 -0.003113 0.000478 0.001250 -0.001590 0.001933 
0.002645 0.002293 0.001888 0.001638 -0.001833 0.000481 0.000952 -0.001385 
-0.010173 0.005650 -0.003028 -0.005359 0.000393 0.000265 0.000103 -0.001456 
0.005818 0.003827 -0.001013 -0.000720 -0.002617 -0.000078 -0.000118 0.000182 
-0.010410 -0.000271 0.000255 -0.001811 0.001388 0.000203 0.000356 0.001189 
0.008566 0.003111 0.003958 -0.001214 -0.003879 0.002510 -0.002931 0.003009 
-0.012942 0.002070 -0.003451 -0.004107 0.007080 0.003404 0.002162 0.002330 
0.008845 -0.000031 0.003103 0.000524 0.000140 0.002567 0.002639 0.002175 
-0.019399 0.002567 0.000951 -0.001445 0.003218 -0.000535 -0.004064 0.007008 
0.014071 -0.001202 0.001807 0.001147 -0.003555 0.002474 -0.000846 -0.003471 
-0.020904 0.000831 -0.001385 -0.003575 0.006158 -0.003630 -0.000214 -0.000277 
0.004643 0.005581 0.003419 -0.000642 -0.001262 0.001346 0.000615 0.001260 
0.014113 -0.001813 0.002583 -0.004156 -0.000242 0.000377 0.002126 -0.000023 
0.020042 0.000084 0.002363 0.004990 -0.005258 -0.000032 0.003360 -0.008240 
0.017548 -0.000503 -0.002462 0.000404 -0.000342 0.001436 0.001549 -0.003004 
-0.006012 -0.003558 -0.001945 0.001170 0.000789 0.000142 -0.000574 0.000714 
0.010968 -0.001869 0.000376 -0.003393 -0.000454 0.000387 -0.001052 0.000049 
-0.005844 -0.001387 0.001754 -0.000205 -0.000337 0.001217 0.000449 -0.000290 
0.010024 0.000482 -0.001660 -0.002880 -0.001066 -0.000805 0.000896 0.000957 
-0.000642 -0.001903 -0.001239 0.002086 0.000179 0.000586 -0.000285 0.003087 
0.002415 0.002012 -0.002394 0.003003 -0.000747 -0.001344 -0.002846 -0.002380 
0.000993 0.001883 0.002918 -0.000098 -0.002453 0.001300 -0.001921 -0.000777 
-0.005974 0.003752 0.001845 0.001545 0.005345 0.000053 -0.000434 -0.000308 
0.002631 0.001278 0.001479 0.001422 -0.001862 -0.003734 0.002844 0.000982 
-0.018536 -0.000470 -0.001912 -0.000901 0.000951 -0.001523 0.001904 0.002704 
0.005118 -0.003431 0.006192 -0.002239 0.001458 -0.001919 0.002080 -0.001157 
-0.015635 0.001854 -0.001015 -0.003597 0.004831 -0.001943 0.003927 0.000783 
0.006828 -0.003579 0.003812 -0.002794 -0.000919 0.005845 0.001649 -0.000423 
-0.015258 0.003657 -0.002698 -0.004063 0.004428 -0.004002 0.011173 0.004576 
0.003221 -0.000943 0.005485 -0.000450 -0.001352 0.002992 0.000941 0.003883 
-0.008208 0.002585 0.004155 -0.001565 0.006082 -0.001996 0.003412 0.001134 
0.002204 0.005338 0.004069 -0.000269 -0.004294 0.001817 -0.000730 -0.000114 
0.022385 0.023893 -0.001168 0.000278 0.005453 -0.002605 0.002398 -0.003745 
-0.010241 -0.002893 0.011754 -0.005304 0.000165 -0.003907 0.000845 0.003412 
0.010440 0.001213 0.001449 0.002678 -0.002311 0.001733 0.002632 0.000632 
-0.005938 -0.003853 -0.000845 0.002105 -0.001608 -0.003531 0.000924 0.000500 
0.006877 -0.000451 0.001950 -0.000196 0.000672 0.003564 -0.002082 0.005296 
-0.002931 0.002693 0.003010 -0.001771 0.004931 0.000917 -0.001252 0.000824 
0.005109 0.004750 -0.000975 0.000464 -0.000896 -0.000390 0.000438 -0.004069 
-0.002358 -0.002745 0.002745 -0.000674 0.003281 0.001218 -0.003109 0.002549 
-0.001150 -0.003331 0.002316 0.000888 -0.001513 0.000059 -0.001263 0.000851 
0.000816 0.000585 0.003281 -0.000067 -0.000716 -0.001353 -0.002250 0.000511 
-0.004182 0.001794 0.002281 -0.001750 -0.003195 -0.002640 0.001289 -0.002461 
-0.002973 0.001026 -0.000223 -0.000895 -0.000379 -0.001216 0.000331 -0.003854 
-0.005426 0.003204 -0.003003 -0.001978 0.002193 -0.005729 0.000774 -0.000050 
0.008465 0.002148 0.000768 -0.003546 -0.002127 0.004453 0.000327 -0.001336 
-0.007546 -0.001123 0.002685 -0.001647 0.000943 0.003442 -0.001029 -0.004195 
0.007272 -0.002775 0.003137 0.001376 -0.000651 -0.000335 -0.002209 0.001949 
-0.009131 0.000358 0.000570 -0.000314 0.003612 0.001780 -0.001440 -0.002885 
0.001625 0.005281 -0.001201 -0.002626 0.001417 0.004600 0.003599 -0.002402 
-0.008176 0.005161 0.002166 -0.002311 -0.002158 0.005380 -0.007158 -0.003236 
0.008548 -0.001536 0.004960 -0.003961 -0.000071 0.000882 -0.002785 -0.002702 
-0.020911 0.012133 -0.001032 -0.007403 -0.000246 0.003665 0.002504 0.002019 
-0.017842 0.001779 0.005457 -0.008959 -0.002632 -0.005639 0.002580 -0.001602 
0.009204 -0.002887 -0.000335 0.000992 0.002429 0.001036 0.000573 0.002327 
-0.009980 -0.000857 0.000484 -0.000650 -0.002288 0.000762 0.001720 0.002126 
0.004267 -0.001611 0.000124 -0.003194 -0.001587 -0.000293 0.002511 0.000700 
-0.005746 -0.000974 0.001507 -0.001563 0.000347 0.000271 -0.004507 0.001588 
-0.001641 0.001543 -0.001463 -0.000030 -0.001256 -0.000131 0.001615 -0.002338 
0.000886 -0.001203 -0.003892 -0.000705 -0.000751 0.001036 0.000082 0.000673 
-0.002425 -0.000707 0.000535 0.001405 0.001615 0.000877 -0.000515 -0.006969 
0.000525 0.000354 0.003732 0.000190 -0.000539 0.000549 0.001034 -0.002709 
-0.001804 -0.002414 0.001436 -0.001893 -0.003789 0.006175 0.000657 -0.002373 
-0.000408 -0.007663 -0.000046 0.001486 0.001367 -0.000238 0.000393 -0.000456 
-0.009566 -0.000772 -0.002693 0.000851 0.006057 -0.000350 -0.002349 0.003057 
0.006565 0.001504 -0.001019 -0.006341 -0.001983 0.000689 0.001527 -0.002193 
-0.001943 -0.000735 -0.005954 -0.002508 0.003098 0.001920 0.001033 -0.000406 
0.005524 0.000258 0.001441 0.004009 -0.000008 0.000802 -0.004028 -0.000530 
-0.004357 -0.000211 -0.001217 -0.001510 0.003168 0.002127 -0.000596 -0.002080 
0.007454 -0.001417 0.002316 0.000999 -0.004323 0.000726 0.002510 -0.000737 
0.000607 0.004689 0.003142 0.003501 0.000772 0.000826 -0.000801 -0.001891 
0.010927 0.002754 -0.002026 -0.001131 -0.000300 0.003541 -0.001035 -0.005681 
0.006936 0.014364 0.000108 -0.004654 0.005279 0.000807 0.001360 0.001540 
0.035818 0.007184 -0.000578 0.002878 0.004063 0.005717 -0.000210 -0.002719 
0.002077 -0.000312 0.002371 -0.002268 0.000886 -0.003243 -0.004660 0.002606 
-0.009630 -0.001945 -0.000284 -0.003197 0.001742 -0.000424 -0.000702 -0.002249 
0.001353 -0.000232 0.004808 0.000563 0.002433 -0.000876 0.000766 -0.000615 
-0.004769 -0.000402 -0.002873 -0.003089 0.001442 0.000120 0.001757 0.003876 
0.000112 0.000620 -0.000340 0.003145 -0.002559 -0.000864 -0.000920 0.001580 
-0.003244 0.002812 0.005410 0.000626 0.001159 0.000247 -0.003370 -0.001473 
-0.002106 -0.000926 0.000775 -0.001674 0.002134 -0.000915 0.000179 -0.000895 
0.003138 -0.001729 0.000880 -0.002082 0.003310 -0.002744 0.001090 0.001262 
0.000543 -0.001873 -0.000207 -0.001383 0.002768 -0.002009 0.000344 -0.000657 
0.007897 0.001624 -0.001310 -0.002772 -0.002980 -0.000464 -0.001804 0.000294 
-0.007127 0.006496 0.001416 0.003610 0.004573 -0.000710 0.000966 -0.000054 
0.003256 -0.001852 0.001211 -0.001898 0.000810 0.000349 -0.000773 -0.003503 
-0.002565 -0.002478 -0.000603 -0.000167 0.002683 0.000804 0.000681 0.000567 
0.006980 -0.002220 0.004118 -0.000319 -0.001501 0.001632 0.000061 0.001578 
-0.004219 0.004947 0.001477 -0.002930 0.003392 0.004278 0.003250 0.000867 
0.010333 -0.001385 0.001555 0.003455 -0.007329 0.001012 0.000863 -0.005197 
-0.007939 0.000416 -0.003000 0.001264 0.002422 -0.002702 -0.002994 -0.003833 
0.011117 -0.004312 0.004217 -0.008069 -0.003789 0.002161 -0.001315 -0.003463 
-0.005962 0.000201 -0.000477 -0.004626 0.002051 0.006395 -0.004676 0.005576 
-0.013191 -0.001600 0.005102 0.001125 0.002626 0.006342 -0.001270 -0.006159 
0.000049 0.001203 -0.000240 0.001038 0.000688 0.002751 -0.002100 -0.001692 
-0.002147 0.004932 0.000831 -0.003200 0.002981 -0.003906 -0.000942 0.001063 
0.003073 -0.000215 -0.002572 0.001310 0.006842 0.003906 0.003291 0.000099 
-0.004200 0.002179 -0.000429 0.004877 0.000304 0.000664 -0.001346 0.000571 
0.002312 0.001828 0.000354 -0.002819 0.001248 -0.002149 -0.001972 -0.000393 
-0.002284 0.001446 0.002242 -0.000492 -0.000097 -0.001357 -0.000947 0.000280 
-0.004448 -0.001462 0.002099 -0.005645 -0.001340 -0.002259 0.001249 -0.000998 
-0.002770 0.002362 -0.001175 0.001380 0.001859 0.008359 0.001095 -0.004913 
0.006168 0.000854 0.001649 -0.000117 -0.000078 -0.000947 0.001082 -0.000063 
0.004274 0.000680 0.003440 -0.002523 0.000721 0.002333 0.000279 -0.003424 
-0.001943 0.000020 0.002902 -0.003305 0.000883 -0.001850 -0.000463 0.000444 
0.003375 0.002802 0.002312 -0.000392 -0.000333 -0.001404 -0.000051 -0.001567 
-0.000433 0.001538 0.005448 0.000031 0.004727 0.002621 0.000823 0.000919 
0.010188 0.000701 -0.000831 0.000960 0.001051 0.004510 0.002088 -0.000309 
-0.009869 0.003152 0.001139 -0.000545 0.001745 -0.000231 0.004780 0.003720 
0.004582 0.001270 0.005070 0.001748 0.000667 -0.000866 -0.001039 -0.002024 
0.004900 -0.006383 -0.003055 -0.003468 0.002118 0.003918 0.003049 -0.002205 
-0.004915 0.000365 -0.000221 0.003736 0.000229 0.001743 0.000138 -0.007680 
0.028050 0.021630 0.003756 -0.003690 -0.002096 0.004820 0.000253 0.000899 
0.005432 0.012946 0.001775 -0.006494 -0.006430 0.002920 0.002045 -0.000309 
0.002461 -0.002465 -0.001236 0.000875 0.000665 -0.000347 -0.001095 -0.002054 
-0.010019 0.001290 0.002799 -0.000211 0.001379 -0.000060 0.000645 -0.002492 
0.003755 -0.005638 -0.002460 0.001210 0.000628 0.001167 -0.003349 0.000823 
-0.007271 -0.003235 0.003572 0.001139 -0.001048 0.002931 -0.000845 0.000099 
0.003876 0.001270 -0.001529 0.001421 0.000060 -0.004360 -0.001005 -0.001266 
-0.000546 0.002551 -0.000025 -0.001671 0.000315 0.000069 0.001901 0.001926 
0.001163 0.005143 0.001402 -0.003394 0.002586 0.001298 0.004403 -0.003468 
0.004261 -0.000969 0.002291 -0.001712 -0.002164 0.003021 0.000045 0.001619 
-0.001998 -0.001149 0.000005 0.003672 -0.000860 0.002315 -0.001138 -0.006228 
0.003502 -0.005578 -0.002139 -0.004003 -0.001347 0.004111 -0.002552 -0.000719 
-0.005616 -0.000445 -0.001411 -0.000714 0.001570 -0.001885 0.002081 0.003567 
0.005723 0.001801 0.001531 -0.001890 -0.000327 0.003138 0.001508 -0.002672 
-0.003164 -0.002100 -0.000114 0.001592 0.002480 0.004217 -0.004357 -0.000300 
0.006935 0.004504 0.000679 0.001176 -0.000134 0.003408 0.001037 0.000478 
0.001350 -0.005335 -0.004529 -0.006193 0.002575 0.002646 -0.000510 -0.004031 
0.005256 0.000014 0.002561 0.003034 0.001608 0.002142 0.001138 -0.002146 
0.015131 0.014101 -0.005050 -0.003057 0.000097 0.006384 -0.003475 -0.001090 
0.009904 0.003855 0.003089 -0.001616 -0.005616 0.003348 0.005068 -0.000821 
0.012922 -0.029657 -0.005208 -0.005249 0.007906 0.001626 -0.000107 -0.001499 
0.016369 0.001552 0.004056 -0.001990 -0.005922 0.004887 0.005240 0.002947 
-0.005365 -0.004461 0.002728 -0.002563 0.000934 0.000548 0.001845 0.001707 
-0.017339 -0.001413 -0.000343 -0.004318 0.001775 -0.001055 0.001674 0.002971 
-0.000766 -0.004971 -0.001317 0.000044 0.001542 0.000267 -0.004337 0.002416 
-0.011144 -0.002501 -0.003666 -0.000165 0.003706 -0.002113 0.000740 0.002034 
0.000880 -0.002827 0.000928 -0.003165 0.002148 0.000437 0.002618 0.001578 
-0.004988 -0.000308 -0.001890 -0.000367 -0.000097 -0.000752 -0.000715 0.003243 
0.000311 0.002701 -0.000776 -0.000816 0.000673 0.000633 0.002898 0.000034 
0.001147 0.000954 0.001194 -0.001524 0.003029 0.005067 0.000897 -0.000054 
-0.000553 0.006156 0.001147 -0.002820 0.002794 -0.002141 0.002524 -0.001014 
0.005159 0.001513 -0.001217 -0.001450 -0.002703 0.002499 -0.000140 0.000307 
0.004129 0.002275 -0.002114 -0.000826 0.003770 0.002374 0.000315 0.000211 
0.009697 -0.003524 0.000191 -0.001475 -0.000951 0.001688 0.001440 -0.002273 
0.004921 0.009603 -0.002066 -0.004854 0.004795 -0.001101 0.002394 -0.002013 
0.011944 -0.003144 -0.002003 0.000300 0.002287 0.006325 0.001888 -0.000056 
0.000345 0.003052 -0.000174 -0.007964 0.003024 0.000608 -0.002577 -0.001866 
0.018720 -0.001836 -0.000952 -0.002414 -0.000484 0.007726 -0.008216 -0.000379 
0.008052 0.005438 -0.000652 -0.008940 0.000142 0.003079 -0.000978 -0.002411 
0.016242 -0.003395 0.003093 -0.000791 0.000915 0.005992 0.004493 -0.000592 
0.039079 0.029350 -0.005784 0.000426 -0.002948 -0.004630 0.003241 0.000904 
0.025889 -0.000154 -0.000188 -0.008526 -0.001721 0.014314 0.012563 -0.005000 
-0.003373 -0.007386 0.005740 -0.000650 -0.002644 0.005566 -0.000671 -0.002258 
-0.035674 -0.001588 -0.000111 -0.005326 0.002021 -0.000958 -0.001430 -0.001857 
-0.003203 -0.009304 -0.000999 0.001687 -0.003172 0.001159 -0.003271 0.004843 
-0.017763 0.001246 0.000429 -0.002662 0.003156 0.004967 -0.001848 0.000068 
0.000290 -0.004845 0.002746 -0.001803 -0.005266 0.002136 0.000800 -0.000348 
-0.008901 -0.003498 -0.000696 -0.004860 0.004124 0.000075 -0.002110 0.002524 
-0.000216 0.000429 0.004229 -0.004020 -0.003752 0.000479 -0.000544 0.001735 
0.006377 0.000574 0.004631 -0.001554 0.004512 0.001923 0.000015 0.001370 
0.000183 0.002817 -0.002101 -0.002646 -0.003475 -0.003337 0.000419 0.000877 
0.015099 -0.005214 0.002179 -0.005355 0.006198 0.001500 0.001600 -0.001604 
0.004921 0.000391 0.002864 -0.002368 -0.004236 0.001487 -0.003193 -0.000215 
0.025000 -0.004812 -0.003909 -0.008348 0.002775 0.002125 0.002920 -0.003753 
0.004773 0.010253 0.004638 0.000492 -0.002196 0.004892 -0.001305 -0.002076 
0.039946 -0.003607 0.002766 -0.011523 0.002989 -0.002366 -0.003096 -0.001247 
0.015854 0.006541 0.000954 -0.002372 -0.009118 0.001152 -0.004548 0.000373 
0.040785 -0.007401 0.005263 -0.011178 0.003897 0.000743 0.006328 -0.004503 
0.016857 0.015602 0.004680 -0.004129 -0.012182 0.005039 -0.008476 -0.002699 
0.048832 -0.005893 0.002965 -0.021696 0.003688 0.001788 0.004091 -0.000327 
0.003387 0.016738 0.000013 -0.009199 -0.009192 0.004460 -0.001952 0.003891 
0.030951 -0.013102 0.007709 -0.019331 0.003200 -0.002567 -0.001815 -0.006136 
-0.008070 -0.008895 0.002948 0.005389 -0.002116 0.002406 0.000292 0.000314 
-0.051068 0.001744 0.007095 0.000795 0.000319 0.006141 0.004097 0.003039 
-0.003013 -0.006063 0.000581 -0.000471 -0.002749 0.004534 0.003107 0.000034 
-0.029122 -0.000461 0.005976 -0.002583 0.003753 0.006109 -0.001295 0.000458 
-0.003001 -0.005055 -0.001438 0.003856 -0.005025 0.010420 0.005657 -0.002416 
-0.012297 -0.002306 0.008896 -0.003224 0.005948 0.010652 -0.000972 -0.005254 
-0.001465 -0.001393 -0.003843 -0.000711 -0.006321 0.004913 0.001565 0.000643 
0.008500 -0.003437 0.008149 -0.007679 0.006973 0.008665 0.003066 0.001188 
0.003152 -0.000273 -0.002099 -0.000468 -0.008832 0.007902 0.001170 0.003987 
0.024516 -0.005284 0.008461 -0.007387 0.005031 0.011957 -0.002515 -0.001637 
0.004028 0.001149 0.002259 -0.002676 -0.009868 0.008823 0.001663 0.002048 
0.043803 0.000689 0.016109 -0.005369 0.009054 0.012045 0.004452 0.003319 
0.008420 -0.001460 0.000697 -0.001810 -0.008228 0.010564 0.006284 0.002937 
0.057404 0.002201 0.018253 -0.009599 0.014881 0.011363 0.001967 -0.004528 
0.010394 0.000291 0.003243 -0.006086 -0.015819 0.008622 0.004119 0.002681 
0.063416 -0.001069 0.023019 -0.013296 0.011738 0.015581 0.010213 -0.003496 
0.008751 -0.002103 -0.000025 -0.001500 -0.011331 0.017649 0.003791 -0.000287 
0.062885 0.005531 0.030148 -0.012632 0.019690 0.022698 0.006096 -0.007533 
0.021883 -0.009948 0.006864 0.003995 -0.023611 0.021446 0.011376 0.002109 
0.046129 0.000702 0.028634 -0.013908 0.022300 0.017235 0.014694 0.005289 
0.008901 0.013895 0.010007 -0.000895 -0.000927 0.008218 0.016424 0.004264 
-0.033140 -0.039005 0.017501 -0.008124 0.018091 0.008982 0.003678 -0.007306 
0.003015 0.001932 0.020040 -0.006981 0.003209 0.004070 0.016837 0.008278 
-0.011725 -0.041887 0.016848 -0.010323 0.026232 0.017953 0.004784 -0.002343 
0.006106 0.002562 0.015174 -0.008335 0.002317 0.007408 0.021868 0.008509 
0.018018 -0.040749 0.024527 -0.004634 0.028200 0.024365 0.002446 -0.004507 
0.011900 0.008180 0.023949 -0.011899 0.002680 0.007145 0.020264 0.018122 
0.034347 -0.044076 0.026939 -0.004180 0.024096 0.021847 0.006426 -0.006810 
0.011454 -0.004853 0.015595 -0.013826 0.004088 -0.000265 0.014666 0.013644 
0.049920 -0.038762 0.030227 -0.008377 0.026395 0.025802 0.000355 -0.005172 
0.012656 -0.003207 0.019978 -0.019647 0.005508 -0.003401 0.017017 0.012067 
0.069192 -0.039349 0.035035 -0.007010 0.031478 0.032301 0.008796 -0.001127 
0.015927 -0.002356 0.027949 -0.024659 0.009758 -0.002979 0.016190 0.016403 
0.082104 -0.048146 0.039383 -0.003800 0.028361 0.036365 0.002308 0.002655 
0.017219 -0.012373 0.017388 -0.027294 0.011374 -0.002024 0.020211 0.015007 
0.089407 -0.048905 0.043838 -0.009653 0.035398 0.034296 0.006334 0.000608 
0.023150 -0.006918 0.027558 -0.027631 0.015472 -0.006701 0.018025 0.023750 
0.096827 -0.031615 0.053066 -0.008376 0.046975 0.038327 0.016500 -0.005972 
-0.007801 0.009628 0.030352 -0.013935 0.021421 0.002870 0.008211 0.016000 
0.087288 -0.037453 0.071357 -0.005657 0.032876 0.025733 0.013396 -0.001692 
-0.042014 0.002229 0.001957 -0.000740 0.000325 0.001110 -0.000306 -0.000826 
0.016424 0.001225 -0.000553 0.002504 -0.002146 0.002777 -0.001897 -0.000628 
-0.033167 -0.001805 -0.003053 -0.000860 0.002984 -0.000901 0.004062 0.003415 
0.017647 -0.002365 0.002479 -0.001098 0.000182 -0.000892 -0.002356 0.004955 
-0.014993 -0.002699 -0.001234 -0.000176 0.001389 0.000742 -0.000411 0.002235 
0.004494 -0.002108 -0.000702 0.002285 -0.000426 -0.000090 0.001578 0.000101 
0.006178 -0.002890 0.002670 -0.001399 0.002713 -0.000162 0.001271 0.003415 
0.001197 0.003972 0.000668 0.005529 -0.004256 0.002507 0.000506 -0.002489 
0.022535 0.000961 0.000192 -0.001778 -0.001270 0.000223 0.002525 0.000366 
-0.004434 -0.003944 0.000040 -0.000327 -0.000997 0.002837 0.003839 0.000087 
0.037393 0.002815 0.001926 0.001331 -0.003309 -0.003557 0.000676 0.000031 
-0.018406 0.000065 0.001592 -0.000037 -0.000379 -0.003300 -0.000486 -0.001293 
0.045306 -0.002854 0.000254 0.001242 0.001129 -0.002513 0.002856 0.002003 
-0.016418 0.001230 0.001153 -0.000701 -0.001314 0.002676 -0.003670 -0.000680 
0.049712 0.007333 -0.000823 0.003833 -0.000633 0.000356 -0.000864 -0.002014 
-0.019858 -0.004121 -0.005745 -0.003080 0.000638 -0.000560 -0.001653 -0.000022 
0.053001 0.005542 -0.000105 -0.001865 -0.000121 0.000844 -0.000187 0.000151 
-0.012536 0.000999 0.000184 0.000406 -0.001461 -0.000582 -0.000338 -0.000848 
-0.005730 -0.021265 0.005054 0.001302 -0.001353 0.000488 0.000873 -0.000006 
-0.038544 0.001070 0.000366 -0.003392 -0.001332 -0.001378 0.000886 -0.002626 
-0.017232 0.002573 0.001930 0.000064 -0.000099 -0.000208 0.004174 0.000037 
-0.008396 0.005700 -0.000872 0.000214 0.001812 0.000433 -0.002043 0.003748 
-0.009626 -0.001048 0.000417 0.001248 -0.000885 0.001272 0.002908 -0.005607 
-0.004414 0.003431 -0.001472 -0.003667 0.002957 -0.000184 -0.003245 -0.000951 
-0.007780 -0.002903 0.001422 0.000521 0.001269 0.001975 0.006201 -0.002697 
-0.004441 0.002611 -0.003643 0.002449 -0.002946 -0.004693 -0.004558 0.000418 
0.002819 0.002767 0.001381 0.000972 -0.000029 0.002673 0.004813 -0.004170 
0.001749 0.003747 0.000662 0.000604 -0.001690 0.002059 -0.003005 0.003954 
0.000305 0.003088 0.002234 -0.004537 0.001514 0.003290 0.007668 0.002939 
-0.000556 0.002922 -0.000241 0.001663 0.000283 0.004206 -0.002312 0.000544 
0.005979 0.004720 -0.001348 -0.001583 -0.001312 0.002570 0.005102 -0.000443 
0.000773 0.006508 0.000663 -0.001563 0.004356 -0.001027 -0.003550 0.001185 
0.009073 0.004593 -0.000139 -0.005412 0.003354 0.004647 0.006356 0.000188 
0.004896 0.003267 -0.000998 -0.000742 -0.000846 0.000455 -0.007102 0.004567 
0.015262 0.004630 0.002941 -0.006241 0.004798 0.011456 0.009620 0.000956 
0.001816 0.006510 0.002968 -0.001304 0.002404 -0.008532 -0.004950 0.002702 
0.020132 0.006391 -0.000112 -0.006986 0.006888 0.009083 0.019928 0.001934 
0.002009 0.005552 0.001626 -0.001797 0.007884 -0.000382 -0.003804 0.000837 
0.028505 0.007196 0.005267 -0.017484 0.007091 0.016885 0.021901 0.014409 
0.018277 0.010430 -0.001368 -0.001538 0.006884 0.009878 -0.004310 0.011269 
-0.044807 0.001327 0.001245 -0.000786 0.000235 -0.001295 -0.002065 -0.001923 
0.014932 0.002236 0.000392 0.000134 -0.000162 0.002729 -0.001831 -0.001569 
-0.035097 -0.001091 -0.003981 -0.000073 0.002826 -0.002660 0.000191 0.001816 
0.016775 -0.001322 0.002526 -0.003261 0.001669 -0.000915 -0.001953 0.005574 
-0.016091 -0.002898 -0.001463 -0.000326 -0.001192 -0.000772 0.001288 -0.001608 
0.003300 -0.001854 -0.000443 0.002428 0.001897 -0.000594 -0.001732 0.000975 
0.007595 -0.002962 0.002731 0.000805 0.003120 -0.000549 -0.001840 0.002993 
0.001807 0.004242 0.001140 0.003732 -0.003149 0.004281 0.000286 -0.003821 
0.022280 0.000365 -0.000172 -0.001517 -0.001045 -0.000727 0.003869 -0.001011 
-0.005182 -0.003369 0.001230 -0.000658 -0.000116 0.003707 0.002128 -0.000530 
0.038129 0.002995 0.001321 0.000654 -0.000614 -0.002846 -0.000635 0.002674 
-0.016773 -0.000130 0.002891 0.002734 0.001290 -0.003786 0.000391 -0.001652 
0.047488 -0.003556 -0.000565 0.000575 -0.000083 -0.000273 0.001314 0.003830 
-0.014531 0.000859 0.000730 0.000308 -0.000403 0.000917 -0.004257 -0.000121 
0.052618 0.006595 -0.000669 0.002344 -0.001287 0.001902 -0.001583 -0.002716 
-0.018783 -0.002870 -0.006366 -0.002274 -0.001132 -0.001304 -0.004057 -0.002311 
0.056873 0.006338 0.000376 -0.001462 -0.000426 0.000913 0.000659 -0.000565 
-0.011659 0.001556 0.001720 0.001937 0.001218 -0.000710 -0.000640 -0.002717 
-0.000545 -0.022339 0.004689 0.001727 -0.003459 0.000581 0.001472 -0.000228 
-0.033606 0.000712 -0.000228 -0.003189 -0.002939 -0.001426 0.001390 -0.000783 
0.017994 0.004669 -0.002220 -0.000422 0.001313 0.001993 0.002663 -0.003689 
0.000584 -0.004404 -0.000266 0.003657 0.000566 -0.002182 -0.001942 -0.001827 
0.012410 0.002981 -0.000038 -0.002738 0.000818 0.000270 0.001308 0.002341 
-0.004076 -0.006463 0.000406 0.002071 0.001844 -0.001232 0.000097 0.000407 
0.004639 -0.001933 -0.000520 0.000051 0.002786 -0.001833 0.003953 0.002385 
0.001006 -0.000614 -0.001715 0.000461 -0.002355 -0.001914 -0.001613 -0.000812 
0.000105 -0.000535 0.001651 0.002631 -0.000857 0.001388 -0.001982 0.003844 
0.000278 0.000857 0.002276 -0.002720 -0.000434 -0.000410 -0.003383 -0.002738 
-0.004408 -0.004587 -0.001307 0.000026 -0.000446 -0.003198 -0.001394 -0.002276 
-0.002125 0.000506 0.003404 0.003120 0.002087 -0.005628 -0.000790 -0.000085 
-0.012860 0.004946 -0.002061 -0.002788 -0.000125 -0.004126 0.001737 0.004788 
-0.000444 0.003090 0.001285 0.004792 0.000040 -0.010169 0.002682 -0.000434 
-0.021744 0.001699 -0.004693 0.000091 0.000958 -0.012466 -0.000798 -0.003997 
-0.000038 -0.000031 0.000586 -0.000629 -0.000236 -0.025340 0.002435 0.002668 
-0.017493 -0.003480 -0.005513 -0.000013 -0.000594 -0.016204 0.002329 0.001572 
-0.002995 0.001645 0.001101 0.000830 0.003278 -0.036249 0.001149 0.003999 
-0.018016 -0.002791 -0.001027 0.001785 -0.003888 -0.030478 0.000660 0.001346 
-0.000227 -0.000766 0.005281 0.005808 0.000309 -0.042904 0.003574 0.002285 
-0.020999 0.005547 -0.000121 -0.002033 -0.006625 -0.038508 0.003751 -0.006183 
0.003202 -0.005107 0.005500 0.004597 -0.004127 -0.052294 0.009809 -0.007983 
0.007673 0.000259 -0.001769 -0.001560 0.003043 0.001140 0.003575 -0.002671 
0.008230 -0.003087 0.002119 -0.001894 -0.002091 0.001024 -0.003124 -0.001687 
0.008084 -0.000384 0.000205 0.000656 0.001496 0.004784 0.002476 -0.001002 
0.008801 -0.003489 0.000279 -0.002522 -0.000221 -0.000072 -0.000508 0.000811 
0.004770 0.000225 0.000117 0.000882 0.002961 -0.000840 0.002073 0.003486 
0.000657 -0.004167 -0.001357 -0.000043 0.003450 0.000434 -0.003345 0.002186 
0.001813 0.000384 0.001013 -0.001858 0.000302 -0.003717 -0.000850 -0.000153 
-0.006302 -0.003770 -0.002833 -0.001926 0.002733 -0.001638 -0.000595 -0.000939 
-0.003801 -0.002801 0.003468 -0.002345 0.003211 -0.001826 -0.000225 0.001392 
-0.001415 -0.005453 -0.000682 0.000900 0.001069 0.001474 -0.000228 -0.000561 
-0.007443 -0.000297 0.000791 0.004315 -0.000288 0.001704 -0.001861 -0.001933 
-0.008444 -0.005377 0.002327 -0.001258 0.003708 -0.001552 0.001797 0.000970 
-0.008819 -0.003274 -0.000686 0.001076 0.003480 -0.003725 0.000369 -0.000719 
-0.001190 -0.000383 -0.002357 0.003698 0.001970 0.001669 0.003113 0.005135 
-0.001998 -0.000034 0.001390 -0.002228 -0.000022 -0.003316 0.002842 -0.001126 
-0.008829 -0.004126 0.001805 -0.000609 -0.001430 -0.007554 0.002213 0.003188 
-0.010031 -0.002544 -0.002576 -0.001038 0.000704 -0.001123 0.003496 0.000498 
-0.016234 0.003225 0.001818 0.000109 -0.001010 -0.006218 0.004287 -0.002919 
-0.028867 0.001910 -0.003251 -0.001835 0.004087 -0.006854 -0.000157 -0.007455 
-0.033804 0.006690 0.000663 0.007815 -0.000832 -0.011730 0.000449 0.001023 
-0.043665 -0.001043 -0.002111 -0.001788 0.000266 0.002948 -0.000051 0.002388 
0.031293 -0.003086 -0.000605 -0.001810 -0.000725 -0.000199 -0.001217 0.003387 
-0.018535 0.000686 0.001173 -0.003098 0.000805 0.003186 -0.000680 0.004867 
0.011835 0.002812 0.001666 -0.002412 0.004036 -0.002198 0.000901 -0.001801 
-0.007395 -0.002346 -0.000018 -0.003797 0.003125 -0.001836 0.001293 0.003506 
0.002301 0.001021 -0.002094 0.001249 -0.001119 0.002424 0.000424 0.000629 
0.000869 0.000179 0.001345 -0.000429 0.002846 0.003215 0.000892 -0.000536 
0.003087 -0.000428 0.001128 0.002270 0.000542 0.001217 0.002170 -0.001884 
0.009294 -0.003331 -0.001968 -0.001991 0.000139 0.001600 -0.001286 0.000442 
-0.005873 -0.001498 0.001754 -0.001214 0.002305 0.001313 0.000082 0.000958 
0.020805 0.006312 0.002267 0.003973 0.003034 0.001153 0.002295 -0.001118 
-0.013325 0.000427 -0.000385 -0.000187 -0.001363 -0.002319 0.000625 -0.002574 
0.023326 0.003000 0.001237 -0.000532 -0.001909 0.001729 0.000513 -0.003542 
-0.019227 0.000753 0.001369 -0.001451 -0.000768 0.000159 0.002922 -0.001369 
0.030928 -0.003066 -0.000217 -0.004074 -0.000196 0.000360 -0.000002 0.001017 
-0.023353 -0.001142 -0.001697 0.001261 0.000333 -0.002410 0.002814 0.002254 
0.046190 -0.012401 -0.001838 -0.001014 -0.002047 -0.001625 -0.000245 0.003457 
-0.031405 -0.001666 -0.000799 -0.002269 0.000809 0.002382 -0.000988 0.000801 
0.065714 -0.013037 -0.002461 -0.002763 0.002360 -0.000020 -0.005569 0.002025 
-0.069252 -0.008349 0.005131 0.003632 -0.000128 -0.011293 -0.003165 0.001217 
-0.006367 0.001176 -0.000608 0.002330 -0.000477 0.000647 0.001885 -0.003396 
-0.001993 0.000018 -0.005132 -0.002138 -0.000081 0.001726 0.000165 0.001566 
-0.000789 0.000293 0.007497 0.002829 -0.008715 0.000176 0.002563 0.003153 
-0.001185 -0.001453 0.000508 -0.000514 -0.005115 -0.002367 -0.003995 0.002777 
-0.002703 0.001573 0.001709 0.002845 0.001186 0.000355 -0.005826 0.000118 
0.001521 0.000794 -0.003356 -0.000206 -0.000662 -0.000621 -0.002452 0.001229 
0.000894 -0.001358 0.001832 -0.000517 -0.001589 0.001860 -0.000145 -0.002539 
0.000910 0.001523 -0.002282 0.000543 -0.003128 0.000920 0.000223 0.000813 
0.002310 -0.002400 0.001595 0.002109 -0.000963 0.001656 0.002050 -0.001306 
-0.001203 0.001531 -0.000648 0.002008 0.002421 0.002361 0.000609 0.001132 
0.007162 -0.003140 0.000809 0.003184 -0.001242 -0.000463 -0.000681 -0.002374 
0.006176 -0.002051 0.001004 -0.001086 -0.004793 -0.003513 0.001766 -0.000148 
0.002996 0.003373 0.001181 0.001683 0.003352 -0.002617 -0.003129 0.001322 
0.001067 0.001503 -0.002026 -0.003101 -0.001307 0.002936 0.001368 0.001804 
0.003716 -0.000562 0.000121 0.001937 0.002705 -0.000059 -0.002411 0.000312 
0.004801 0.000156 0.003504 -0.000060 0.000820 -0.000330 0.001030 0.001385 
0.007434 0.001071 -0.000264 -0.000481 -0.000045 -0.003262 -0.002465 0.000347 
0.009301 -0.000543 0.003486 -0.004319 0.001007 -0.001510 -0.002165 0.001753 
-0.005980 -0.022727 0.000423 0.005520 0.001521 -0.003990 -0.006140 -0.000726 
0.003752 -0.002241 0.000344 -0.001148 0.003374 -0.000627 0.001643 0.000469 
0.006973 0.003669 -0.002009 0.000788 0.000791 -0.000644 -0.001184 0.001000 
-0.005628 -0.001487 0.001737 -0.002581 0.001848 0.002091 -0.000597 0.003087 
-0.000970 0.003055 0.002460 -0.000279 0.002568 0.000058 0.002712 0.000806 
-0.004979 0.001881 -0.001574 -0.000386 0.000620 0.002794 0.003090 -0.001660 
-0.000500 0.001959 0.001672 0.001228 0.002080 0.001546 0.000795 0.003407 
-0.003870 -0.002288 0.000448 0.004001 -0.001668 0.003699 -0.000261 0.000686 
0.004359 0.001516 -0.002659 0.001803 0.003213 0.002806 0.000869 -0.001884 
0.001475 -0.004926 0.002352 -0.001370 0.000276 -0.000161 0.000174 0.002282 
0.007154 0.000086 0.002743 -0.001971 0.001222 -0.001225 0.000527 -0.001716 
0.002272 -0.002480 0.000771 0.003004 -0.003699 -0.001633 0.000975 -0.000424 
-0.002594 -0.000319 -0.001979 0.000111 -0.004321 -0.000786 -0.000598 0.001418 
0.004560 -0.005117 0.001147 0.000518 -0.000433 -0.001592 -0.004008 0.000648 
-0.000643 0.002445 -0.000375 0.000022 -0.003509 -0.000196 0.002086 -0.002738 
0.006690 -0.002195 0.007203 -0.000679 -0.000193 0.000135 -0.002688 0.002872 
-0.006955 -0.005437 -0.004922 0.000192 0.003165 -0.002686 0.000089 0.000476 
0.003335 -0.007238 0.001197 -0.000117 -0.000766 -0.002354 0.001855 0.003141 
-0.012519 -0.001342 0.000609 -0.000468 0.005181 -0.003691 -0.001355 -0.001458 
0.010130 -0.012008 0.003707 -0.000415 0.006679 -0.003232 0.000114 -0.002831 
-0.017055 -0.030393 0.003363 -0.001252 -0.000523 -0.010119 0.000578 0.000979 
-0.023287 -0.005330 0.000897 -0.000039 -0.000243 -0.008499 0.000378 0.002423 
-0.017624 0.003515 -0.000736 -0.000574 0.003636 0.003453 0.001193 0.000842 
0.020296 -0.002727 0.000734 -0.002003 0.002135 -0.000291 0.001566 -0.000744 
-0.002830 -0.000390 -0.000611 0.003093 0.000404 0.001234 -0.000341 -0.000194 
0.005035 -0.003255 0.002049 0.002200 0.004977 -0.002841 -0.000830 -0.004585 
-0.002269 0.000870 -0.000649 -0.001325 0.001256 -0.001884 -0.000205 -0.000692 
0.000430 -0.002910 -0.000000 -0.001435 -0.002069 -0.000443 -0.001052 0.000441 
0.002322 -0.000383 0.000058 0.006656 0.001056 -0.002397 0.001198 -0.001512 
-0.000728 -0.002602 0.001390 0.002803 -0.002091 -0.003408 0.001479 -0.000823 
0.006504 -0.005801 0.001548 0.002789 -0.001595 0.001840 0.000050 -0.000066 
-0.005897 -0.006936 0.001033 -0.001409 0.000414 -0.000148 -0.000108 -0.000226 
0.006604 0.001177 0.001225 0.002436 0.001321 -0.001493 0.000305 -0.000980 
-0.008522 0.000393 -0.001088 0.002168 0.000221 -0.001999 0.001032 0.001784 
0.001153 0.001785 -0.002498 -0.001920 0.001238 0.000851 0.001828 -0.001213 
-0.012353 -0.002013 -0.000136 -0.001374 0.000789 -0.002932 0.003503 -0.002721 
0.009891 -0.002015 0.001240 0.000208 0.000362 -0.002257 0.000396 -0.003610 
-0.017145 0.000853 0.000093 0.000473 0.002380 0.002915 -0.000059 0.005518 
0.015591 -0.004102 -0.000356 -0.001084 -0.001348 -0.001424 0.002888 0.002227 
-0.018134 -0.000625 -0.001172 -0.004403 -0.001606 0.000553 -0.001589 0.001518 
-0.009533 -0.014084 0.000791 -0.003848 -0.000126 -0.001121 -0.000490 0.001544 
-0.063846 0.001581 -0.001243 -0.001769 0.000327 -0.000904 0.001913 0.005339 
-0.019293 -0.003263 -0.001263 0.001062 -0.000699 -0.000291 -0.000864 -0.002036 
0.012542 -0.000625 0.000259 0.000312 -0.000107 -0.001061 0.002564 0.000126 
-0.003890 0.000422 -0.003258 -0.001305 0.000639 -0.002048 -0.001373 0.002173 
0.009992 -0.000223 0.000581 0.003838 0.001055 -0.000670 0.002428 0.001597 
-0.002813 0.004349 0.001054 0.000673 0.002631 0.002443 -0.001013 0.001990 
0.001895 -0.003005 -0.000631 -0.001961 0.001376 -0.003306 -0.001459 0.001902 
0.004179 -0.001140 0.001684 -0.000113 -0.001214 -0.001131 0.002402 0.001501 
0.004028 -0.001202 0.000988 -0.001144 -0.000312 0.000073 -0.001675 -0.001665 
-0.000509 -0.002591 -0.001489 -0.001262 0.003488 -0.002961 -0.001359 0.000931 
-0.002352 -0.001578 -0.002916 -0.001659 0.000969 0.000422 0.000624 -0.003310 
0.008485 0.001822 0.001535 -0.002050 -0.000797 0.000561 -0.002323 -0.001311 
-0.003650 -0.002677 -0.001756 -0.002145 -0.000595 -0.003130 0.001598 -0.002256 
0.005742 -0.004142 -0.001324 -0.007042 -0.004591 0.000372 -0.000004 0.002511 
-0.009931 -0.003215 0.003949 -0.001579 -0.001539 0.001490 0.002466 -0.001148 
0.012845 -0.002059 0.002051 0.001325 -0.002214 -0.003762 0.001489 0.001268 
-0.008046 -0.001449 -0.000569 -0.002462 0.004244 -0.004903 0.001168 -0.001130 
0.010916 -0.010293 -0.001954 -0.007072 0.000165 -0.007897 -0.001511 0.007821 
-0.016168 0.000201 0.004606 -0.005148 -0.001801 -0.008154 0.001055 -0.000855 
0.019542 -0.017458 0.003073 -0.001447 -0.004975 -0.002980 -0.005424 -0.001435 
-0.034596 -0.002874 0.012513 -0.002826 -0.000111 -0.004818 0.008695 0.000171 
-0.024904 -0.001277 -0.001353 0.001941 0.004180 0.000513 0.000453 0.002998 
0.013067 0.002515 0.002910 0.001704 0.003718 0.002019 0.000899 0.000754 
-0.011419 -0.001343 0.001466 0.001911 0.002949 0.001657 -0.003141 -0.001329 
0.004697 -0.001769 -0.003624 0.002586 -0.000610 -0.000146 -0.000537 -0.002622 
-0.002454 -0.002492 0.001210 -0.000713 0.001189 0.002700 0.002399 -0.000746 
0.000958 0.000521 0.000484 -0.000587 0.000463 -0.003731 -0.000579 0.000262 
0.002127 -0.002303 -0.001041 0.001399 -0.000131 0.001791 -0.001229 -0.000309 
0.000411 0.001209 -0.000658 0.000290 -0.000928 0.003268 -0.001159 -0.000990 
0.003533 -0.001647 -0.001066 -0.002073 -0.000378 -0.000457 -0.000065 -0.000519 
-0.001302 -0.001423 0.000242 0.001230 0.004823 -0.001876 0.000672 0.001834 
0.011148 0.002460 0.000891 0.002161 0.001456 0.000256 0.001161 0.001160 
-0.008388 0.002289 -0.000070 -0.003982 0.004907 -0.003714 -0.002564 -0.004019 
0.013494 0.000773 0.001919 0.000452 0.002695 -0.000900 -0.002684 0.004284 
-0.011041 -0.003439 -0.002039 0.002017 0.002286 0.001065 0.001184 0.000304 
0.015067 0.000821 -0.002414 -0.002169 -0.005583 -0.002114 -0.002765 -0.001657 
-0.007214 -0.001362 0.001394 -0.002098 0.000125 -0.001857 0.005309 -0.004093 
0.024087 0.001376 -0.001281 0.002271 -0.000284 -0.003489 -0.003976 -0.000012 
-0.006482 -0.003563 0.001128 0.003478 -0.000468 -0.003867 -0.001281 0.001137 
0.051699 -0.035889 -0.003991 0.001210 -0.002963 -0.003096 -0.010817 0.004784 
-0.041665 -0.006961 0.002947 -0.003171 0.000120 -0.009943 0.006067 0.004958 
-0.020296 -0.003676 0.000216 0.001471 -0.003299 0.000730 0.001149 -0.002309 
0.012131 0.002022 -0.000720 0.001765 -0.001232 -0.000709 0.000197 -0.002792 
-0.008827 -0.003148 0.000335 -0.000873 -0.002213 -0.000643 -0.000468 0.001955 
0.001076 -0.000311 0.002543 -0.000107 0.000681 0.004292 0.003993 -0.001134 
-0.003550 0.001242 0.000494 -0.001408 0.001519 0.000100 -0.000744 0.000119 
0.001160 0.000908 -0.002101 -0.000400 -0.000606 -0.001661 0.002302 -0.001894 
0.000917 -0.000943 0.002181 0.003210 -0.001299 -0.005598 -0.000348 0.001425 
0.002208 0.000590 0.003184 -0.003143 -0.002315 -0.001545 0.002836 -0.001640 
0.002531 0.000432 -0.003569 0.000502 -0.002380 -0.000518 0.001529 -0.002520 
-0.003030 0.000834 0.000146 -0.001262 0.006041 0.000074 -0.003157 -0.002186 
0.012174 0.003200 -0.001602 -0.000501 -0.000324 -0.002091 -0.003136 0.005855 
-0.004442 -0.002059 -0.002312 -0.000636 0.001913 -0.001075 0.001535 -0.002654 
0.006332 -0.001408 -0.001369 -0.001237 -0.003550 -0.004178 -0.001087 0.000417 
-0.005784 0.000565 0.002969 -0.000443 0.005567 -0.003887 0.001480 -0.002770 
0.013870 0.002278 0.003563 0.001317 0.001876 -0.005999 -0.000100 0.002907 
-0.011786 -0.002529 0.003677 0.004112 0.003571 -0.007245 0.007092 -0.003124 
0.018725 0.001501 0.004784 -0.002753 0.002995 -0.011694 -0.008543 0.002074 
-0.006130 0.001152 0.004414 -0.007340 -0.000673 -0.011567 0.000566 -0.000768 
0.039138 -0.036714 -0.002860 -0.000137 0.002611 -0.001400 -0.008479 -0.002464 
-0.038399 0.003239 0.005941 -0.004482 -0.007055 -0.008307 0.002324 0.001607 
-0.018965 -0.001277 0.002779 0.000033 -0.000366 -0.000063 0.004446 0.001861 
0.011976 0.001142 0.001204 -0.000174 0.000644 0.000837 -0.001106 -0.003363 
-0.012997 -0.003781 0.002403 -0.000492 -0.001507 -0.000782 0.002843 -0.002071 
0.002793 0.000252 0.000620 0.000560 0.003424 -0.000136 -0.000366 -0.004665 
-0.005608 -0.002573 0.002762 0.001508 -0.003320 -0.000059 0.002214 -0.001334 
0.003128 0.002013 -0.001481 -0.001788 -0.001286 -0.000585 0.001785 -0.000936 
-0.002384 -0.001179 -0.001993 -0.001305 -0.001518 -0.000413 0.000542 0.000607 
-0.001924 0.003796 -0.000476 -0.002727 -0.000991 -0.002072 -0.001160 -0.000585 
0.006787 -0.000908 -0.002197 0.000042 0.006245 -0.000957 -0.002817 -0.000712 
-0.004220 -0.002796 0.000808 0.000949 0.000376 -0.004257 0.000919 -0.000363 
0.017288 0.006160 0.000120 -0.000852 0.000311 0.003907 -0.001766 -0.001079 
-0.008778 -0.002382 -0.000765 0.002562 0.001307 -0.000342 -0.000655 0.003947 
0.018862 0.003053 0.003359 -0.003120 0.001332 -0.001321 -0.000166 0.000879 
-0.010151 -0.003312 -0.000074 -0.003594 -0.000173 -0.003617 0.000971 -0.000670 
0.008423 0.004555 -0.000550 0.002927 0.004228 -0.005116 -0.005486 -0.002430 
-0.012139 -0.002741 -0.001505 -0.004879 0.005432 -0.000601 -0.005205 -0.004973 
0.023477 0.000076 -0.002233 0.000435 0.000275 0.000484 -0.005964 -0.005547 
-0.004941 -0.001572 0.004485 0.001654 -0.000390 -0.008951 -0.001494 -0.001331 
0.052583 -0.015866 -0.002017 -0.005564 0.004436 -0.002415 -0.005717 -0.004459 
-0.012665 -0.000082 0.001003 0.003743 0.000428 -0.008205 -0.003583 -0.001864 
-0.014451 0.000231 0.003924 -0.001155 0.001040 0.002018 0.001282 -0.000661 
0.011282 0.004591 -0.000377 0.001147 0.000051 -0.001797 -0.000491 -0.001865 
-0.006329 0.000811 -0.004727 -0.001407 -0.004582 0.003250 0.001826 -0.001790 
0.006620 -0.003504 0.002647 -0.002230 -0.001434 0.000410 0.000761 0.002003 
-0.002655 0.002833 -0.000312 -0.002387 0.000282 -0.001528 0.001380 -0.000146 
0.000820 0.001697 -0.001166 -0.000488 0.001342 -0.003096 -0.000820 -0.000847 
-0.001545 -0.004031 0.001226 -0.002072 -0.000046 0.000846 0.004350 -0.000386 
0.001201 -0.000403 -0.000597 -0.003376 0.000380 -0.001804 -0.001572 0.000413 
0.006858 -0.000715 0.000910 -0.000249 0.000106 0.000834 -0.001742 0.000265 
-0.004522 -0.002656 0.002318 0.001796 0.003367 -0.003454 -0.000121 -0.001123 
0.000817 -0.002746 -0.000219 0.001841 0.003327 -0.002784 0.001918 0.001551 
-0.007516 -0.000462 0.000502 0.007980 0.003368 -0.004580 -0.001117 -0.002344 
0.007573 -0.002056 0.002847 0.000684 0.003550 0.001615 -0.003290 0.000545 
-0.010130 0.001692 0.003381 -0.000829 0.001175 -0.005089 -0.002303 0.004225 
0.012030 0.000205 -0.002767 0.002128 0.007582 -0.000830 -0.006835 -0.000484 
-0.006232 -0.001947 -0.004374 -0.002551 0.002338 -0.008030 -0.002032 0.000213 
0.019588 -0.013810 -0.004533 -0.001224 0.006528 -0.006504 0.000124 0.003368 
-0.011020 -0.001048 0.003739 0.001592 0.004378 -0.010898 0.000999 0.003105 
0.028961 -0.012584 0.003238 0.000974 0.005596 -0.000835 -0.004759 0.003948 
0.004545 0.004988 0.003613 -0.007087 -0.002555 -0.012434 0.002810 0.004738 
-0.001543 0.002661 0.001697 -0.000840 -0.001180 -0.001358 0.001961 -0.000467 
0.003646 -0.000866 -0.000472 -0.002264 0.001925 -0.003246 -0.001026 0.001066 
-0.003717 0.002888 -0.002924 -0.003034 -0.001224 -0.002157 -0.001882 -0.000414 
0.002275 0.000565 0.002179 0.002886 -0.004733 -0.001022 0.004175 0.001556 
-0.004527 0.002055 0.001549 -0.000430 0.000146 0.001678 -0.002044 -0.001163 
-0.000447 0.002646 0.001221 0.002208 0.002478 -0.001659 0.002151 -0.000992 
0.002741 0.001312 -0.003121 0.003809 -0.000959 -0.000266 -0.002466 -0.000776 
0.001139 0.001187 -0.000400 -0.000339 -0.003720 -0.001142 -0.000970 0.001387 
-0.001930 -0.001093 -0.002107 0.001132 -0.003202 -0.004533 -0.003847 0.004213 
-0.002465 -0.002573 -0.003561 -0.000617 -0.000096 -0.004024 0.000702 0.001230 
0.000850 0.002091 -0.001730 0.000025 0.004936 -0.001831 0.002049 0.002724 
-0.000023 -0.003325 0.002619 -0.002945 -0.001459 -0.001788 0.000411 -0.000445 
0.000158 -0.003618 -0.000882 -0.001927 0.000287 -0.001676 -0.005219 -0.003253 
0.001159 -0.001461 0.001677 -0.001969 0.001302 -0.006570 -0.001168 -0.000244 
0.002355 -0.005300 -0.001925 0.003403 0.003373 -0.000975 -0.006324 0.001910 
-0.000473 0.001282 0.001867 0.002749 0.001221 -0.004500 0.000067 -0.001891 
0.003923 -0.004943 -0.001932 -0.000079 0.001309 -0.005625 -0.003662 -0.005354 
0.011250 0.001671 0.001754 0.000696 -0.001890 -0.013652 -0.002887 -0.004362 
0.005169 -0.008443 -0.004934 -0.003665 -0.000675 -0.007403 -0.006666 -0.004347 
-0.001655 -0.006011 0.000747 0.004931 -0.001422 -0.007986 0.008434 0.003288 
-0.001196 0.001568 -0.001243 -0.001809 0.001030 -0.000752 0.002471 0.000384 
-0.002628 0.000703 0.002435 -0.000581 -0.000412 0.001368 0.000258 -0.002523 
0.002457 0.000492 -0.003344 0.001321 -0.002281 -0.002767 -0.000791 0.002597 
0.000922 -0.001381 -0.001095 -0.002642 -0.002091 -0.000331 -0.001977 0.002188 
0.003567 0.004055 -0.003584 0.000281 -0.005093 0.001165 0.001950 -0.000577 
0.000735 -0.001039 0.003514 -0.002289 0.000291 0.003853 0.002394 0.001941 
-0.002759 -0.003272 0.002416 -0.000708 -0.001196 0.002519 -0.000817 -0.003582 
-0.002203 -0.001722 0.000975 -0.001681 -0.004223 -0.002294 0.000393 -0.000354 
0.001034 -0.002223 0.001528 -0.000822 0.001086 0.000725 -0.003104 0.001083 
0.003319 -0.000568 0.000074 -0.001030 -0.000745 -0.000197 -0.004310 -0.002070 
0.007948 -0.001144 -0.004434 0.002682 -0.002151 -0.002421 -0.001264 0.002600 
0.006670 -0.003482 -0.002172 0.001687 0.001812 -0.004816 -0.000411 -0.001388 
0.006751 0.002746 0.002836 -0.003437 -0.000224 -0.002771 -0.000262 0.001814 
-0.003444 -0.000884 -0.001158 0.001587 -0.000497 -0.000275 0.001158 0.001913 
0.009314 0.004800 0.001448 -0.000379 0.001040 -0.001744 0.001190 0.000041 
0.005414 -0.003812 0.004061 -0.001444 0.002883 -0.003176 0.001034 0.000111 
0.008791 -0.005846 0.002945 -0.005102 0.002148 -0.001435 0.001962 0.000022 
0.006742 -0.003747 0.002115 -0.003159 0.000186 -0.007425 -0.003372 -0.001820 
0.020332 -0.000596 0.001983 0.001956 -0.001505 -0.004150 -0.000246 0.004466 
-0.007995 -0.008388 -0.006489 -0.001756 -0.000205 -0.003504 -0.001126 0.004876 
-0.004588 0.002306 -0.000669 0.000228 0.003020 0.001438 0.002933 0.000596 
0.003073 -0.000484 0.001481 -0.000487 -0.000930 -0.000127 0.003670 -0.000435 
0.001451 -0.000829 0.002825 -0.004586 0.004937 0.000119 0.001141 -0.000829 
-0.000296 0.000824 -0.003078 -0.001176 -0.000463 0.002364 -0.002531 -0.001302 
-0.000552 -0.002190 0.000605 -0.001602 -0.000488 -0.001464 -0.001221 0.000661 
0.004180 -0.001894 -0.002053 0.001270 0.003181 -0.002423 -0.001582 0.001709 
-0.001150 0.004152 0.002533 -0.004067 0.003538 -0.001080 0.002806 -0.000724 
-0.000073 -0.000155 -0.002874 -0.000760 0.000970 0.000376 0.001622 -0.000554 
0.002025 -0.001114 0.002656 -0.000651 0.000667 0.001567 0.006475 0.001800 
0.002601 0.003295 -0.001160 0.001360 0.000813 0.002329 -0.002277 -0.002489 
0.003713 -0.001982 0.005365 0.001940 0.000015 -0.002501 0.002023 0.000082 
0.004018 -0.004037 0.001628 0.000684 -0.000284 -0.002437 -0.000826 -0.000302 
-0.001830 -0.003205 -0.000127 0.000029 0.000410 0.002324 -0.007848 -0.003689 
0.001835 0.003091 0.004335 -0.002926 -0.001867 -0.000413 -0.001779 -0.000162 
-0.001965 -0.003203 -0.000191 -0.001329 0.000143 0.003198 -0.004223 0.002282 
-0.001141 0.000488 -0.002773 -0.001417 -0.002618 -0.001660 -0.000476 -0.001875 
-0.000912 -0.001519 -0.000448 -0.001803 -0.000950 -0.007104 0.001104 0.003988 
-0.001382 -0.003237 0.000341 -0.005270 0.003104 -0.003756 -0.000220 0.003461 
-0.000231 0.019611 0.001830 -0.001807 0.001363 -0.003131 -0.000155 0.001947 
-0.010065 0.003905 -0.000719 -0.003902 0.002580 -0.004928 0.000153 0.002760 
-0.003983 0.001857 0.000169 0.003204 0.000851 0.003011 0.000147 0.001236 
-0.005040 -0.002550 0.001717 -0.003178 -0.002147 0.000375 0.002849 0.001354 
-0.001267 -0.004611 0.003839 0.000286 0.002510 -0.002593 -0.000844 0.001886 
-0.001372 -0.006577 0.001215 -0.000499 -0.000790 0.001219 0.004878 -0.001663 
-0.001912 0.004027 0.000272 -0.001648 -0.002695 -0.001583 0.000743 0.001407 
-0.001168 0.001109 0.001715 -0.001725 -0.003266 0.000864 -0.000963 0.005480 
-0.000049 0.003543 0.001369 -0.001975 0.000630 -0.002218 -0.000313 0.002377 
0.000939 -0.001148 -0.002154 0.001537 0.003501 -0.001504 0.001207 -0.000511 
0.003237 -0.001796 0.001009 0.000269 -0.002718 0.000016 0.001586 -0.002731 
-0.001164 0.000851 0.001967 0.001164 0.000499 0.000841 0.000117 0.002027 
0.003332 0.001956 0.000485 0.000419 -0.003122 -0.000552 -0.001145 0.000559 
0.002388 0.000699 -0.000493 -0.003372 -0.000010 0.000426 -0.000667 -0.003556 
0.003078 -0.000823 0.001416 -0.001104 -0.001853 0.000379 -0.000324 -0.002797 
0.003233 0.001732 0.002989 0.004067 -0.005557 -0.001409 0.000311 0.002608 
0.004160 -0.002914 0.000384 0.001902 0.000971 -0.002895 0.000284 0.000743 
0.002385 0.002671 0.002902 -0.005850 -0.004256 -0.002614 -0.003004 -0.004320 
0.006508 0.004795 -0.002101 -0.003585 0.001176 -0.008760 -0.002660 0.001788 
0.002800 -0.005011 0.003206 -0.002997 0.003706 -0.003634 -0.000941 -0.002686 
-0.003346 0.005361 0.006350 0.004919 0.005649 -0.003995 -0.000850 -0.002199 
0.005276 0.000202 0.003361 -0.005206 0.000401 0.001423 0.000840 0.002236 
-0.004442 -0.000888 0.001707 -0.001217 -0.000011 -0.001691 0.004685 -0.004323 
-0.006915 0.001009 -0.002287 0.002946 -0.001849 -0.002239 -0.002352 0.001381 
0.000814 -0.001190 0.002091 -0.000509 -0.003446 0.000076 -0.002214 -0.000277 
-0.004448 0.002348 0.000256 -0.003456 -0.000050 -0.000300 -0.000543 -0.000730 
-0.002694 -0.001080 -0.000058 0.003907 0.000530 0.000020 0.001641 0.001570 
0.000343 0.002215 0.001827 -0.004577 -0.003148 -0.001292 0.003584 -0.001704 
0.000019 0.000556 -0.002145 -0.004165 -0.001140 -0.002049 -0.001747 -0.005048 
0.003374 0.001916 0.001923 -0.002509 0.003044 0.000875 0.002282 0.005483 
0.002223 0.002163 0.001261 -0.001617 -0.001627 0.000747 -0.000411 -0.002507 
-0.003570 0.001492 0.000576 -0.000851 0.001438 0.004530 0.000073 0.000479 
0.001308 -0.003124 0.000730 -0.001005 0.001425 -0.000783 -0.000668 0.003818 
0.002318 -0.000398 -0.001923 -0.004015 0.000656 -0.002588 -0.001904 0.000524 
-0.001287 0.000745 0.000269 -0.000783 0.004159 -0.001842 0.003778 -0.000407 
0.002440 -0.002202 0.002960 0.001149 -0.000076 -0.001453 -0.003081 0.001707 
-0.000140 0.002954 0.004138 0.002780 -0.001002 -0.004288 0.000538 -0.003810 
0.009102 0.001923 -0.001439 -0.002644 -0.000256 -0.003086 -0.002293 -0.002368 
-0.002057 0.000500 0.003018 -0.001815 0.004605 0.001017 -0.001068 -0.001411 
-0.002965 0.002470 0.003883 -0.007742 0.000189 -0.000034 -0.000560 0.003880 
-0.003510 -0.030940 0.005339 0.001492 -0.001416 -0.005342 -0.004007 0.008685 
0.034823 -0.006718 0.001208 0.001250 -0.003452 0.000041 -0.008907 0.000633 
-0.001157 0.004983 0.001007 -0.000889 -0.000780 0.004117 0.001862 0.000697 
-0.001702 -0.000852 0.002543 -0.000682 0.000326 0.001468 -0.001764 -0.000396 
-0.003438 -0.001110 -0.001916 -0.002448 -0.000732 -0.001716 -0.004886 0.002741 
-0.004310 0.002528 -0.001203 0.004019 -0.001045 -0.000374 -0.000023 0.000867 
-0.001063 0.005221 -0.000834 0.000794 -0.002426 -0.002768 -0.001833 -0.000227 
0.000977 0.000555 0.001715 0.000981 0.002603 -0.004380 -0.000178 0.003157 
0.001898 -0.001545 0.002425 0.000791 0.000446 0.001730 -0.003495 0.002361 
-0.000782 -0.001069 0.000291 -0.000582 -0.000298 -0.005655 -0.000728 -0.000487 
0.003399 0.005113 0.001607 -0.002082 0.000746 0.001003 -0.000631 -0.002805 
-0.003530 -0.005207 0.001078 -0.003461 -0.002573 -0.002069 0.001783 0.001976 
-0.002147 0.002790 -0.000687 -0.000128 0.000702 -0.001085 0.001907 -0.003327 
0.002869 -0.003829 0.004126 -0.004553 -0.000768 -0.000935 -0.001380 0.000859 
-0.000271 0.003618 0.005130 -0.002082 -0.000326 0.002938 -0.001105 -0.001562 
0.006330 0.001661 0.002525 -0.000635 -0.002007 -0.003626 -0.001934 -0.001106 
-0.005075 -0.004882 -0.000403 -0.004607 -0.002752 -0.001655 0.001205 -0.000778 
-0.000386 0.003232 -0.000593 -0.002103 0.000579 -0.004004 0.006235 0.002711 
0.002442 0.001678 0.006566 -0.000142 0.002047 -0.001918 -0.001934 0.005485 
0.008412 -0.001701 0.000830 -0.002018 0.001682 -0.002537 0.001187 0.000912 
-0.000496 -0.010314 0.005516 0.000201 0.008833 -0.003068 -0.011140 0.005267 
-0.018569 -0.002448 0.003544 0.001803 0.001403 -0.006149 0.001924 0.002970 
-0.002476 0.001922 -0.000798 0.001084 0.002244 0.000311 0.002265 -0.005434 
0.001802 -0.003706 0.007263 -0.002819 0.003265 0.000095 0.003109 0.000084 
-0.002720 0.000038 0.004260 0.001302 0.000121 -0.004350 -0.000778 -0.000213 
-0.002235 -0.000631 -0.000170 -0.001950 0.002688 -0.001143 -0.001771 -0.002936 
-0.004055 -0.001932 0.002663 -0.000608 -0.003359 -0.001532 0.000420 0.000955 
-0.000127 -0.003176 -0.000352 -0.000103 0.002706 -0.001971 0.000141 -0.000072 
0.005489 0.002832 -0.002167 -0.002860 -0.000388 -0.004794 -0.000956 -0.003865 
0.003582 -0.003113 0.001579 -0.003355 0.001201 -0.000207 -0.002533 0.000295 
0.007112 -0.001967 -0.000297 0.000876 0.001926 0.000848 0.004046 -0.002663 
0.003956 -0.000832 -0.000332 -0.001144 -0.000967 -0.003473 0.001294 -0.001249 
-0.001107 -0.003619 0.000509 0.001978 -0.003449 0.000952 0.002542 0.000408 
0.001195 -0.000863 0.001737 -0.002373 -0.004978 -0.002920 0.003301 0.003005 
0.006210 -0.000957 0.000283 -0.000205 0.000392 0.000747 -0.000441 0.004403 
-0.001393 -0.000209 0.003579 0.001571 -0.002460 -0.000348 -0.000684 -0.000430 
0.004364 -0.006004 -0.000946 -0.001469 0.001059 -0.002528 -0.000667 0.001099 
-0.004789 -0.002568 0.006450 0.000386 -0.004735 -0.005110 -0.001816 0.000526 
-0.008531 -0.008299 0.004275 -0.004188 -0.003730 -0.005611 -0.000299 -0.007153 
-0.011653 -0.001043 0.003851 0.000316 0.004965 0.000654 0.000397 -0.000513 
0.022000 0.007116 -0.001387 0.000956 0.005096 -0.001279 0.001288 0.004639 
-0.008053 -0.010204 0.010075 -0.007241 0.002897 -0.003973 0.000586 -0.002403 
-0.003177 0.003992 0.000263 0.000052 -0.000751 -0.001623 0.000564 -0.000925 
0.000063 -0.006346 0.001503 0.000858 -0.003107 -0.002508 -0.001201 -0.000402 
-0.005431 0.003051 0.000468 0.000637 0.000921 -0.002213 0.001399 -0.004094 
-0.000094 -0.005894 0.002284 -0.003318 0.000234 -0.001133 -0.001742 -0.005004 
-0.001312 0.003477 -0.000686 0.000296 0.001601 -0.002302 -0.000190 0.000842 
-0.002539 -0.006305 0.002727 -0.000874 -0.002554 -0.000849 -0.003472 0.001395 
0.000808 -0.004250 -0.000745 0.002645 0.000010 -0.001944 0.001902 -0.001270 
0.004308 -0.009710 0.001186 -0.002641 0.000111 -0.000909 0.003632 -0.002011 
0.002195 -0.001396 -0.002064 0.003026 -0.000869 0.001988 0.003044 0.003263 
-0.003468 -0.010971 0.000392 -0.006196 -0.000411 -0.006008 -0.003134 -0.003160 
0.003282 -0.000459 0.003782 -0.002486 0.001463 -0.002505 -0.000381 0.001218 
-0.003775 -0.013201 -0.000706 -0.005446 0.001885 -0.003920 -0.002715 -0.000559 
0.008231 0.000981 0.005328 -0.003611 -0.004933 -0.002987 -0.002446 0.005594 
-0.000685 -0.012733 -0.001464 -0.003348 0.002974 -0.005788 0.000323 0.002056 
0.007134 -0.002726 0.003103 -0.001809 -0.001090 0.000210 0.001719 -0.000788 
-0.002621 -0.014708 0.001171 -0.003383 -0.002203 -0.006608 -0.004827 -0.000415 
0.014132 -0.001510 0.006600 -0.001978 0.002712 -0.000566 0.000756 -0.002147 
0.000281 -0.023976 -0.000277 0.000089 -0.003837 -0.004906 -0.000109 -0.002447 
0.007181 -0.013006 0.004984 0.004330 -0.010604 -0.011042 -0.005600 -0.002226 
-0.021129 -0.019557 -0.000114 -0.006625 -0.004675 -0.010174 -0.003253 0.001017 
-0.001148 0.004553 -0.000984 -0.002680 -0.002667 -0.000228 -0.002171 0.001607 
0.001127 -0.002717 -0.002124 -0.000292 -0.000891 0.000713 -0.003005 -0.001535 
-0.000723 0.000681 0.003475 -0.000511 -0.000503 -0.001561 -0.001709 0.002689 
-0.000554 -0.007695 0.004398 0.000294 0.002101 -0.005191 0.000246 0.000093 
0.001251 0.000636 0.003412 -0.002090 -0.001263 0.000535 -0.003211 0.000194 
-0.003424 -0.006974 0.004906 -0.000700 0.002861 -0.003644 0.000105 0.001459 
-0.002824 -0.002457 0.001611 -0.001204 -0.004730 0.002214 -0.001305 0.001294 
0.003278 -0.010992 0.000109 0.000930 0.005833 0.000172 -0.004031 0.002491 
0.002467 -0.001355 0.003608 0.004302 -0.003383 -0.003796 0.002991 0.001665 
0.001037 -0.010201 0.003701 -0.000705 0.003593 -0.007193 -0.005535 -0.003079 
-0.000297 -0.005134 0.005010 0.002029 -0.005639 -0.002230 -0.000900 0.002414 
0.003782 -0.009960 0.006333 0.003664 0.005391 -0.001544 -0.000029 -0.000236 
-0.003814 -0.002979 0.007728 0.001350 -0.001355 0.000873 0.000918 0.005903 
0.002856 -0.013749 0.009441 -0.003510 0.010541 -0.006512 -0.004270 -0.001702 
-0.002817 -0.007257 0.007347 0.002028 -0.005108 -0.000531 0.003591 0.004768 
0.001950 -0.015158 0.011829 -0.005240 0.008619 -0.006895 0.001987 0.007687 
-0.004279 -0.003602 0.011229 -0.000544 -0.003637 -0.006891 0.002100 0.006785 
0.017470 -0.014919 0.021701 -0.006844 0.008709 -0.013638 -0.005941 0.001544 
-0.020587 -0.001655 0.017612 -0.001747 -0.004007 -0.006336 0.007540 0.004795 
-0.008530 -0.016938 0.013779 0.005341 0.008021 -0.007277 0.001455 0.010217 
0.026462 0.005220 -0.005541 0.009483 0.006785 -0.011622 -0.000167 -0.002018 
-0.018659 -0.003511 0.010023 0.001245 -0.000602 0.010410 -0.003956 -0.001308 
0.011975 -0.005050 -0.007346 0.008139 0.000191 -0.020171 0.000357 -0.001504 
-0.021630 -0.000838 0.016677 0.002944 -0.001764 0.009834 -0.008694 -0.003453 
0.006293 -0.007262 -0.005496 0.009297 -0.003823 -0.030019 -0.003956 0.002935 
-0.021018 -0.001539 0.020376 0.006171 0.002172 0.013722 -0.013391 -0.001820 
0.005385 -0.011177 -0.002337 0.014204 -0.001123 -0.023328 0.002158 0.001482 
-0.019102 0.002772 0.022251 0.004692 0.004875 0.012792 -0.011559 -0.002804 
-0.007093 -0.011412 -0.004217 0.013313 0.000045 -0.033733 -0.001196 0.001925 
-0.012132 -0.005560 0.024004 0.003412 0.005977 0.020786 -0.014370 -0.002776 
-0.007280 -0.022729 -0.010689 0.004181 0.002792 -0.027224 0.001296 0.006861 
-0.012601 -0.004443 0.034040 0.006586 0.004510 0.027416 -0.013947 0.000089 
-0.010166 -0.026634 -0.007661 0.008198 -0.006032 -0.027205 0.001257 -0.000819 
-0.015690 -0.002034 0.037315 0.008514 0.006081 0.035670 -0.018963 -0.004276 
-0.020267 -0.032787 -0.011705 0.008820 -0.001236 -0.034698 -0.005356 0.005828 
-0.018668 -0.008283 0.037336 0.006967 0.004980 0.032833 -0.022190 -0.014775 
-0.015587 -0.025177 -0.014654 0.016417 -0.008749 -0.027172 0.002774 -0.012378 
-0.010600 -0.005941 0.043141 0.000169 0.017722 0.041112 -0.006882 -0.008879 
-0.028767 0.003276 -0.008626 0.000931 -0.008802 -0.025863 -0.014437 0.000527 
0.016306 0.006966 0.029744 -0.002802 -0.004948 0.036338 -0.028264 0.021538 
