0.154627 1.078559
0.189966 1.215199
0.159893 1.268285
0.127975 1.279664
0.116752 1.254381
0.091596 1.197573
0.082115 1.090252
0.069590 1.007660
0.022115 1.006831
0.325168 1.107465
-0.366877 1.101005
-0.306414 1.209432
-0.176249 1.261632
-0.067971 1.276477
-0.027948 1.256877
0.027398 1.199251
0.045570 1.106325
0.055494 1.032209
0.108231 1.017200
-0.036137 1.057058
0.015097 0.896621
0.016750 0.950211
0.019219 0.968474
0.034120 0.969559
0.025279 0.976295
0.012621 0.963581
0.012750 0.960007
0.001662 0.948364
-0.001857 0.979830
0.138356 1.007648
-0.003625 0.899986
0.012441 0.949557
0.011190 0.974155
-0.000192 0.978853
-0.015208 0.975519
-0.016738 0.976168
-0.018299 0.968366
-0.021824 0.954266
-0.049133 0.937855
-0.144494 0.896240
0.152220 1.078669
0.186311 1.214022
0.155141 1.266044
0.121284 1.276556
0.111514 1.250688
0.088356 1.194639
0.078200 1.086938
0.068361 1.007247
0.022150 1.007649
0.299743 1.093581
-0.365250 1.100562
-0.306431 1.207887
-0.177058 1.259115
-0.067845 1.274085
-0.025666 1.252896
0.029972 1.197234
0.047364 1.105223
0.058039 1.032980
0.114943 1.022043
-0.010939 1.075924
-0.000002 0.707649
0.005115 0.700685
0.009834 0.701837
0.001284 0.700628
-0.006477 0.701749
-0.000297 0.704192
0.002362 0.701427
-0.005195 0.692452
0.001768 0.669836
0.060474 0.610595
-0.065070 0.702772
-0.110948 0.703087
-0.154031 0.706237
-0.193151 0.703307
-0.243095 0.699702
-0.270916 0.709355
-0.294690 0.703808
-0.323414 0.697891
-0.330958 0.708566
-0.297939 0.669535
0.014173 0.706432
0.022557 0.699467
0.027893 0.691434
0.025482 0.684463
0.036323 0.682955
0.034667 0.682178
0.038085 0.677905
0.048242 0.676722
0.074568 0.676056
0.169502 0.650188
-0.011868 0.700148
-0.030079 0.701965
-0.048056 0.698838
-0.059185 0.697698
-0.067268 0.683481
-0.083220 0.685054
-0.098639 0.687787
-0.094003 0.674923
-0.097073 0.680106
-0.260792 0.645948
0.008556 0.698552
0.017578 0.693838
0.021274 0.700109
0.040522 0.705751
0.043051 0.716434
0.046027 0.712620
0.061768 0.708283
0.063378 0.694510
0.060830 0.689757
0.107063 0.769794
-0.014668 0.692932
-0.027548 0.692401
-0.043059 0.703160
-0.044196 0.708659
-0.045966 0.710972
-0.058290 0.711674
-0.059419 0.710104
-0.066896 0.697203
-0.075580 0.699114
-0.068915 0.671577
0.008946 0.698069
0.014145 0.716413
0.013788 0.752376
0.019401 0.798616
0.019582 0.819171
0.024976 0.819902
0.027258 0.794692
0.035028 0.755498
0.023058 0.738942
-0.049443 0.777399
-0.016152 0.693509
-0.017238 0.709827
-0.018207 0.757317
-0.029706 0.781674
-0.024565 0.811875
-0.035308 0.820920
-0.033518 0.797836
-0.034785 0.756580
-0.088102 0.720577
-0.098684 0.922091
0.016816 0.706279
0.022306 0.739773
0.027434 0.793903
0.022016 0.828625
0.021858 0.847871
0.021818 0.842575
0.013939 0.803982
0.023026 0.753577
0.049828 0.745478
0.000334 0.718419
0.051078 0.700898
0.060734 0.733622
0.056209 0.784605
0.045005 0.820542
0.046931 0.837876
0.024966 0.833744
0.010831 0.798417
0.003614 0.753715
0.013738 0.734423
0.117573 0.705264
0.020940 0.659490
0.038528 0.691550
0.045159 0.739168
0.052668 0.767870
0.057622 0.777567
0.063021 0.761042
0.072652 0.711189
0.083399 0.663964
0.098851 0.642639
0.150820 0.731710
-0.015572 0.659900
-0.045869 0.690979
-0.081408 0.743135
-0.111531 0.767976
-0.131383 0.774570
-0.169217 0.757796
-0.191351 0.726503
-0.204024 0.670177
-0.231064 0.649228
-0.283428 0.685424
0.007395 0.708458
0.006486 0.704551
0.005981 0.704966
0.008841 0.700647
0.017983 0.702783
0.025265 0.705584
0.025946 0.703670
0.032115 0.696794
0.013324 0.709015
0.126926 0.652630
-0.008439 0.703471
-0.016813 0.704085
-0.022098 0.707386
-0.020865 0.709816
-0.036342 0.703573
-0.028629 0.703961
-0.027820 0.700330
-0.025182 0.699659
-0.037441 0.701378
-0.065200 0.676038
0.008433 0.712498
0.007986 0.704462
0.010045 0.706020
0.022339 0.701333
0.020151 0.703691
0.020683 0.704596
0.038285 0.702015
0.024162 0.696609
0.004840 0.702761
-0.038497 0.809244
-0.016818 0.702119
-0.011606 0.702739
-0.021515 0.705378
-0.020375 0.707852
-0.020008 0.703580
-0.024082 0.707944
-0.022451 0.706994
-0.026969 0.696381
-0.012123 0.678363
-0.118301 0.771523
0.000912 0.708806
0.011202 0.706729
0.012624 0.704106
0.025369 0.703022
0.021343 0.712439
0.021066 0.702235
0.025850 0.699497
0.035830 0.700546
0.063694 0.705701
0.049486 0.664834
-0.006046 0.701226
-0.011351 0.704928
-0.023193 0.706468
-0.019919 0.703366
-0.021548 0.706005
-0.030614 0.705773
-0.033859 0.710408
-0.040740 0.705630
-0.029582 0.723404
0.014963 0.676467
0.010431 0.708919
0.001922 0.705377
0.009862 0.708338
0.012615 0.708167
0.017574 0.704255
0.017603 0.708697
0.024406 0.703534
0.020251 0.699460
0.036660 0.701123
0.034157 0.748034
-0.006714 0.703704
-0.008616 0.707779
-0.011198 0.708239
-0.019727 0.711311
-0.012657 0.710301
-0.016965 0.710622
-0.020885 0.707797
-0.030197 0.708476
-0.035071 0.698249
0.084574 0.772912
0.006110 0.707068
0.013203 0.707921
0.007411 0.708143
0.020136 0.715389
0.017990 0.708245
0.017176 0.712971
0.022304 0.712181
0.025997 0.707929
0.002514 0.711244
0.085118 0.648677
-0.006960 0.706614
-0.015142 0.708179
-0.016466 0.706981
-0.015123 0.717565
-0.012151 0.715694
-0.030540 0.712483
-0.029494 0.709068
-0.025226 0.709759
-0.046985 0.681803
-0.046708 0.676091
0.004965 0.706332
0.006122 0.706296
0.007081 0.712831
0.006572 0.718295
0.013030 0.720840
0.013832 0.725621
0.016738 0.716679
0.024896 0.707906
0.016363 0.712678
0.145277 0.772753
-0.008878 0.706427
-0.010701 0.707268
-0.006114 0.714351
-0.009311 0.710223
-0.012275 0.719326
-0.017144 0.721844
-0.015768 0.714458
-0.007204 0.710015
-0.022277 0.709909
-0.026429 0.718933
0.002251 0.707746
0.006538 0.713714
0.002699 0.714107
0.006261 0.715338
0.005322 0.725130
0.009498 0.727201
0.014394 0.715876
0.013566 0.722049
0.023946 0.700026
-0.165400 0.716998
-0.008421 0.703297
-0.008927 0.703683
-0.010000 0.711571
-0.016580 0.719306
-0.011056 0.722593
-0.015021 0.723144
-0.009382 0.722557
-0.011320 0.721325
-0.036623 0.708957
-0.002336 0.751442
0.002667 0.706962
-0.002092 0.711010
0.003882 0.711811
0.004772 0.726911
0.008402 0.726658
0.008737 0.734532
0.014323 0.723944
0.012762 0.718109
0.020036 0.707764
0.015543 0.756273
-0.010081 0.707128
-0.006980 0.703394
-0.010793 0.713705
-0.017334 0.719896
-0.013183 0.724638
-0.015312 0.727434
-0.018456 0.727139
-0.015625 0.725284
-0.045125 0.713702
0.019076 0.823539
0.009380 0.708212
0.008784 0.712720
0.006208 0.718410
0.006010 0.729820
0.004975 0.733305
0.009314 0.730246
0.003504 0.732342
0.015447 0.716633
-0.031386 0.704431
-0.033637 0.707132
-0.004469 0.700463
-0.002638 0.709239
-0.004188 0.715251
-0.001831 0.721288
-0.001566 0.731540
-0.009858 0.737748
-0.012888 0.724734
-0.020238 0.715919
-0.039491 0.721847
-0.125910 0.695258
0.006883 0.703842
0.013604 0.710337
0.010372 0.716575
0.016003 0.731169
0.013834 0.734296
0.012223 0.734163
0.011650 0.730126
0.007622 0.722067
0.015104 0.717252
-0.086762 0.721311
-0.019917 0.705288
-0.013858 0.711079
-0.010577 0.720918
-0.020450 0.731845
-0.014436 0.736393
-0.021286 0.736815
-0.022293 0.728011
-0.019589 0.713169
-0.051835 0.700234
-0.084040 0.731464
0.006042 0.706599
0.009892 0.714161
0.007983 0.723121
0.005215 0.729346
0.004321 0.737947
0.008553 0.737505
0.004614 0.726984
0.010198 0.715337
0.008339 0.730994
-0.031968 0.666274
-0.011055 0.705349
-0.006087 0.713588
-0.015795 0.722630
-0.017645 0.729067
-0.008748 0.736923
-0.011219 0.738484
-0.014157 0.734648
-0.021326 0.725074
-0.022127 0.707002
-0.092968 0.737345
0.004388 0.711532
0.005450 0.715524
0.009676 0.729029
0.010053 0.737814
0.008295 0.739672
0.012394 0.734734
0.002249 0.733206
0.011260 0.717445
0.027134 0.723595
0.016092 0.749712
0.013464 0.701908
0.010802 0.707153
0.004895 0.719369
0.009593 0.727557
0.007032 0.733108
-0.000014 0.734454
-0.005289 0.727668
-0.016925 0.716083
0.013332 0.705921
0.118350 0.716442
0.029249 0.715618
0.024664 0.718877
0.029627 0.726958
0.028549 0.736584
0.026006 0.740896
0.019139 0.738446
0.016724 0.731801
0.015190 0.721017
0.021433 0.708820
0.050737 0.725514
0.054458 0.697527
0.053711 0.702248
0.047558 0.714978
0.039332 0.722782
0.032132 0.729926
0.021974 0.726325
0.016417 0.723457
0.014582 0.710059
0.017046 0.706215
0.096578 0.656034
0.002831 0.708395
0.007390 0.713962
0.000320 0.721605
-0.004685 0.728488
-0.000289 0.730322
-0.000875 0.735868
-0.007301 0.725751
-0.001988 0.711425
0.051226 0.706756
-0.039749 0.708277
0.088819 0.702066
0.070771 0.710820
0.067762 0.718296
0.049730 0.727634
0.053469 0.727908
0.031311 0.728273
0.013760 0.720236
0.020141 0.711895
-0.001955 0.702818
0.124258 0.676059
0.051590 0.700856
0.036875 0.708361
0.033745 0.707296
0.031315 0.712597
0.031019 0.714383
0.026801 0.712876
0.027610 0.712157
0.023882 0.714400
0.030096 0.729429
-0.000997 0.714153
0.125344 0.700669
0.109135 0.699966
0.105511 0.708062
0.077566 0.705489
0.080081 0.704584
0.058117 0.706821
0.054818 0.703310
0.044940 0.698512
0.043597 0.703893
0.175014 0.675073
0.041055 0.952308
0.054739 0.935463
0.031994 0.930470
0.026043 0.930284
0.018076 0.929543
-0.001169 0.915848
-0.020091 0.909098
-0.035741 0.900215
-0.034483 0.880482
-0.186946 0.842028
-0.002459 0.950054
0.009825 0.941102
0.013256 0.932662
0.024590 0.937999
0.029279 0.931289
0.025858 0.920906
0.022197 0.905887
0.028486 0.912016
0.024517 0.897946
-0.105995 0.959674
-0.006260 0.898430
-0.004533 0.955770
-0.009277 0.974566
-0.026479 0.982722
-0.009548 0.975785
-0.026429 0.963115
-0.023601 0.963955
-0.036730 0.951820
-0.001601 0.933360
0.104220 0.886573
-0.004095 0.891377
-0.006037 0.943190
-0.002851 0.965762
-0.004482 0.966256
-0.009008 0.971935
-0.030967 0.963112
-0.021329 0.965488
-0.010684 0.939577
-0.024956 0.933707
0.160201 0.943972
0.040498 0.952779
0.054046 0.937430
0.030760 0.933359
0.022383 0.933593
0.016849 0.933689
-0.005577 0.915253
-0.023131 0.911326
-0.041188 0.900606
-0.034843 0.883923
-0.168263 0.845455
-0.002628 0.950881
0.009157 0.942537
0.012470 0.935532
0.023862 0.941321
0.027356 0.932957
0.020375 0.924045
0.017864 0.907763
0.026969 0.914764
0.021270 0.902446
-0.083390 0.969494
0.004869 0.704748
-0.001068 0.705150
0.001986 0.705608
0.004211 0.703322
0.002215 0.699155
0.005075 0.695673
0.021754 0.695932
0.006881 0.700221
0.018894 0.691831
0.071537 0.620743
-0.000402 0.711391
0.006878 0.708926
-0.002191 0.713304
-0.000046 0.704975
0.004998 0.707659
-0.001915 0.706062
0.002042 0.698041
0.005429 0.697968
0.005743 0.696853
0.019639 0.659872
0.022891 0.707064
0.016673 0.711716
0.012823 0.709698
0.024360 0.710048
0.032208 0.707265
0.026208 0.708889
0.024993 0.700245
0.033913 0.701717
0.031239 0.694926
0.156577 0.791915
-0.001645 0.710388
0.000657 0.712152
0.007170 0.713555
0.005031 0.717852
0.009790 0.709593
0.008298 0.703065
0.010023 0.706485
0.011105 0.708978
0.022106 0.683662
0.120963 0.626111
0.014081 0.710850
0.005021 0.711269
-0.009003 0.708331
-0.001690 0.707449
-0.003974 0.704043
-0.017662 0.708503
-0.007327 0.706142
-0.011176 0.696928
-0.000643 0.688264
-0.016577 0.632421
0.005695 0.708416
0.014418 0.709849
0.026761 0.709799
0.032315 0.712665
0.029243 0.710870
0.023520 0.708626
0.052777 0.704080
0.046252 0.701884
0.044019 0.694395
0.181111 0.655574
0.006048 0.706816
0.009548 0.700917
0.003957 0.700972
0.004465 0.702848
0.014285 0.709249
0.003265 0.705112
0.002401 0.706476
-0.002853 0.708478
-0.023909 0.704942
0.031423 0.741444
0.001151 0.706724
0.001755 0.705197
0.003594 0.702493
0.008333 0.707934
0.003856 0.710405
0.006662 0.710403
0.007725 0.710062
0.003230 0.712966
0.001531 0.701051
-0.016146 0.764452
0.013850 0.704398
0.021938 0.703838
0.021961 0.701297
0.020397 0.703702
0.022543 0.709166
0.015630 0.713946
0.020904 0.705793
0.014944 0.707753
0.047724 0.725644
-0.101085 0.716290
-0.009727 0.707437
-0.009748 0.702474
-0.013570 0.704369
-0.017454 0.710683
-0.016971 0.711396
-0.021776 0.713725
-0.007794 0.707241
-0.005107 0.704376
-0.006970 0.705737
0.028079 0.698196
0.030192 0.705930
0.023576 0.704096
0.013015 0.705415
0.022497 0.709878
0.029498 0.716769
0.012385 0.711708
0.023007 0.706065
0.016643 0.696813
0.024683 0.693803
0.082010 0.751366
-0.001931 0.706322
0.006894 0.701685
0.014385 0.708150
0.017625 0.714193
0.019383 0.718048
0.013356 0.711466
0.037325 0.702744
0.033464 0.691109
0.037683 0.687626
0.165298 0.723178
0.004102 0.707440
0.002890 0.706912
-0.005285 0.705425
-0.000309 0.708006
0.000341 0.703324
0.001508 0.701514
0.009707 0.700934
-0.000403 0.693541
-0.005957 0.701360
-0.003900 0.660094
0.005093 0.709265
0.005759 0.710330
0.012900 0.708512
0.010077 0.711633
0.012673 0.706754
0.004440 0.705729
0.016612 0.706840
0.028545 0.711183
-0.031448 0.727252
0.014289 0.698380
0.014052 0.708686
-0.000787 0.704171
-0.006037 0.705245
-0.001501 0.707509
-0.001685 0.707583
-0.007093 0.696538
-0.005495 0.708365
-0.009640 0.700976
-0.019357 0.697511
-0.052189 0.698283
0.008760 0.707464
0.009597 0.711437
0.010405 0.710284
0.016062 0.713160
0.010770 0.710372
0.008606 0.709376
0.021789 0.710744
0.017420 0.699389
0.042805 0.712678
0.108306 0.609455
0.007776 0.708570
0.005407 0.705424
-0.002144 0.710674
0.001981 0.701097
-0.000218 0.708431
-0.012692 0.704234
-0.008831 0.700484
-0.013333 0.699674
-0.000833 0.694668
0.070934 0.707796
-0.001746 0.705934
0.003218 0.710962
0.006774 0.708029
0.009158 0.709859
0.006405 0.707185
0.012873 0.704911
0.022532 0.708611
0.013703 0.705933
0.013621 0.716855
0.051881 0.718192
0.007974 0.706031
0.000831 0.709066
-0.006931 0.709781
-0.004604 0.703403
-0.009241 0.703567
-0.007168 0.703066
-0.010998 0.711208
-0.009870 0.705734
-0.016535 0.706302
0.058597 0.678262
0.003010 0.708840
0.009409 0.706348
0.017304 0.708914
0.015381 0.709104
0.014811 0.708843
0.009519 0.705869
0.033246 0.705999
0.009645 0.714600
0.022321 0.718610
0.096602 0.787908
0.001370 0.707211
0.002758 0.707757
0.002260 0.706922
0.001344 0.706771
0.003370 0.703056
-0.012849 0.706208
0.000310 0.699042
0.011217 0.710121
0.033597 0.709876
-0.118945 0.578003
0.005073 0.708691
0.006079 0.708423
0.011444 0.707805
0.017412 0.708275
0.017689 0.708831
0.015721 0.707694
0.023191 0.706529
0.036720 0.700916
0.047755 0.676834
0.125442 0.730617
0.003131 0.706568
0.001010 0.702923
0.000557 0.707184
0.001223 0.707086
0.002020 0.708062
0.003183 0.704444
-0.000408 0.705734
-0.000690 0.704063
-0.012196 0.712035
0.094374 0.692945
0.001539 0.705995
-0.000762 0.709040
-0.002668 0.704852
-0.001825 0.706711
0.007550 0.712138
-0.005450 0.712366
0.005122 0.709450
-0.007788 0.702694
-0.009593 0.711403
-0.003721 0.647377
0.008023 0.704341
0.011049 0.706651
0.002281 0.705932
0.000649 0.707881
0.016013 0.707745
-0.007521 0.711169
-0.003618 0.708610
0.000683 0.700368
-0.017758 0.684583
-0.024916 0.656057
-0.001281 0.709591
-0.002080 0.707546
0.004998 0.708127
0.000762 0.707737
-0.000204 0.705067
0.001921 0.704275
0.007834 0.713093
0.000170 0.703680
0.005665 0.692275
-0.008128 0.714421
-0.001428 0.705473
0.007671 0.709299
0.002796 0.704746
-0.001988 0.705994
0.004165 0.708762
0.013946 0.708736
-0.002012 0.708525
-0.002483 0.703758
0.002459 0.699671
-0.036396 0.800845
0.004510 0.707610
0.000601 0.704663
0.002273 0.708244
0.006033 0.702405
0.001547 0.711962
-0.000577 0.714502
0.001790 0.699349
0.009278 0.710075
-0.009456 0.690786
0.012775 0.706217
0.011389 0.707329
0.005420 0.706537
0.006710 0.704885
0.004406 0.704982
0.008340 0.706645
-0.003711 0.709071
0.006510 0.701577
0.005878 0.702866
-0.012341 0.726588
0.052970 0.693584
-0.001166 0.707142
0.000676 0.706171
0.000694 0.706360
-0.000317 0.707035
0.005243 0.703298
0.012085 0.709658
0.004638 0.705011
0.005156 0.707225
-0.004178 0.697077
-0.084321 0.730512
-0.005256 0.710631
-0.000691 0.705286
-0.001813 0.705953
0.002364 0.706462
-0.000456 0.708787
0.000834 0.702851
0.006079 0.707702
-0.007096 0.707585
-0.013078 0.722414
-0.004718 0.642487
0.002068 0.706232
0.005138 0.706202
0.004701 0.708405
0.012306 0.707945
-0.003306 0.709098
0.011133 0.709461
-0.002426 0.710424
0.005795 0.700962
0.012829 0.696250
0.075405 0.784911
0.002760 0.708791
0.001728 0.706958
0.002594 0.703311
0.002693 0.705132
0.005409 0.707410
-0.005247 0.708028
-0.004315 0.709662
-0.008981 0.711160
0.025751 0.720570
-0.005998 0.767354
0.003798 0.708129
-0.000651 0.705479
-0.003827 0.707067
-0.004526 0.707905
-0.001364 0.707982
-0.004176 0.705579
0.004198 0.714475
0.001757 0.705393
0.007733 0.714734
0.085850 0.669514
0.017586 0.703710
0.018724 0.705091
0.020923 0.701731
0.016569 0.704769
0.016492 0.699856
0.009534 0.704937
0.009681 0.706412
0.004244 0.710482
0.045125 0.717804
-0.016662 0.716325
-0.006213 0.708434
-0.001117 0.708702
0.004877 0.711544
-0.002728 0.714752
-0.004366 0.711857
-0.006103 0.709110
0.003544 0.698322
0.003896 0.699141
-0.025643 0.689320
0.031123 0.743207
0.026467 0.705777
0.026823 0.705476
0.019335 0.708637
0.020917 0.708151
0.019120 0.705510
0.024326 0.713649
0.026414 0.713783
0.028277 0.705131
0.017573 0.723807
-0.112691 0.678054
-0.009933 0.708514
-0.009164 0.707439
-0.010341 0.703710
-0.014115 0.706764
-0.013475 0.704968
-0.008999 0.706525
-0.001719 0.700566
0.004650 0.704236
0.003883 0.724761
-0.077778 0.627664
0.003514 0.705069
0.004616 0.704948
0.002939 0.705041
0.000728 0.707290
0.000165 0.710126
0.000020 0.710075
0.012301 0.703183
0.009082 0.712718
-0.000501 0.697010
-0.097577 0.673386
-0.011168 0.708860
0.001267 0.706671
-0.006470 0.711058
-0.000361 0.709069
-0.003187 0.713277
-0.006318 0.709050
-0.002742 0.712444
-0.008336 0.706701
0.017770 0.706113
0.102522 0.672693
-0.014307 0.699488
0.000989 0.696306
-0.004846 0.699224
0.011948 0.695103
0.012395 0.700585
0.013920 0.700826
0.006170 0.695384
0.010409 0.699968
0.046177 0.699215
0.053794 0.600312
-0.050133 0.712886
-0.055972 0.714885
-0.049528 0.713018
-0.053311 0.716044
-0.057489 0.711417
-0.057100 0.713764
-0.050375 0.717908
-0.050357 0.715037
-0.075419 0.695425
-0.225931 0.791453
-0.043767 -0.034704 -0.003661 -0.002645 0.000419 -0.005042 -0.000101 0.004816 
0.231884 -0.015823 -0.001260 -0.002497 0.002450 0.004333 0.003749 -0.000284 
-0.047172 -0.015475 -0.008461 0.005103 -0.004503 0.000231 0.001307 0.004129 
0.153033 -0.001448 -0.005202 -0.003903 0.010316 -0.008530 0.001529 -0.003097 
-0.017011 -0.000054 0.003237 0.001315 0.003281 -0.003245 0.000929 -0.004213 
0.062020 0.000671 -0.000489 0.011195 -0.005807 0.001416 -0.002673 0.004036 
-0.002007 -0.000078 0.004527 -0.000471 -0.001357 0.001198 0.004219 -0.002472 
-0.018180 -0.002107 -0.001847 0.004500 -0.002986 0.002392 0.000887 0.002105 
0.019667 0.006666 0.002966 0.003927 0.002429 0.001685 -0.000271 -0.000809 
-0.094078 -0.005423 0.003549 -0.002307 0.006285 -0.001100 -0.002564 -0.005245 
0.047300 -0.012301 0.007957 0.000189 0.000083 0.004714 -0.004464 0.002114 
-0.155486 -0.011613 0.000896 -0.000437 -0.001266 -0.001612 -0.000369 -0.003325 
0.050676 -0.020123 -0.000811 -0.002768 0.004860 -0.000530 0.002168 0.006152 
-0.200637 -0.024152 -0.006947 0.001012 0.002348 -0.000863 -0.002287 0.003930 
0.066648 -0.036858 -0.008142 -0.002070 0.001800 0.005355 -0.000405 -0.002162 
-0.234681 -0.034560 0.002582 0.002556 -0.006753 0.002066 -0.005179 0.010651 
0.043941 -0.039357 -0.003155 -0.001773 0.000003 0.003178 -0.000653 -0.002505 
-0.238452 -0.020269 0.001374 0.002544 -0.001434 -0.002784 0.004033 -0.005544 
-0.009732 -0.012668 0.005606 -0.001990 -0.000370 -0.000690 0.004204 0.000356 
-0.227163 -0.002499 -0.004053 -0.008452 -0.006941 -0.002991 -0.003349 -0.001575 
-0.003698 -0.006418 -0.004065 -0.002671 -0.007272 -0.002979 -0.004902 -0.003927 
-0.013551 -0.001810 0.000035 0.002950 -0.001498 -0.004792 -0.002835 0.003342 
0.000195 -0.004644 -0.003263 0.002647 0.010697 -0.007326 -0.002048 -0.001428 
-0.017741 -0.006422 -0.005572 0.003853 -0.002285 -0.003543 -0.000311 -0.006719 
0.010540 0.000805 -0.004096 -0.001647 0.007535 -0.000180 0.000614 0.002229 
-0.015100 0.001642 -0.001708 -0.002809 0.008379 -0.009531 0.000966 0.001137 
0.000093 -0.003956 -0.002842 0.008763 0.001421 0.007534 -0.000434 0.013035 
-0.002744 -0.001377 0.001646 0.000313 -0.006702 -0.002152 0.001806 0.001439 
0.005246 -0.002424 -0.004929 0.003963 0.004990 -0.002119 0.004180 0.000253 
0.006246 0.004289 -0.005399 0.001042 0.003390 -0.003922 0.002019 -0.000223 
0.002932 0.002159 0.002657 -0.000641 -0.002581 0.004515 -0.004202 -0.001427 
0.012230 -0.007356 -0.008235 0.000759 -0.008502 -0.002235 -0.000734 0.000613 
0.001860 0.005344 -0.007556 0.002103 0.001400 0.012014 0.001043 0.001839 
0.013174 -0.004877 -0.000223 0.000258 0.007941 0.002041 0.001477 -0.005749 
0.005344 0.011974 -0.000923 0.008412 0.000246 -0.004478 -0.004671 -0.005772 
0.005761 -0.006799 0.006170 0.011639 0.000259 -0.000257 -0.009986 -0.003604 
0.011148 0.002471 -0.000237 0.011980 0.001093 -0.000142 0.004345 -0.016361 
0.021567 0.001310 -0.001173 0.008965 -0.004803 -0.001783 -0.011691 -0.004350 
-0.017680 -0.005585 0.001307 0.000245 -0.009650 0.008686 -0.008187 -0.001913 
-0.016265 -0.002938 -0.010320 0.000806 0.009627 0.010379 0.008579 0.025208 
-0.045666 -0.037837 -0.001057 -0.002432 0.000748 -0.001674 -0.002966 0.004593 
0.232517 -0.015412 0.000898 0.000060 0.004336 0.009454 -0.001053 0.002949 
-0.047336 -0.014631 -0.003984 0.002679 -0.002486 -0.002512 0.004304 -0.001063 
0.155941 -0.001152 -0.002422 -0.001476 0.006348 -0.004534 -0.000868 -0.000261 
-0.017447 0.000549 0.005044 0.003710 -0.001341 -0.000520 0.002516 -0.004751 
0.063469 -0.000671 0.001042 0.009043 -0.001881 0.002601 -0.004380 0.008626 
-0.001718 0.000679 0.003364 0.001199 -0.003774 0.002233 0.002468 -0.002570 
-0.017244 -0.002748 -0.000944 0.001262 -0.002747 0.003523 0.000278 0.002932 
0.019728 0.006455 0.001374 0.001203 0.005938 0.000914 0.000942 -0.002042 
-0.094195 -0.006413 0.002910 -0.003920 0.002917 -0.001963 -0.001589 -0.002989 
0.047550 -0.011514 0.006065 0.001123 -0.001486 0.001574 -0.003499 0.002963 
-0.156330 -0.011569 -0.000916 0.000224 -0.001329 0.001540 0.001319 -0.002613 
0.051089 -0.019804 -0.002773 -0.003026 0.005068 0.000084 0.000213 -0.001120 
-0.202027 -0.024800 -0.007854 0.001701 0.002893 -0.000263 -0.003769 0.000746 
0.066908 -0.037438 -0.008120 -0.001031 0.002580 0.004865 0.001674 0.000418 
-0.234937 -0.035619 0.000346 0.005282 -0.007008 -0.001451 -0.003663 0.006966 
0.042247 -0.039209 -0.005413 -0.000422 -0.000238 0.002347 -0.001870 0.002239 
-0.241661 -0.022993 0.000726 -0.000156 0.001053 -0.001963 0.003151 -0.002558 
-0.003959 -0.008150 0.005217 -0.002900 0.000025 -0.003162 0.003351 -0.000503 
-0.226267 -0.004180 -0.006076 -0.008355 -0.004736 -0.004456 -0.005881 0.001061 
-0.002275 -0.033490 0.005891 0.000501 0.000291 -0.000459 0.002220 0.000634 
-0.208409 0.004213 0.004479 -0.007733 -0.005762 -0.001332 -0.000225 -0.002206 
-0.002799 -0.017341 -0.000912 -0.001437 -0.007856 0.010491 0.001634 0.000463 
-0.144581 -0.000881 0.002665 0.001769 -0.000047 0.010398 0.006735 -0.001850 
-0.010379 -0.006656 -0.003162 0.006484 0.003073 -0.000923 0.000331 -0.000358 
-0.071983 0.003710 -0.002237 0.000949 0.005369 0.001838 0.002206 0.000487 
0.002081 0.003149 0.002126 -0.001318 0.001622 0.001389 0.000290 0.000857 
0.008972 0.004949 -0.003786 -0.005633 -0.001724 0.011597 0.001595 -0.003402 
0.006154 -0.010037 0.000110 0.009583 -0.003653 -0.002816 -0.008199 0.000278 
0.067053 0.007843 -0.000581 -0.002011 0.008681 -0.004490 0.000804 0.002102 
0.002337 -0.013308 0.001659 0.002853 0.004007 -0.009808 0.004785 0.002485 
0.115495 0.006017 0.003744 0.003100 -0.004047 0.001051 -0.009694 -0.005613 
0.001072 -0.019275 -0.003460 0.013628 -0.003609 -0.012908 -0.004289 0.002807 
0.149560 0.003729 -0.010594 0.005118 0.000328 0.000959 -0.012541 -0.007645 
-0.001741 -0.014992 -0.001045 0.010240 -0.001405 0.003337 -0.003453 -0.001259 
0.168793 0.004600 -0.021005 -0.001073 0.009047 0.004409 -0.009647 -0.013921 
0.003977 -0.002854 0.007487 0.011117 0.007550 -0.009323 -0.000017 -0.001561 
0.158068 -0.003503 -0.009939 0.005975 0.009566 0.003627 -0.010329 -0.009179 
-0.033782 0.032914 0.001014 0.002090 0.002286 -0.014783 0.006794 -0.004115 
0.175705 -0.005977 -0.005733 0.007034 0.001936 0.000840 -0.018034 -0.006543 
0.026410 -0.011723 0.001415 0.001117 -0.002541 0.003879 0.001294 -0.002618 
-0.076397 -0.001960 -0.000452 0.000980 -0.007433 -0.001024 -0.002117 -0.003836 
0.016073 -0.000950 0.007342 -0.002447 0.000562 0.001727 -0.007302 0.001866 
-0.044968 0.002053 -0.007365 0.000851 -0.007910 0.007258 0.004761 -0.007513 
0.005970 -0.003128 0.000997 -0.003434 0.000698 0.005900 -0.004320 -0.001862 
-0.016331 0.012683 -0.009031 -0.001469 -0.003927 -0.001746 0.004514 -0.005043 
-0.004270 -0.012025 -0.003742 -0.003156 -0.002356 -0.004065 0.007050 0.001559 
0.005681 0.008169 -0.004650 -0.000914 -0.004034 0.005522 0.001658 0.001358 
-0.012546 -0.002316 0.007226 -0.002292 0.002468 0.001545 0.004041 -0.001487 
0.019757 -0.000587 -0.000506 -0.009452 0.000036 0.000655 -0.005406 -0.003561 
-0.015785 -0.003458 -0.001359 -0.008097 -0.003552 -0.001572 0.003344 0.002835 
0.039957 0.003062 -0.000805 0.004319 0.000899 0.006988 -0.004069 0.004856 
-0.021779 -0.006238 -0.003799 -0.001151 0.007355 0.000598 -0.001023 -0.003713 
0.063868 0.000297 0.000088 -0.002877 0.009065 -0.001061 -0.002107 -0.002722 
-0.026429 0.003609 0.001027 0.005972 -0.001399 0.003392 -0.002753 0.003379 
0.068233 0.002400 0.000965 0.006106 -0.006642 -0.002813 0.001973 -0.008620 
-0.027820 -0.005454 0.006440 0.000769 -0.002913 0.010480 0.000402 -0.001550 
0.090195 -0.005492 -0.000872 0.002584 -0.005416 -0.004114 -0.004931 -0.004567 
-0.043977 0.008465 0.007012 0.003400 -0.005119 0.011126 -0.002381 -0.007501 
0.097345 -0.021360 0.006859 0.006942 0.000490 0.002071 0.012171 -0.000627 
0.045559 -0.009429 0.005832 -0.001340 -0.002729 0.002676 0.000064 -0.002321 
-0.040216 0.000501 0.002756 -0.002348 0.001083 -0.005020 -0.000887 -0.001766 
0.017707 0.002415 -0.007659 0.005901 0.001014 0.004439 -0.002943 0.000736 
-0.025792 0.002117 -0.003784 -0.008967 -0.001708 0.009689 -0.006773 0.000852 
0.016548 0.011963 0.005983 -0.001784 0.007730 -0.001185 0.001258 0.001981 
-0.006648 0.008601 -0.001197 0.004377 -0.000356 0.002028 -0.002669 -0.003746 
-0.005778 -0.004998 0.004985 0.002147 0.004970 0.001330 0.000322 0.003925 
-0.002216 0.004807 -0.000186 0.000793 -0.005720 0.003714 0.005064 0.005510 
-0.021236 0.005482 -0.000953 0.002051 -0.009365 0.002452 -0.010341 0.000409 
0.007403 0.000467 0.001624 -0.003090 0.001354 0.004224 0.002593 0.000064 
-0.024073 0.004236 0.005778 0.004763 -0.000429 0.002464 0.001552 -0.003259 
0.021702 0.000879 -0.000083 0.001726 0.009454 0.004662 -0.006345 -0.004112 
-0.039350 -0.000246 -0.002044 -0.000435 -0.002195 -0.004839 0.007316 0.008543 
0.030760 0.004982 -0.000766 -0.002628 -0.001751 0.000692 -0.000929 -0.000585 
-0.047716 -0.000423 -0.002700 -0.004058 0.006070 -0.005292 -0.003178 -0.005989 
0.042933 0.002661 -0.007476 0.009046 -0.001567 -0.001739 -0.002119 0.002497 
-0.041627 -0.000833 0.000237 -0.001649 -0.005031 0.007246 -0.005573 0.000767 
0.051266 -0.004744 0.001439 0.000058 -0.003085 0.009669 -0.003347 0.000465 
-0.071977 0.023991 -0.004610 0.001811 0.009307 0.005984 -0.005056 0.009620 
0.048485 -0.013867 0.007327 -0.002365 -0.005424 -0.000088 -0.004413 0.001262 
0.019505 -0.001899 -0.000810 -0.006942 -0.001136 0.002182 0.001399 0.001703 
-0.016643 -0.000193 0.004796 -0.004010 -0.004263 -0.003170 -0.000074 0.002275 
0.012279 0.005133 -0.001581 -0.002152 -0.002045 -0.002216 0.005212 -0.011066 
-0.014832 0.000257 -0.001332 -0.002758 -0.011201 -0.004992 0.010510 -0.003238 
0.001667 0.008115 0.008584 -0.004129 -0.001470 -0.000468 0.003992 -0.003991 
-0.006189 0.003030 0.000853 0.004955 -0.000160 0.002799 0.001671 -0.001424 
-0.000489 -0.002862 0.000122 0.001345 0.008104 0.003049 -0.000168 0.002019 
0.001460 0.004606 -0.002034 -0.004484 0.000934 -0.002416 0.002512 -0.005879 
-0.004465 -0.002363 0.002231 -0.001421 -0.003380 0.006894 0.001246 -0.000071 
0.004271 -0.007700 0.001172 -0.004772 -0.003980 0.000970 0.002453 -0.004549 
-0.004399 0.005748 0.002499 -0.003419 0.004263 -0.002868 0.005661 -0.000036 
0.003388 -0.005084 -0.007170 -0.004690 -0.000382 -0.008227 -0.000566 -0.001452 
-0.014062 0.001677 0.000056 0.003192 -0.004125 -0.004158 0.002060 -0.005089 
0.017689 -0.003762 -0.000837 0.002989 0.008678 0.000139 0.002761 -0.000737 
-0.022330 -0.002918 0.007799 -0.007872 0.006797 -0.000470 -0.003060 -0.000637 
0.018733 -0.003724 -0.005659 -0.005017 -0.000626 -0.000232 0.000656 0.008877 
-0.018326 0.002137 0.000640 -0.002609 0.002452 0.004372 -0.002677 -0.001528 
0.022446 0.002499 -0.002219 -0.005590 0.003663 0.000229 0.004391 0.001469 
-0.013780 -0.005889 0.004446 -0.005314 -0.000183 0.007225 0.002245 0.002661 
0.066639 -0.004335 0.005558 0.006700 0.008947 -0.000826 -0.003307 0.006518 
0.004453 -0.000486 -0.004001 0.002772 0.006586 0.002264 -0.001030 0.000228 
-0.036674 0.000152 0.004930 -0.003130 -0.001013 0.003187 0.006604 -0.004336 
0.000869 0.002127 -0.001835 0.002851 0.003716 0.008139 -0.002897 0.002537 
-0.022400 -0.009148 -0.000064 0.000688 -0.002082 0.002868 -0.001972 -0.003470 
-0.002608 0.002891 -0.010750 0.001692 -0.004904 0.000172 0.003084 -0.000772 
-0.014616 0.003232 -0.003751 -0.003202 -0.000034 -0.012066 -0.004622 0.007248 
0.007890 0.008372 0.002811 -0.005191 0.006401 0.004432 -0.004065 -0.003376 
0.001977 -0.008052 0.001079 0.000822 0.001643 0.004785 -0.009061 -0.003706 
-0.000385 0.003998 0.005059 -0.005110 -0.002485 0.003335 0.002333 -0.000670 
0.018746 -0.004236 0.003947 0.003208 -0.003831 0.005712 -0.004389 -0.000270 
0.002711 0.004312 0.006447 -0.007075 0.006189 -0.004825 0.003846 0.001714 
0.035497 -0.009696 -0.001424 0.001450 -0.000636 0.001394 0.002419 0.001442 
0.003661 -0.010721 -0.001455 0.000401 -0.000249 -0.000196 0.003706 -0.006238 
0.034287 0.000608 -0.002421 0.003881 0.012241 0.001120 0.003132 -0.000125 
0.003986 0.003954 0.002905 -0.002048 0.002542 0.005645 -0.000280 -0.001695 
0.053004 -0.002838 -0.006362 -0.001831 0.001373 -0.002025 0.002275 -0.000434 
-0.010904 0.001731 -0.002949 -0.006875 -0.009765 0.002868 0.002442 0.000432 
0.040153 -0.003359 0.001467 -0.003784 0.002906 0.007758 -0.001330 0.010648 
-0.039260 -0.005910 -0.008108 0.001820 -0.008853 0.010952 0.003196 0.004753 
0.050120 -0.005864 0.015174 -0.001894 0.014080 0.004277 -0.000417 -0.000822 
0.053672 -0.018062 -0.001893 -0.003308 -0.006911 -0.008523 0.001337 -0.000626 
-0.159307 -0.009172 0.002192 -0.008024 0.000248 0.003275 0.005836 0.000125 
0.021374 -0.002056 0.004595 -0.008924 -0.003792 -0.001774 0.002018 0.002253 
-0.094213 0.000804 -0.002431 -0.002900 0.000819 -0.002656 -0.010031 0.001430 
0.005616 0.001000 -0.000421 -0.005270 0.001464 -0.001275 -0.000584 0.005436 
-0.038344 0.002827 0.000696 0.003504 -0.001318 -0.001157 0.002156 0.004594 
-0.005074 0.000978 0.001441 -0.002687 -0.001858 -0.002687 -0.006442 -0.000288 
0.011783 -0.001652 -0.000190 0.000091 0.002847 0.011532 -0.000878 -0.007429 
-0.016792 0.000831 -0.004319 -0.002988 -0.008644 0.003618 0.002354 -0.003177 
0.045184 -0.002200 0.006950 -0.003330 0.003872 -0.007322 0.000404 0.000195 
-0.023874 -0.001377 0.001614 0.004161 0.001340 0.005082 0.002961 -0.002266 
0.098852 -0.004504 -0.000555 0.008228 -0.002971 0.002045 0.001288 0.000726 
-0.035229 -0.011716 -0.006477 0.010732 -0.007643 0.001977 -0.000950 0.002484 
0.142590 0.002997 0.001092 -0.001236 0.000695 0.001202 -0.005390 -0.000064 
-0.047680 -0.023016 0.004724 0.003865 -0.001820 -0.001290 0.000145 -0.005125 
0.172042 -0.007616 -0.002288 0.005711 0.004028 -0.000543 -0.002889 -0.000560 
-0.052673 -0.015672 -0.003985 0.006595 0.002611 -0.002510 -0.002669 -0.001754 
0.186725 -0.009647 -0.003922 0.004011 0.002102 -0.000616 0.002987 -0.004387 
-0.114514 -0.021011 0.011217 0.005278 -0.004882 0.001165 -0.006257 -0.000882 
0.235964 -0.035071 -0.000995 0.002389 -0.003920 -0.000026 -0.002714 0.004066 
0.015999 -0.002089 0.006347 0.001648 -0.004028 0.004942 0.005877 0.007376 
-0.015982 0.002891 0.000778 -0.003867 -0.001069 0.002525 0.001954 -0.004184 
0.013197 0.006442 -0.003618 0.000206 0.000758 -0.004810 -0.004384 -0.004128 
-0.013308 -0.002085 -0.000240 0.007423 -0.002256 -0.009243 0.004598 -0.003624 
0.004888 -0.003829 0.008165 0.008604 0.004250 -0.003262 0.001100 0.001264 
-0.005756 0.002637 -0.000011 -0.002087 0.002061 0.004061 -0.004144 0.003695 
-0.005979 -0.009021 -0.002959 0.010039 -0.000548 0.004136 0.001898 -0.002312 
-0.000668 0.002214 0.003599 0.003715 -0.004435 0.001014 -0.000534 0.005532 
-0.014339 -0.006144 0.002371 0.005103 0.003662 0.001938 -0.004531 0.004097 
0.005112 0.000236 0.005868 0.009282 -0.000393 -0.002743 -0.003011 0.001048 
-0.015647 0.001526 -0.000410 -0.002191 0.000407 0.006926 -0.007650 0.000036 
0.010137 -0.001468 -0.002586 -0.000032 0.004191 0.006380 0.002473 -0.003962 
-0.008523 -0.002157 -0.002338 -0.005402 0.002594 -0.003425 -0.006857 0.000277 
0.015529 -0.001086 0.002756 0.001569 -0.003804 0.001566 -0.004192 -0.000471 
-0.014392 0.001844 0.000060 -0.004642 0.003688 0.003196 0.001283 0.001980 
0.018950 0.002946 0.000986 0.000146 0.000502 0.005059 -0.005261 -0.006948 
-0.010050 -0.000801 -0.006580 -0.001906 -0.011340 0.002782 -0.009371 0.001036 
0.018046 0.001035 0.011291 0.002518 -0.009304 0.008001 0.006022 -0.003169 
-0.015183 0.013302 0.024459 0.003015 -0.004739 -0.004671 -0.006764 0.007295 
0.045904 -0.012432 -0.020045 0.005198 0.003874 0.002821 -0.001573 -0.011526 
0.020640 -0.010354 0.001735 -0.003560 0.004977 0.003180 0.006039 -0.004340 
-0.013182 0.011655 -0.001461 -0.003937 -0.001825 -0.002507 0.005806 0.003191 
0.006087 -0.005999 0.005704 0.005786 -0.007489 0.001144 0.002769 -0.001872 
-0.012116 0.004012 0.005587 -0.005511 -0.003691 0.000096 0.007251 0.004157 
0.011052 -0.000706 0.006093 0.009612 -0.004988 0.000847 -0.001689 0.002743 
-0.000250 0.004791 -0.007185 0.004847 0.005641 -0.006019 0.002547 0.000580 
0.005554 -0.002321 -0.001994 -0.002843 0.000906 -0.000929 -0.005542 -0.005555 
0.002209 -0.005505 0.001153 -0.005250 -0.005384 0.003416 -0.001404 -0.004353 
-0.010604 0.003260 -0.002768 -0.002658 -0.003598 0.007133 -0.004853 -0.002396 
0.001187 -0.000321 0.000017 0.003149 -0.000351 0.008767 0.001295 0.005604 
-0.009874 -0.001779 0.001045 -0.003674 0.001213 0.002125 0.001541 -0.005114 
0.017938 0.001330 0.007954 -0.003105 -0.000768 0.003845 0.004114 0.003224 
-0.019836 0.005080 0.004605 -0.013770 0.007278 -0.004595 0.000232 0.003419 
0.014859 0.003163 0.002477 0.003285 0.000619 0.007120 0.001449 0.003490 
-0.013458 0.004095 -0.000907 -0.003073 0.002115 -0.004654 -0.004866 0.004268 
0.008272 0.003117 0.013054 -0.000014 -0.004262 0.005990 -0.006477 -0.013860 
-0.004845 0.014810 0.003078 0.010775 -0.006143 0.015803 -0.005813 0.009139 
0.012029 -0.000300 0.009354 0.002115 -0.004409 0.001780 0.004528 0.002382 
-0.002630 0.043315 -0.009241 0.002475 0.012308 0.001996 -0.011983 0.005642 
0.003089 0.003703 0.010360 0.004907 -0.000929 0.007267 0.005599 -0.008690 
0.022760 -0.007918 0.002836 -0.001054 0.013180 0.001378 -0.000024 0.002340 
-0.023850 -0.000575 -0.002390 0.001941 0.001025 -0.004651 -0.000864 -0.006917 
0.009367 -0.000784 -0.007541 0.002308 -0.008700 0.006354 -0.003701 -0.006959 
-0.010414 0.003557 -0.001451 0.004541 0.006589 0.000352 -0.002133 -0.000747 
0.008717 0.003136 -0.003398 -0.000141 0.003453 -0.002647 -0.001041 0.008116 
-0.005330 -0.000825 0.000199 -0.002688 0.001234 0.004736 -0.001546 -0.001332 
-0.000592 0.002260 0.004655 0.000789 0.007671 -0.003897 -0.000701 -0.005047 
0.000804 0.001856 0.005226 0.007320 0.000282 -0.003828 0.000835 0.004918 
-0.006811 -0.000599 -0.002367 -0.005440 0.002142 0.004047 0.002756 0.001175 
-0.000564 -0.010862 0.004091 -0.003137 -0.005861 0.007743 0.005216 -0.000076 
-0.009170 0.003737 0.002598 -0.004227 0.001910 -0.002588 0.001147 -0.000774 
0.011649 0.000598 -0.001455 0.001222 -0.012360 -0.000565 -0.006205 0.003189 
-0.017049 0.001982 -0.002785 0.005086 0.000915 -0.002266 0.006740 0.003768 
0.014814 -0.002430 0.002077 -0.006600 -0.010387 -0.002297 -0.003923 -0.004867 
-0.024332 0.006443 -0.005764 0.007246 0.004450 -0.000573 -0.006719 0.002032 
0.023659 -0.002574 0.010415 0.003455 -0.008303 0.002349 0.001926 0.006662 
-0.024040 0.006026 0.002513 -0.002355 -0.000360 -0.004018 0.004846 0.002065 
0.014406 -0.003161 0.003296 -0.004082 -0.000972 0.013269 -0.003521 -0.009851 
-0.028379 0.032983 -0.013267 -0.002602 0.002824 0.025103 -0.012688 0.003744 
0.003241 -0.004680 -0.003146 0.008059 -0.010155 0.000291 -0.006094 0.000728 
0.019091 -0.008578 -0.003706 0.004087 0.005155 0.000868 0.003991 0.003141 
-0.009809 0.005797 -0.001990 0.004783 0.003572 -0.000436 0.004557 -0.000647 
0.004383 -0.009600 -0.000230 -0.003439 -0.003917 -0.000670 0.001913 -0.007285 
-0.010687 0.008301 -0.002108 0.001363 0.004284 0.000869 -0.005443 0.007372 
0.003949 0.004593 0.001145 -0.000217 -0.000343 0.001160 0.003989 0.003663 
-0.000296 0.008514 -0.001338 -0.000934 -0.007495 0.000245 -0.001383 0.000368 
-0.005162 -0.000541 -0.004385 -0.002341 0.002259 -0.002615 0.002259 -0.002821 
-0.002010 0.002250 0.001105 -0.001483 0.004257 -0.001487 0.003961 0.000746 
-0.008490 0.002141 -0.008881 0.003322 0.000765 0.003154 0.003646 -0.001451 
0.008865 0.000866 0.002716 -0.001619 0.001802 -0.000410 -0.003253 -0.000324 
-0.018458 -0.000331 -0.003247 0.003020 0.008107 0.004107 -0.001931 0.004426 
0.006436 -0.002285 0.005959 0.004551 -0.003367 0.002237 0.004811 -0.005700 
-0.024096 0.002521 -0.005666 0.009504 0.003263 -0.000720 -0.003504 0.004694 
0.016725 0.001268 -0.000723 0.001992 -0.002017 -0.002362 -0.001645 0.005241 
-0.018976 0.007069 0.002803 -0.002353 0.002937 -0.002667 0.004240 -0.004707 
0.009090 0.001690 0.005143 -0.002174 -0.006257 0.007430 -0.001286 0.001628 
-0.001856 0.000084 -0.003536 -0.001818 0.002864 0.007392 -0.022952 0.003333 
0.018706 0.002349 0.002500 0.004270 0.007704 -0.000761 0.000358 0.002787 
-0.035503 0.033927 -0.003857 0.004834 -0.001001 0.014864 0.002246 0.006804 
-0.009301 0.008457 0.013675 -0.002491 0.003313 0.008555 -0.007618 -0.010663 
0.014827 -0.000830 0.002288 -0.003431 -0.002211 0.000677 -0.000944 -0.002253 
-0.018457 0.004941 0.001147 0.005181 -0.003631 0.005139 -0.004327 -0.001458 
0.007821 0.006030 0.000596 -0.001711 0.001334 -0.008455 -0.001713 0.003004 
-0.015448 0.014871 0.001675 0.003910 -0.003129 0.000054 0.002542 -0.001206 
0.009090 0.000632 -0.001487 -0.003864 0.000794 0.007528 -0.000876 -0.000813 
0.002423 0.001186 -0.007955 0.000889 0.004339 -0.001352 0.001939 -0.001760 
0.003891 0.000726 0.004678 -0.000436 -0.005936 -0.000344 -0.000373 -0.003522 
-0.000449 0.003823 0.004906 0.001127 -0.008550 0.000904 0.000986 0.004159 
-0.008969 0.006592 0.002817 -0.006500 0.003609 0.006528 0.000104 0.001099 
0.002042 0.004532 0.004062 0.006425 -0.004855 0.013221 -0.000828 -0.001356 
-0.004763 0.004355 0.000726 -0.003556 0.009037 0.000069 -0.011326 0.001112 
0.007004 0.003289 0.001677 -0.001197 -0.007664 0.001509 0.004885 0.001020 
-0.009294 0.004127 0.004309 0.007636 0.006661 0.005996 0.002297 0.003909 
0.007925 0.003558 0.002519 -0.002731 0.008410 -0.000535 0.004530 -0.001467 
-0.012792 -0.010482 -0.001766 0.001467 0.002799 -0.003448 -0.001712 0.013248 
0.017460 0.001888 0.006166 0.004895 -0.005739 -0.000293 0.000703 0.000632 
-0.006725 0.005249 -0.010136 -0.000685 0.001937 0.007208 -0.000533 -0.000908 
0.009490 0.000965 0.008248 -0.006593 -0.002464 -0.006861 0.002491 -0.002325 
-0.018767 0.019928 -0.008052 -0.013724 0.007750 0.000966 -0.009283 -0.006569 
0.006947 0.002728 -0.008163 -0.004735 -0.004863 -0.021398 0.005874 0.001645 
0.013555 -0.000850 -0.002117 0.000541 -0.000962 -0.000386 0.000849 -0.000012 
-0.005670 -0.003849 -0.002017 -0.003289 0.000476 -0.000309 -0.000925 0.003009 
0.008130 0.001474 0.008805 0.004377 -0.001482 -0.001754 -0.001647 0.006092 
-0.008312 0.001257 0.007162 0.002585 -0.004800 -0.010009 -0.002304 0.001180 
0.000757 -0.002189 0.003179 -0.002587 0.000140 0.000898 -0.005686 0.005476 
0.000993 -0.006680 0.004483 -0.001326 0.001097 0.002389 0.006653 0.000861 
-0.002400 0.007719 0.000639 0.002053 -0.002519 0.001270 -0.001917 0.002456 
0.003817 0.000236 -0.003251 0.000083 0.003944 -0.002143 0.001096 -0.003777 
-0.006840 0.000592 0.003563 0.009265 -0.004595 0.008596 -0.002613 -0.000155 
0.007018 -0.005227 -0.005174 -0.005914 -0.000248 -0.002034 -0.001502 -0.000947 
-0.005256 -0.000240 -0.000868 -0.003082 0.001840 -0.003562 0.002970 0.004080 
-0.002028 -0.001087 0.000203 0.003262 0.005324 0.001155 0.002720 -0.001399 
-0.010414 -0.007969 0.000245 -0.009925 -0.000965 -0.006855 0.010137 -0.000768 
0.012980 -0.001349 -0.001905 -0.000347 -0.004226 0.003522 -0.006575 0.001832 
-0.013940 -0.007637 0.003381 0.005154 0.000359 0.003271 0.002010 0.003222 
0.001555 -0.000192 0.005673 -0.004790 -0.000180 0.001619 -0.003062 0.000444 
-0.005469 0.004010 0.005375 -0.003095 0.008798 0.004069 -0.001625 0.003779 
0.008575 0.006556 0.005842 0.001658 0.006988 0.000837 -0.004483 0.003569 
-0.026853 0.009819 0.012702 -0.008623 0.012587 -0.010934 0.021954 -0.013595 
0.021801 -0.006345 0.021517 0.007028 0.013854 -0.008344 -0.008496 0.013423 
0.014212 -0.003660 0.004656 0.003760 -0.003264 -0.000699 0.011437 0.001028 
-0.000064 -0.002893 0.003605 -0.002755 -0.001930 -0.002890 0.006646 -0.000235 
0.001011 -0.000168 -0.003020 0.007298 0.001597 0.002201 0.001683 -0.004410 
-0.002138 -0.000720 -0.003442 0.002281 0.001778 0.003493 -0.003269 -0.007232 
0.001289 0.000758 0.000696 -0.003328 0.003137 -0.004242 -0.000210 0.006433 
-0.000117 0.005068 -0.000478 0.002859 -0.006871 0.004722 -0.002708 -0.000850 
0.002988 -0.003182 0.001321 -0.000072 0.011750 -0.000617 0.002514 0.001192 
-0.000030 -0.002503 0.003826 -0.005515 -0.004963 0.002316 -0.006593 -0.003955 
-0.001592 0.001240 0.005822 0.002096 -0.000434 -0.002720 0.000997 -0.006758 
0.002691 0.003664 0.000239 -0.002036 -0.002120 0.005242 -0.005520 -0.001709 
0.002490 0.008110 -0.000661 0.002368 0.001560 0.007816 -0.002842 0.003184 
0.005508 0.001269 0.000161 0.006894 0.003607 -0.003465 -0.001680 0.001516 
-0.001652 0.002330 0.005532 -0.001970 0.004400 0.003542 -0.007845 0.007507 
0.006207 -0.007363 0.004548 -0.006663 0.001659 -0.006431 -0.001624 -0.001812 
-0.009831 0.000751 0.004185 -0.000012 -0.000448 0.005656 0.005524 -0.002839 
0.011903 0.001179 0.002500 0.001200 0.004314 -0.005995 0.004462 -0.000562 
-0.008674 0.003751 -0.001064 -0.010600 0.005563 -0.007290 0.000712 -0.001401 
0.007848 -0.003293 0.008300 0.001884 -0.015487 -0.005484 -0.004278 0.006184 
0.014306 0.001688 -0.011345 -0.019096 0.006097 0.006823 0.002321 0.002464 
0.015053 -0.002543 0.014697 -0.003560 -0.004937 -0.003493 0.010305 -0.009769 
0.009402 -0.005300 0.000701 0.004007 0.003622 -0.001612 -0.002243 0.002833 
-0.008944 -0.004008 0.003400 0.002161 0.006378 -0.002119 -0.002833 0.005727 
0.007063 0.006674 -0.003252 -0.005331 0.001891 0.001019 -0.004235 -0.007016 
-0.007396 0.000993 0.003555 0.000418 -0.000149 0.002256 0.012401 0.004435 
0.004097 -0.001013 -0.005892 0.003197 -0.000717 0.001905 -0.001914 -0.005776 
-0.007437 0.000505 -0.002671 0.001401 0.003499 0.002597 0.004368 -0.000377 
-0.003083 -0.000079 -0.004067 0.004947 -0.001477 -0.003452 -0.004103 -0.000987 
0.001546 0.001536 0.001603 -0.000965 0.001786 -0.009042 0.003523 -0.000636 
-0.009596 -0.009259 0.010351 -0.000382 -0.004920 0.003638 -0.001686 -0.000779 
0.000186 -0.001872 0.002300 0.003588 -0.007465 -0.000818 0.004987 0.005389 
-0.008781 0.005698 -0.001446 -0.002037 0.001531 0.002037 -0.004419 0.000495 
0.006972 -0.003843 0.008466 0.002780 -0.000385 -0.004152 0.003643 0.009273 
-0.006159 0.009601 -0.003808 -0.007857 0.005375 -0.001597 -0.005094 0.001858 
0.008959 0.004079 -0.000129 0.001056 0.000523 -0.005654 0.002660 -0.004858 
-0.007256 0.000382 -0.004867 -0.001326 -0.004434 0.006030 0.001486 0.009919 
0.004247 -0.006125 0.002284 -0.000289 0.001767 0.001552 0.012410 -0.004958 
-0.013183 -0.009457 -0.000844 0.004875 0.001671 0.003264 -0.002067 0.000645 
-0.001535 -0.002676 -0.001915 0.010715 -0.005744 0.001914 0.005255 -0.002626 
0.005402 -0.003745 -0.001357 -0.009993 0.012608 0.007797 -0.005299 0.007180 
0.010710 0.003095 -0.007235 -0.006206 0.002802 0.007416 0.004205 -0.010184 
-0.002682 -0.001916 -0.005201 -0.001575 -0.000545 -0.000521 -0.005425 -0.000087 
-0.011562 0.002146 0.006226 0.000194 0.004106 0.000380 0.000920 0.001129 
-0.000592 -0.008719 -0.002775 0.006514 0.002172 -0.002699 -0.001405 0.000941 
-0.011836 0.002712 -0.004527 0.000558 -0.001566 0.003122 -0.007389 -0.001814 
0.001917 0.002482 -0.003979 0.003186 -0.003476 -0.000583 0.000456 -0.001340 
0.002671 -0.001814 0.000490 -0.004497 -0.006126 -0.002717 -0.000889 -0.003632 
0.000688 0.002004 -0.000919 -0.000980 0.002758 0.000586 -0.000136 0.003370 
-0.003633 -0.003800 0.004204 -0.006953 -0.003808 -0.002304 0.001686 -0.003178 
-0.003572 -0.002231 0.009233 -0.006420 0.006252 0.005034 0.002650 -0.004918 
0.001033 -0.004308 -0.000530 0.001149 -0.006931 -0.000021 -0.008123 0.005246 
0.002471 0.005303 0.007237 0.002262 0.006678 -0.006403 -0.005455 -0.001302 
-0.001634 0.001149 0.003127 0.006664 -0.000316 0.006233 -0.002789 0.003421 
-0.005089 0.006543 -0.004088 -0.003133 0.005623 -0.003825 -0.001757 -0.006071 
0.012208 -0.001169 0.002047 0.002632 -0.011053 0.001975 -0.004606 -0.002616 
-0.004080 0.007410 0.000681 0.010615 0.013033 -0.001848 0.001392 -0.008106 
0.004158 -0.000746 0.006449 -0.003443 0.000787 0.003193 0.005573 -0.003057 
0.009540 0.008191 -0.005017 -0.004168 -0.007594 0.006690 -0.005810 0.001835 
-0.001974 -0.006511 0.002341 0.004963 0.003473 0.004378 0.000410 -0.008357 
-0.003473 0.008908 -0.002033 -0.013682 0.013762 -0.002437 0.006728 0.020305 
0.014226 0.007293 0.005474 -0.000907 0.004834 0.006156 0.011187 -0.001419 
0.001412 -0.001462 -0.000536 -0.004484 -0.002113 -0.002727 -0.002346 -0.003709 
-0.008093 0.008527 0.005069 0.008379 0.000802 0.004165 0.000743 0.001006 
-0.002681 -0.001797 -0.001272 0.009576 0.006564 0.005056 -0.004928 -0.007246 
-0.003311 -0.000889 0.000745 -0.004324 0.005846 0.000702 -0.002377 0.007775 
-0.000300 -0.002213 0.001471 -0.002784 -0.002974 -0.000279 0.000981 -0.008706 
-0.006289 0.002486 -0.011344 0.002925 -0.005402 0.000153 -0.002257 -0.006003 
-0.004088 0.003577 0.002730 0.000780 -0.002796 -0.001536 0.001302 0.001638 
0.008280 0.002271 0.005241 0.002592 -0.000242 -0.002380 0.009046 0.003420 
0.002554 -0.006656 0.005370 -0.002211 0.002837 -0.004537 0.002373 0.002103 
0.002439 -0.002533 0.000153 0.007962 0.000496 -0.000253 0.002903 -0.001572 
-0.001387 -0.000980 0.009339 -0.002097 -0.004244 0.002919 -0.005741 0.003302 
0.001930 -0.003120 0.000178 0.001552 0.000351 0.001616 0.002405 0.000521 
-0.003082 0.001591 0.001887 -0.003230 0.002608 0.004965 0.003395 0.000718 
0.005487 -0.000437 0.004444 -0.001228 -0.007551 0.006716 0.005168 0.001809 
-0.001136 0.001919 0.007550 -0.002223 -0.005539 0.013074 -0.001250 -0.005510 
0.000574 -0.008591 0.002254 0.006111 0.003403 -0.002694 0.000596 -0.002412 
-0.004226 -0.000598 -0.001066 0.006189 0.002840 -0.000287 0.013838 -0.002431 
-0.004584 -0.002650 0.001249 -0.002663 0.006896 0.000536 0.002350 0.000132 
0.002246 -0.013679 0.002625 0.022407 0.018217 -0.008447 0.013532 0.011369 
0.013084 -0.004407 0.002043 -0.001788 0.001812 0.000260 0.000707 0.003794 
-0.000244 -0.010203 0.000503 0.002072 0.005262 -0.004200 0.005457 0.004742 
-0.012354 0.001611 0.005577 -0.007421 0.003273 0.000611 0.001083 0.001614 
0.000590 -0.003826 -0.000732 0.001462 0.001780 -0.002295 0.012061 -0.001933 
-0.001700 0.001545 -0.002700 -0.008379 -0.004583 -0.004240 -0.003916 0.003918 
-0.003068 -0.004449 -0.001615 -0.005699 -0.003692 -0.000094 -0.003567 0.004181 
-0.004743 0.002836 -0.000574 0.006558 0.001931 0.006135 -0.005549 0.003299 
0.008010 -0.000178 -0.008692 -0.002619 -0.007771 -0.004331 -0.004136 0.000720 
-0.004058 -0.002565 0.003431 0.005001 -0.002736 0.000849 -0.001395 0.001809 
-0.001735 0.002236 0.007171 0.003894 0.001793 0.001626 0.000508 -0.001049 
-0.000556 -0.001649 0.006112 0.000944 0.000800 -0.008213 -0.002702 -0.002635 
-0.000275 0.004587 -0.000318 0.004697 0.000195 -0.004486 -0.005239 0.004225 
0.012401 -0.007500 -0.003602 0.001425 -0.000363 -0.004266 0.002236 -0.006871 
0.000880 -0.008383 -0.004882 0.004086 0.004915 0.004464 -0.000844 -0.000889 
0.003350 0.000896 0.006570 -0.000103 0.001000 -0.000937 0.004416 0.003051 
0.009826 -0.002051 -0.000554 -0.006504 0.003405 -0.001265 0.010357 -0.006092 
0.006462 0.002153 -0.010773 0.005694 -0.005422 0.007052 0.001170 0.005133 
-0.002258 0.004547 -0.004352 0.004455 0.006254 0.002444 -0.001143 0.001248 
0.015864 0.007928 0.010403 0.000844 0.004004 0.001186 0.005309 0.001083 
-0.016179 -0.024917 -0.011413 0.000727 -0.001104 0.008418 0.005067 0.000958 
0.010972 -0.015014 0.008137 0.006034 0.000526 0.013926 -0.017381 -0.002791 
-0.000279 -0.005065 0.003780 0.005340 -0.000148 -0.006677 -0.003073 -0.003506 
-0.018108 0.002072 0.006250 0.003009 -0.003639 0.005180 -0.002229 0.000644 
0.004103 -0.000326 -0.003082 -0.003984 -0.003986 0.003251 -0.000979 -0.001152 
-0.011461 -0.002103 -0.008807 0.000764 -0.001746 -0.000084 -0.000133 -0.005068 
-0.007902 0.001760 -0.001597 -0.004859 -0.001869 -0.002941 -0.000713 -0.003498 
-0.003742 0.002387 -0.000475 -0.002543 0.002386 0.004926 -0.004388 0.002951 
0.002495 0.001188 -0.000141 -0.002244 -0.002089 0.005231 -0.008294 0.004463 
0.004260 -0.002366 -0.002645 0.003576 -0.001284 0.002611 -0.000119 -0.005636 
0.000610 0.002326 -0.003180 -0.006066 0.000069 -0.001052 -0.004282 -0.004293 
-0.001176 0.006174 0.002889 0.003840 0.001602 0.000222 -0.002697 0.001859 
-0.006082 0.003841 -0.004454 -0.002948 -0.000942 0.000956 0.005524 0.000383 
0.011489 -0.007833 0.001200 -0.004549 -0.009145 0.003615 -0.002652 -0.000813 
0.008753 0.008008 0.003244 -0.005267 -0.002654 0.010815 -0.001226 -0.002810 
0.016258 0.001085 -0.008032 -0.000756 -0.001699 0.006872 0.000525 -0.003861 
-0.002900 0.009404 -0.004162 -0.000885 -0.003381 0.002945 0.009303 -0.011653 
0.019528 -0.005183 -0.001677 -0.006092 -0.012601 0.005361 -0.005669 -0.003914 
-0.005871 -0.000820 -0.005784 -0.005638 0.001642 -0.005261 -0.002395 -0.003700 
0.014976 -0.009058 0.000115 0.008813 -0.008180 0.008889 0.007994 0.009278 
-0.004989 -0.002168 -0.004053 -0.009752 0.003690 -0.003021 -0.001915 0.002734 
0.041546 -0.006365 0.007924 0.007686 0.010290 0.015113 -0.000209 0.008410 
-0.012961 -0.007198 0.002042 0.009383 -0.003692 -0.002853 -0.002496 0.002708 
-0.038727 -0.001476 -0.001950 0.001314 0.002253 -0.002010 -0.004220 0.000935 
0.001849 -0.003549 0.003953 0.001397 -0.011527 -0.007342 -0.000123 0.011253 
-0.020017 -0.003861 -0.002554 -0.003710 0.002362 0.001754 -0.002536 0.005523 
-0.001477 -0.000932 -0.003675 -0.002528 0.001433 0.005532 -0.008492 0.007466 
-0.012582 -0.008506 0.000211 0.000175 -0.001933 0.004781 -0.002595 -0.006313 
0.011255 0.002246 -0.001624 -0.000218 0.001954 0.000273 -0.000539 -0.003158 
0.009745 -0.000002 0.001510 -0.009855 -0.005396 0.001640 -0.002313 0.007067 
-0.000595 0.000934 -0.002536 0.005180 -0.003507 0.001078 0.001855 0.009679 
0.015145 -0.002539 0.007375 -0.004358 -0.003566 0.001108 0.001216 0.004609 
0.008741 0.005838 0.003942 0.002602 -0.005066 0.007324 -0.009514 0.002205 
0.031608 -0.004895 0.011028 -0.006162 0.010535 -0.000126 0.001717 -0.004852 
0.010214 0.019083 -0.002594 -0.006471 -0.000844 0.006454 -0.001989 -0.001307 
0.036756 0.002294 0.009350 -0.017581 -0.003147 0.000978 0.002831 0.002549 
0.015558 0.015090 -0.005317 0.004277 -0.006991 0.002457 -0.000187 0.008014 
0.045604 -0.001761 0.001676 -0.016755 0.006458 0.006857 -0.002373 0.001078 
0.005818 0.009843 -0.001385 -0.012723 -0.004832 0.009863 -0.007284 0.004246 
0.042300 -0.017800 0.015236 -0.018336 0.005973 0.007880 0.001542 -0.000781 
-0.018232 0.009499 0.000325 -0.019785 -0.021048 0.010728 -0.002886 0.008186 
0.029829 0.005899 0.009862 -0.027308 0.014286 -0.000328 0.000305 -0.004609 
-0.007891 -0.009394 -0.002584 0.000719 0.006088 0.003884 -0.002612 0.005734 
-0.053805 0.001591 0.003828 0.000472 -0.001499 0.002085 0.005009 0.002993 
-0.008544 0.005027 -0.004817 0.007325 -0.001503 -0.000957 0.004410 0.003313 
-0.024609 -0.006559 0.003418 0.002515 0.008050 0.004401 0.007611 0.003484 
-0.002640 -0.007035 -0.007008 -0.001815 -0.000633 0.005798 0.002127 -0.003507 
-0.014518 0.004399 0.004127 -0.001819 0.004333 0.008155 -0.001201 -0.002542 
-0.003369 -0.004536 0.000161 -0.003204 -0.012888 0.006373 0.003434 -0.005642 
0.008753 -0.002071 0.008806 -0.008342 0.009909 0.009347 0.004147 0.002560 
-0.006046 -0.000108 -0.001054 0.000465 -0.013319 0.008028 0.012393 0.003528 
0.027540 -0.001932 0.013335 -0.010081 0.007751 0.001340 0.001413 -0.003191 
0.007123 0.003415 -0.006132 -0.002765 -0.011880 0.000820 -0.000077 0.011648 
0.041679 0.007776 0.017464 -0.000537 0.008338 0.015157 -0.001659 -0.008117 
0.006813 -0.007241 0.008209 0.004159 -0.009100 0.000912 0.001047 0.009026 
0.052007 0.001417 0.008992 -0.013448 0.011468 0.009793 0.006950 0.006631 
0.005342 -0.004548 0.002585 -0.005012 -0.015221 0.008965 0.001888 0.015090 
0.088148 -0.007588 0.016088 -0.012382 0.025035 0.009527 0.001639 -0.007511 
0.001762 0.009107 -0.008445 -0.005512 -0.027526 0.011107 0.001030 0.005201 
0.070592 0.000361 0.028854 -0.027532 0.029503 0.012504 0.007836 0.010164 
0.007616 0.016467 -0.018800 -0.007418 -0.009579 0.032998 0.009503 0.018108 
0.093309 -0.013285 0.024813 -0.021499 0.032591 0.022051 0.018562 0.020437 
0.001875 0.006901 0.012660 -0.008113 0.002322 0.013184 0.018025 0.008382 
-0.033514 -0.034312 0.023480 -0.010059 0.034383 0.013286 -0.010003 -0.017300 
0.004482 0.000815 0.014878 -0.005547 0.002192 0.012435 0.015424 0.015530 
-0.016975 -0.047892 0.018038 -0.012520 0.028960 0.030379 0.000490 -0.013811 
0.007101 0.005264 0.003509 -0.005824 0.005424 -0.000931 0.010629 0.015510 
0.008514 -0.050031 0.016887 -0.009930 0.038187 0.022697 -0.002599 -0.003785 
0.014669 -0.007926 0.012760 -0.015800 -0.000975 -0.001480 0.008864 0.011299 
0.037001 -0.044552 0.025973 -0.004938 0.022828 0.026644 0.006058 -0.008729 
0.010393 -0.004274 0.008754 -0.013518 0.019364 -0.008154 0.013280 0.016146 
0.067953 -0.036036 0.032590 -0.006911 0.038036 0.027641 0.002797 -0.013370 
0.018014 0.006000 0.022536 -0.013357 0.024244 -0.012384 0.012515 0.016947 
0.065051 -0.054677 0.040678 -0.004851 0.046054 0.033591 -0.004497 -0.009741 
0.015950 -0.010110 0.018695 -0.022239 0.017035 -0.002389 0.002369 0.018394 
0.077662 -0.055202 0.032164 -0.009080 0.031775 0.039463 -0.000592 -0.003288 
0.032711 -0.018697 0.016860 -0.010958 0.013111 -0.007781 0.012893 0.009609 
0.090952 -0.052408 0.037535 0.003791 0.032390 0.058937 0.020898 -0.011421 
0.038814 -0.006228 0.027360 -0.009740 0.024121 -0.002159 0.020260 0.023364 
0.091973 -0.057018 0.058413 0.024693 0.035447 0.030398 -0.003350 0.012152 
0.023788 -0.005935 0.029788 -0.024610 0.040887 -0.016636 0.023623 -0.002516 
0.125557 -0.056194 0.040510 -0.004978 0.078864 0.022499 -0.009058 -0.008334 
-0.045454 -0.000651 -0.004538 0.005897 0.004909 -0.000737 0.003861 0.003611 
0.011635 -0.009028 0.003999 -0.004599 0.001985 -0.003018 0.002191 0.003106 
-0.031084 0.002494 0.001922 0.002926 0.007163 0.002013 0.000178 0.009033 
0.013620 0.002123 -0.001309 0.007523 0.005416 0.000653 -0.002068 -0.002056 
-0.012915 -0.006162 0.000940 0.000931 -0.000469 -0.002799 -0.000635 0.005734 
0.010829 -0.001149 -0.007953 -0.003015 0.005352 -0.001708 -0.002227 0.005824 
0.007470 0.000823 -0.005422 0.001722 -0.006600 0.003309 0.002942 0.003006 
-0.004125 -0.003012 -0.001179 0.002453 -0.004661 -0.005884 -0.000429 -0.004179 
0.020432 -0.002715 0.001491 0.000884 0.010807 0.003858 -0.003120 -0.007017 
-0.008104 0.008283 0.003670 -0.000574 0.001178 0.000693 -0.004548 0.003111 
0.043972 -0.003144 0.006156 -0.006610 -0.003895 -0.008219 0.003513 -0.001168 
-0.007928 0.005431 -0.000121 -0.000351 -0.006095 -0.004823 0.004281 -0.001206 
0.045095 -0.004183 -0.000524 -0.002055 0.000534 -0.001846 -0.000671 -0.006112 
-0.022357 0.000338 0.000850 0.009460 -0.001030 -0.002724 0.006642 0.004508 
0.043116 0.007685 -0.007038 0.005771 0.000755 0.004133 0.000952 0.006669 
-0.023131 -0.000143 -0.000158 0.001581 -0.001449 -0.007071 -0.004500 -0.001822 
0.050611 -0.001087 -0.004709 0.006056 0.002717 -0.000930 -0.001495 -0.000356 
-0.026747 -0.005824 0.000848 0.005199 0.003349 0.000684 0.001582 -0.005039 
0.030827 0.001657 0.000182 0.000449 -0.000437 0.000456 0.006201 0.004888 
0.001544 -0.003386 0.000488 0.001698 -0.000696 0.004817 0.002857 0.006231 
-0.019215 -0.001668 -0.000548 0.000864 -0.004895 -0.000561 0.006312 0.001211 
-0.011053 0.001792 0.005161 0.004725 -0.004127 -0.007814 -0.005670 -0.003025 
-0.009853 -0.004739 0.000306 0.000517 -0.008041 0.006031 0.004021 0.000267 
-0.015307 0.002463 -0.001530 0.001507 -0.002297 0.000648 0.000033 -0.001897 
-0.009406 -0.002959 -0.000194 -0.001552 0.001230 0.001491 0.006550 -0.007608 
-0.003782 0.000155 -0.001230 -0.003578 -0.002958 -0.001854 0.007228 0.000908 
-0.002909 0.001671 0.007764 0.001549 -0.001659 0.000291 0.000958 -0.002403 
0.001023 0.003453 0.000366 0.003651 0.003448 0.008741 -0.000219 0.003885 
0.001238 -0.001118 -0.000031 0.004654 0.002957 -0.002650 0.005838 -0.001871 
0.001960 -0.000783 -0.003696 0.002976 0.008764 0.003870 0.005326 0.001578 
0.009967 -0.000418 0.004489 -0.003595 -0.004425 0.004328 0.007109 0.007146 
-0.004475 0.003376 0.003796 0.004315 0.002497 0.008200 -0.006760 0.004373 
0.009428 0.006670 0.011116 0.004139 0.001306 -0.003518 0.017574 -0.003631 
-0.000128 0.004400 -0.007154 0.000822 0.005441 -0.002413 -0.001022 -0.000938 
0.016938 0.005856 0.007270 -0.008753 0.010788 0.007542 -0.000090 0.004624 
0.004616 0.009783 -0.000472 -0.002600 0.004756 -0.001914 -0.001153 0.015051 
0.003751 0.003788 -0.007796 -0.013346 0.002652 0.007647 0.016974 0.009962 
0.009431 0.009098 -0.004704 0.000250 0.014638 0.000096 0.002675 0.003014 
0.011507 0.012714 0.010394 0.000903 0.018215 0.016258 0.022726 0.001218 
-0.009665 -0.001240 0.004712 0.017068 0.016726 -0.005185 0.000820 0.015577 
-0.047618 0.000256 0.000726 0.007357 0.002710 -0.004117 0.003818 0.004630 
0.009650 -0.009912 0.002646 -0.001971 -0.001767 0.000591 -0.007125 -0.005012 
-0.030198 0.000085 0.000583 0.001026 -0.000687 0.000012 -0.002718 0.003877 
0.010372 0.003742 0.002826 0.005854 0.006764 0.002317 0.000591 0.000904 
-0.013939 -0.005664 0.003549 0.001279 0.003739 -0.003594 0.000974 0.007397 
0.010344 -0.002237 -0.007909 -0.002850 0.001770 0.000967 -0.002791 -0.000140 
0.008758 0.000963 -0.004342 0.001614 -0.007218 0.005569 0.002716 0.002207 
-0.003262 -0.002826 0.000171 -0.001616 -0.004033 -0.002402 -0.006717 -0.003998 
0.020328 -0.003790 0.005367 -0.001245 0.001272 0.009396 0.002554 -0.006206 
-0.006876 0.007432 0.002463 -0.000244 0.004952 0.005936 -0.006288 0.003304 
0.047039 -0.003251 0.004551 -0.004526 -0.005572 -0.003845 0.000855 0.000162 
-0.006212 0.004970 -0.002091 -0.002186 -0.000630 -0.000964 0.005593 -0.003406 
0.046502 -0.001641 -0.000568 -0.004132 -0.004712 -0.003460 -0.000281 -0.010814 
-0.019322 -0.003581 0.002073 0.009421 -0.001192 0.000161 0.002966 0.006283 
0.045847 0.005794 -0.006424 0.003536 -0.002982 0.005719 0.001859 0.007870 
-0.022613 -0.001984 -0.001839 0.004335 0.000643 -0.004980 -0.000210 0.000197 
0.052462 -0.000480 -0.003406 0.005065 0.005118 -0.005142 -0.001007 -0.000176 
-0.024348 -0.007121 0.002302 0.001639 0.005498 0.004413 -0.000783 -0.003893 
0.033915 0.003031 0.000490 0.000944 -0.000015 -0.001142 0.006120 0.005939 
0.002669 -0.003163 -0.001168 0.002471 0.000290 0.007531 0.003634 0.002640 
0.012937 -0.001230 0.002083 -0.003898 0.000057 0.003687 0.002601 -0.003018 
0.005264 -0.006713 -0.005027 -0.006572 0.004405 -0.000967 -0.001137 -0.003580 
0.000092 -0.000292 0.006317 0.003136 0.003919 -0.002112 0.002901 -0.003830 
-0.005163 -0.000657 0.001364 0.001689 -0.003408 -0.004049 -0.003224 0.006731 
-0.002178 -0.001955 0.005073 -0.000548 -0.000123 0.005784 -0.002202 0.004591 
0.007396 -0.002882 -0.004476 -0.001518 0.006134 -0.001523 0.003292 -0.002279 
0.003932 0.005363 -0.004426 0.006128 0.001025 -0.005791 -0.010118 0.002433 
-0.003709 -0.002066 0.001708 0.002672 0.001460 -0.001382 -0.005293 -0.002029 
-0.006406 -0.003258 -0.002759 -0.004948 -0.004445 -0.006145 0.002863 0.001384 
-0.000736 -0.007651 -0.005765 -0.003211 0.002843 -0.002281 -0.001209 0.004062 
-0.012838 0.001978 0.002992 -0.000169 0.003991 -0.001571 0.002334 -0.003091 
0.007329 0.004047 -0.005484 -0.003592 -0.004080 -0.011050 0.006588 0.006425 
-0.018505 0.003499 -0.003219 0.008428 -0.004012 -0.013456 0.004395 -0.001812 
0.003619 0.004958 0.000264 -0.000558 0.001657 -0.015984 -0.009006 0.006303 
-0.014228 -0.002008 -0.003127 -0.003880 0.009916 -0.018374 -0.008764 0.004702 
0.004291 -0.001156 0.003303 0.003134 -0.000398 -0.038023 0.007361 0.008793 
-0.008551 -0.002839 -0.001865 0.000606 -0.000149 -0.036249 -0.002095 0.005662 
-0.005614 -0.007084 -0.004968 0.006880 0.004418 -0.044970 -0.000402 0.000720 
0.009215 -0.007634 0.000828 0.000761 -0.005236 -0.035589 -0.001221 -0.009851 
-0.005998 -0.003957 -0.001734 -0.003398 -0.007413 -0.043785 0.008602 0.007067 
0.003999 -0.004110 -0.002236 -0.002875 -0.000798 -0.001830 -0.002898 -0.003779 
0.010728 -0.001388 0.001869 0.003662 -0.005692 -0.000255 -0.000812 0.003710 
0.009311 0.008931 -0.001535 0.004819 -0.000299 -0.002804 0.001072 -0.001563 
0.005041 -0.004418 -0.001447 -0.004551 -0.005025 0.002611 0.002600 0.001453 
0.008979 -0.004803 0.002390 0.000919 0.004264 0.002393 0.003499 -0.000473 
0.003177 -0.003771 0.001148 -0.009281 0.000503 -0.003801 0.000658 0.005841 
-0.006426 -0.001148 0.002799 -0.003688 -0.003022 -0.003185 -0.007336 0.003268 
-0.002873 -0.006725 0.008041 0.005640 -0.002585 -0.001553 -0.000764 0.006153 
-0.010149 -0.001455 -0.001762 0.003906 -0.006352 0.004034 0.003447 -0.000337 
0.002678 0.004859 0.005489 0.000797 0.000501 -0.001497 0.001653 -0.003060 
-0.004369 0.004032 0.004601 0.003468 0.002839 -0.004388 -0.001002 0.002236 
-0.006959 -0.005109 0.002514 0.001161 -0.000152 0.000568 0.003456 -0.003613 
-0.013147 0.003345 0.005514 0.007622 -0.001923 0.000918 -0.004315 0.001568 
-0.010816 0.002505 -0.001535 -0.003066 -0.001644 -0.000495 -0.006022 0.002116 
-0.009872 -0.013072 -0.002741 0.001565 0.007349 0.005998 -0.000626 0.005164 
-0.011921 0.003835 -0.004826 -0.004751 0.001995 -0.003922 0.005849 -0.001552 
-0.017206 0.008562 0.007907 -0.011607 -0.007131 -0.006564 0.001602 -0.001192 
-0.022832 0.005695 -0.007698 -0.003498 0.002353 -0.004113 -0.000614 -0.004236 
-0.012918 0.004378 0.006898 -0.002647 0.008834 -0.007146 -0.001018 -0.004513 
-0.049491 0.003752 -0.002428 0.000787 -0.006706 -0.012205 0.005296 -0.004844 
-0.022902 -0.003627 -0.005291 0.006567 0.005589 -0.007450 0.004732 0.001935 
0.037217 -0.003915 0.001507 0.000580 0.001858 0.000617 -0.008460 0.001370 
-0.015378 0.001558 0.004755 0.006654 0.004455 -0.000580 0.002315 0.002272 
0.005953 0.001549 0.000129 0.003998 -0.006224 -0.004353 0.008068 0.004829 
0.004812 -0.005736 0.002284 0.003149 -0.002372 0.002192 0.005648 0.007789 
0.007476 0.000279 0.004715 0.000961 0.000643 0.003856 -0.008561 0.004408 
0.000610 0.001516 0.003297 -0.000314 0.001157 0.001437 0.002936 -0.004679 
0.002977 -0.004131 0.001418 0.006309 0.003792 0.002336 -0.002031 -0.004829 
0.002914 -0.000837 0.000896 -0.000016 0.004911 -0.001528 0.010553 -0.003313 
0.000648 0.001011 0.002463 -0.002518 -0.005320 0.005136 -0.000277 -0.002997 
0.016158 -0.000952 -0.003593 -0.002246 0.002640 -0.003801 0.005056 -0.007883 
-0.018887 0.002954 0.005446 0.002237 -0.003123 -0.002183 0.002617 -0.000826 
0.013288 0.008266 0.000680 0.000002 0.006573 0.002805 0.003277 0.004879 
-0.025379 -0.001302 0.007682 0.001005 0.006897 -0.004673 -0.002505 0.000872 
0.014531 0.000155 0.000595 0.001878 0.005741 -0.005747 0.001181 0.002377 
-0.035857 0.000072 -0.000159 0.006720 -0.003180 -0.003759 0.004927 -0.000905 
0.023257 -0.001923 -0.005693 -0.010287 0.004999 0.004703 -0.005639 -0.007241 
-0.037652 -0.004275 0.006530 -0.000757 0.000429 -0.002516 -0.007673 -0.002337 
0.081203 -0.012003 -0.006121 -0.000625 0.006623 -0.003256 -0.005006 0.002306 
-0.071868 -0.009916 -0.000905 0.002167 -0.001270 -0.005339 0.000352 -0.002751 
-0.006355 -0.000769 0.006771 -0.002485 0.000216 0.001400 -0.002185 -0.000271 
0.001525 -0.001703 -0.005430 0.000186 0.001515 -0.004257 -0.005976 0.003409 
-0.004458 -0.001733 0.006121 -0.004900 -0.006489 0.000020 0.002843 -0.002691 
0.000714 0.000163 -0.001804 0.000734 -0.002789 -0.000718 -0.006336 -0.006288 
-0.000015 0.000865 -0.003417 -0.004289 0.002053 0.003732 0.001222 -0.000215 
0.002121 -0.000478 0.003163 0.011371 0.009211 -0.008785 0.004819 -0.000740 
-0.007971 0.000563 -0.003399 -0.001446 -0.006879 -0.005422 0.005049 0.004241 
0.005867 -0.000425 0.005662 0.002082 0.001500 -0.007063 -0.004454 0.000525 
0.003480 -0.002146 0.001068 -0.006854 -0.004264 0.002968 0.003332 -0.000029 
-0.002220 0.000265 -0.000084 0.001719 -0.002135 0.000152 -0.000326 -0.003475 
0.009235 -0.006738 -0.002557 -0.001768 0.000106 0.002073 0.006408 0.000322 
0.002170 -0.000310 0.011027 -0.000876 0.001341 -0.000322 0.002745 -0.005743 
-0.003400 -0.003293 -0.003912 0.000903 -0.002184 0.003066 0.001157 -0.001860 
-0.002682 0.002921 -0.005313 -0.003013 0.004416 -0.005409 0.000160 -0.000345 
-0.004174 0.001459 -0.002524 0.004534 0.003249 0.000040 -0.001871 -0.000050 
-0.001800 0.003051 0.004383 -0.002563 0.003228 0.000858 0.004953 0.003374 
0.013339 0.002161 -0.004610 0.000912 0.003167 -0.004003 0.002433 -0.000528 
-0.010302 0.003375 -0.002207 0.006268 -0.002715 -0.001039 0.006004 0.000552 
-0.023861 -0.007011 0.004443 0.000688 0.005209 0.004712 -0.010556 0.000059 
0.006164 -0.000737 -0.000743 -0.002561 0.000744 -0.003599 0.001312 -0.000557 
0.005297 0.005985 -0.000091 -0.004323 0.004032 0.001427 -0.000080 -0.001244 
0.001253 -0.000951 0.002897 0.006379 0.003480 0.003472 -0.000872 0.005886 
0.002417 0.005021 -0.000144 0.001640 -0.005252 -0.004049 -0.006964 0.014693 
-0.005370 -0.002035 0.005098 -0.005226 0.003961 0.006980 0.000762 0.001287 
-0.002774 0.004119 -0.003127 -0.001394 -0.003709 0.000146 0.004087 -0.002715 
-0.004767 -0.003542 -0.002900 0.000348 0.002481 -0.005742 0.006138 0.007168 
0.001732 -0.004267 -0.002358 0.005533 0.000324 0.003800 0.002257 -0.004996 
-0.003110 -0.006228 0.001993 0.003839 0.000545 0.001062 0.008214 -0.009119 
0.005255 0.005947 -0.003857 0.002679 -0.001841 0.003951 -0.002548 0.001252 
0.003794 0.000002 -0.004847 0.000071 -0.006139 -0.001769 -0.009562 -0.000067 
0.002921 0.003344 0.001950 0.003713 -0.005191 0.001051 0.000333 0.003633 
0.007342 -0.002581 -0.000599 -0.001948 -0.006085 0.001761 0.004630 -0.002937 
-0.000134 0.001225 0.001974 -0.002726 0.001534 -0.000523 0.004093 0.004266 
-0.001266 -0.003878 0.002722 -0.002785 0.000093 0.004370 0.002794 -0.003602 
-0.004709 -0.001332 -0.004119 0.006505 0.003856 -0.004616 0.001360 -0.001989 
0.001857 -0.002882 0.008044 0.003788 0.001624 0.002127 0.004668 -0.001410 
-0.014264 0.002663 -0.002352 0.000059 -0.009962 0.004179 -0.002728 0.003472 
-0.000240 -0.009905 0.003439 0.006959 0.000321 0.004564 -0.006642 0.000348 
0.000011 -0.013302 0.006857 0.003133 -0.010668 0.001915 0.003859 0.002914 
0.002161 -0.003408 0.008241 0.003506 0.001845 0.005410 -0.004196 -0.003395 
-0.006624 0.004413 0.002142 -0.004529 0.008706 -0.011763 -0.001060 0.001159 
0.028127 -0.004140 0.004217 -0.000936 0.003425 0.001932 -0.006382 -0.000883 
-0.006008 0.003237 -0.001809 -0.005272 -0.002702 -0.002290 0.002343 0.004093 
0.004962 0.000628 0.004704 0.002149 0.004847 0.008028 0.002662 0.003975 
0.006442 -0.002512 0.000638 -0.003111 0.000185 -0.002683 0.000563 0.002238 
0.007323 -0.003028 -0.001010 0.002796 -0.003373 -0.000441 -0.000418 -0.003845 
-0.003205 -0.002333 -0.003774 0.000054 0.005736 -0.003710 -0.000544 -0.000592 
0.002532 -0.005487 -0.002398 0.005943 0.006235 -0.000678 -0.004917 0.005590 
-0.002857 -0.007404 0.001987 -0.002275 -0.006930 -0.002966 -0.002416 -0.003160 
0.000143 -0.005622 -0.006798 -0.001285 0.003041 -0.001932 -0.001509 0.003178 
0.008071 -0.001203 0.003355 -0.006038 0.001679 -0.003306 0.000485 -0.000435 
-0.010188 -0.000122 -0.001217 -0.003387 -0.001159 0.003910 -0.003006 0.009662 
-0.003580 0.007648 0.004203 -0.003521 0.001929 -0.001577 0.002023 0.004158 
-0.022177 -0.002165 -0.004506 0.006039 -0.003625 -0.003881 0.000087 0.000798 
-0.000569 -0.008203 -0.000529 -0.003695 -0.000465 0.001213 -0.005913 0.005840 
-0.029225 0.003031 -0.002645 -0.006924 -0.004207 -0.002414 0.005513 0.004275 
0.004874 0.004905 0.002681 0.002555 0.000593 -0.004539 -0.006444 -0.005717 
-0.039441 -0.002477 -0.009454 -0.001045 -0.003564 -0.002285 0.002951 0.005447 
0.018573 -0.003434 0.001024 0.001985 0.001255 -0.002122 -0.004181 0.001036 
-0.070039 -0.000225 -0.003829 0.001571 -0.003737 0.005938 -0.000265 0.001034 
-0.002029 -0.005312 -0.003914 -0.001542 -0.000617 -0.001150 0.003092 -0.002152 
0.013179 0.008632 0.003199 0.000385 0.003412 0.003584 0.001386 -0.006342 
-0.005396 -0.000844 -0.003927 0.000437 0.001649 -0.004641 0.006693 -0.007507 
-0.000912 -0.005531 0.000699 0.008506 -0.002528 0.007164 0.000320 -0.000694 
0.000946 0.002392 0.001272 0.006248 0.001335 -0.000384 -0.009927 -0.000750 
0.002099 -0.006034 0.002216 0.004128 -0.000117 -0.002723 -0.001754 0.001590 
0.000585 -0.000496 0.003575 0.003811 0.001931 0.004839 -0.000887 -0.001029 
-0.000183 -0.005792 0.006318 -0.003862 -0.000472 -0.006223 0.007247 0.002741 
-0.006421 -0.003545 -0.004498 0.002703 -0.004709 -0.004831 0.003174 0.000841 
-0.005521 0.006158 0.002176 -0.003024 0.005521 0.001006 0.001107 0.005806 
0.008411 -0.003884 0.002880 -0.002682 -0.000248 0.005375 -0.002843 0.003040 
-0.005182 0.000249 0.001765 -0.000105 -0.000996 -0.006985 0.001983 -0.010725 
0.004160 -0.001093 -0.000349 -0.000843 -0.005315 -0.001624 -0.002328 -0.000244 
-0.010902 -0.000589 0.006641 0.004178 -0.001967 -0.001852 -0.003008 0.003231 
0.002359 -0.004082 0.000083 0.004041 -0.002386 -0.006070 -0.006226 -0.002092 
-0.009066 -0.002204 0.004305 -0.004626 -0.007988 0.003738 0.003083 0.007617 
0.001594 -0.000686 0.000140 0.001220 0.003318 0.000311 -0.005949 0.003505 
-0.005748 0.006352 0.005772 -0.001109 -0.004612 -0.009563 -0.000142 -0.003103 
0.034529 0.023662 -0.003225 0.008177 -0.005144 -0.009608 -0.003766 0.008494 
-0.030781 -0.002346 0.000934 -0.009685 -0.008556 0.012672 0.008538 -0.003670 
-0.017748 0.000070 -0.000395 -0.000412 0.001750 0.002054 0.000541 0.003447 
0.012185 0.003235 0.000344 0.006409 -0.003081 0.000165 0.002229 0.001078 
-0.007405 -0.008060 -0.002316 -0.005430 0.000710 0.000860 0.001430 -0.000059 
0.001394 0.006110 0.001431 -0.004425 0.001426 -0.001507 -0.001358 0.004532 
0.000845 0.002579 0.005777 0.002004 -0.000551 -0.005160 -0.004749 0.007938 
0.007069 0.000681 0.002584 -0.001995 -0.001901 0.001743 -0.002343 -0.001495 
0.000726 -0.000649 -0.012687 0.001199 0.004809 0.001631 0.005327 -0.002493 
-0.000573 -0.003176 0.001382 0.001385 0.000187 -0.003785 0.001886 0.002766 
0.003001 -0.000590 0.000611 0.011560 -0.003459 -0.004152 0.002725 0.003175 
-0.001685 0.003860 -0.000286 0.007224 -0.000341 -0.002344 0.000173 0.003042 
0.006538 -0.000930 0.004463 0.002355 0.000318 0.004129 -0.004273 -0.008076 
-0.008144 -0.002598 -0.003671 0.004317 -0.007714 -0.001212 0.004284 -0.003103 
0.010605 -0.005161 -0.002869 0.001450 0.003924 -0.004159 0.004125 0.000960 
-0.002330 -0.000809 0.003654 0.000200 0.009659 -0.002778 0.000762 -0.001449 
0.012513 0.001449 -0.003154 0.001890 -0.001430 -0.002558 -0.002739 0.004061 
-0.009993 -0.001882 0.005507 -0.012446 -0.000396 -0.005209 -0.006037 -0.001774 
0.023460 0.010218 0.018254 0.007244 -0.004280 0.006121 0.000616 0.000267 
-0.010448 0.001486 -0.004537 0.001357 -0.011107 -0.000331 0.000966 0.002941 
0.065002 0.004776 0.003433 0.007497 0.004008 0.001565 -0.010647 0.009043 
-0.038597 0.000610 0.012698 -0.009972 -0.009006 -0.012001 -0.006042 0.001400 
-0.018050 -0.006546 0.002276 0.004128 0.003150 -0.002877 -0.000475 0.000079 
0.014261 0.003371 -0.004794 0.003902 -0.004426 0.002217 0.006860 0.000712 
-0.004789 0.004894 -0.004561 0.001060 0.004018 -0.005216 -0.009666 -0.003851 
0.001882 0.003196 0.001235 0.001616 -0.000525 -0.000424 -0.007797 0.003509 
0.004150 0.000550 0.001960 -0.004830 0.002184 -0.000143 -0.000285 0.001039 
0.000376 0.003128 0.001906 -0.002486 -0.004645 -0.002409 -0.000993 -0.004089 
0.000892 0.001634 -0.005680 -0.004121 -0.006974 -0.003118 0.003412 -0.001525 
-0.000125 0.002182 0.002248 -0.001048 -0.000104 -0.001040 -0.003329 0.001000 
0.006816 -0.000869 0.000262 0.003879 -0.004161 -0.001347 -0.002630 0.002730 
-0.001493 0.005262 0.012812 -0.006542 -0.005727 0.005188 0.012148 -0.000931 
0.011946 -0.006140 0.006820 0.001792 -0.002002 -0.006443 0.000066 -0.003936 
-0.006160 0.003546 0.002419 0.000242 -0.000465 -0.005664 0.003271 0.006773 
0.011243 -0.000910 -0.001345 0.000310 0.005358 0.000905 -0.004271 0.000988 
-0.016621 0.001166 0.000119 -0.003224 0.004799 -0.006113 -0.005209 -0.000097 
0.011655 0.004483 -0.009877 -0.001818 0.009373 -0.002048 0.000035 -0.007048 
-0.016349 0.001574 -0.002100 0.009082 -0.006498 -0.007312 0.001053 -0.006337 
0.010222 0.004093 -0.002700 0.001098 0.005114 0.002242 -0.003504 -0.004103 
-0.018896 -0.008010 0.007648 -0.011358 0.006884 -0.014013 0.009098 0.002770 
0.044093 -0.022337 0.019791 0.004486 0.008821 -0.009213 0.012533 -0.009406 
-0.018895 0.007648 0.000790 -0.001476 -0.004653 -0.021249 -0.001120 0.007322 
-0.019171 -0.004039 -0.003763 -0.002483 0.010463 -0.007246 0.000998 0.007591 
0.015732 0.007058 -0.001446 0.004420 0.001068 -0.001602 -0.001910 0.003240 
-0.002283 -0.001368 0.005528 0.000821 -0.004782 -0.005295 0.000196 0.001612 
0.003052 -0.000647 0.003370 -0.001149 -0.003091 -0.001238 0.004647 0.009491 
-0.000932 -0.008126 -0.000934 -0.002721 0.003488 0.001167 -0.000855 -0.001840 
-0.001725 0.005486 0.000480 -0.003212 -0.002621 0.001190 0.010961 0.003659 
0.000117 0.000566 0.008291 -0.002277 0.003337 -0.006651 -0.000016 -0.004028 
0.001877 -0.004828 -0.010015 -0.009799 -0.002994 -0.002102 -0.003713 -0.002596 
-0.000234 0.000395 0.002643 -0.002039 0.000704 -0.002091 0.001078 -0.004783 
0.001879 -0.000079 0.006603 -0.000952 -0.006415 -0.005944 -0.003046 -0.003759 
0.007145 -0.004902 0.004218 0.002841 0.002921 -0.003971 -0.009376 0.000323 
-0.011258 0.004042 0.004556 -0.004313 0.003059 -0.011163 0.005112 -0.004555 
0.002866 -0.000985 0.006727 -0.000960 0.002686 -0.001529 -0.000785 -0.004428 
-0.016618 0.008244 -0.003665 0.007582 0.002130 -0.003286 -0.000258 0.005171 
0.010144 -0.001638 -0.005284 -0.009578 0.012924 0.007552 -0.001485 0.007848 
-0.017168 0.000225 -0.002501 -0.005552 0.003369 -0.002726 -0.002987 -0.005320 
0.015647 -0.003794 0.008363 -0.003484 0.008732 0.004515 -0.007798 -0.005070 
-0.010075 0.003840 0.002129 0.001719 -0.000990 -0.007233 -0.004451 0.002473 
0.056378 -0.005400 0.006166 0.000125 0.014558 -0.008363 -0.001946 -0.005188 
-0.018636 -0.003906 0.011422 -0.012494 -0.011432 -0.009240 -0.000453 0.000229 
-0.000844 0.001687 -0.001533 -0.004268 0.005089 -0.006045 -0.002151 -0.004060 
0.019393 -0.002218 0.004086 -0.001434 0.000841 0.007531 -0.003129 0.003599 
-0.008837 -0.003120 0.004096 0.002689 -0.003788 0.001617 0.001698 -0.002820 
0.002583 0.004120 0.001971 0.003673 0.000876 0.001929 0.003861 -0.003671 
0.004406 -0.001942 0.002052 0.002533 -0.001132 0.001350 -0.005305 0.005873 
0.007748 0.000744 0.005077 0.000117 0.004664 -0.002872 -0.002385 0.008390 
0.002574 -0.000500 0.005130 -0.004849 -0.004310 -0.011619 0.010736 0.002666 
0.004511 -0.000584 0.006836 0.003426 0.003879 -0.007678 -0.006450 -0.004319 
0.004867 0.001014 -0.002347 0.004028 0.003830 0.004476 -0.005001 0.003170 
-0.007703 -0.002480 0.002351 0.000223 -0.005062 -0.000076 0.004883 0.002408 
0.008384 -0.008369 -0.007415 -0.009121 0.010890 0.001249 0.005495 -0.005191 
-0.008736 -0.002541 0.002343 -0.001153 0.005953 -0.004871 -0.000215 -0.004873 
0.007787 0.010126 0.003548 0.006784 0.003115 0.002902 -0.003617 -0.009664 
-0.020523 -0.006895 0.000548 -0.002990 0.011389 0.002999 0.004676 0.002337 
-0.000953 -0.008734 -0.009988 0.010878 0.006549 0.004164 -0.006891 -0.001054 
-0.019245 0.006631 -0.003885 0.004954 -0.002058 -0.014070 -0.002900 0.001026 
0.002195 -0.001293 0.001970 0.000966 0.000388 0.001757 -0.008413 0.004152 
-0.006433 -0.007087 -0.006396 -0.001281 -0.002666 -0.008838 0.004705 0.008426 
0.022934 -0.001421 0.004992 -0.009053 0.009744 0.005535 -0.006132 0.008669 
-0.000269 -0.005033 -0.016232 0.008160 0.009058 -0.002369 0.000062 -0.008786 
-0.002069 0.001030 0.004890 0.001632 0.001474 0.004148 -0.002095 0.000284 
0.001703 -0.001299 -0.001203 -0.000182 0.000049 0.001718 0.002739 0.008919 
-0.001654 -0.005137 -0.006179 -0.000744 0.002756 0.002405 -0.000071 0.001713 
-0.006927 0.001549 0.008282 -0.002734 0.005657 -0.002548 0.002112 -0.001789 
-0.004959 -0.000705 -0.002879 0.000001 0.005000 -0.000381 -0.004879 -0.000741 
-0.000326 0.001513 -0.003403 0.000969 -0.001277 0.002030 0.001160 0.003618 
-0.003004 0.004249 -0.005800 0.004530 -0.000076 -0.000596 -0.002434 -0.001112 
-0.002326 -0.000569 0.001859 -0.008797 -0.006101 0.001637 0.001004 0.006975 
0.004264 0.003156 -0.000337 0.005382 -0.000341 0.004744 -0.005761 0.004011 
-0.003445 -0.009869 0.001304 0.002081 0.005359 -0.002798 0.005333 -0.003069 
0.002122 -0.000076 0.011566 0.005780 0.002191 -0.000439 -0.003819 0.003696 
-0.000514 -0.003107 -0.001701 -0.001331 -0.005711 0.002049 0.003583 0.001125 
-0.004552 -0.005407 0.000134 0.004889 -0.005242 -0.005058 -0.001211 0.003980 
0.002264 -0.003420 0.001895 0.001007 -0.002485 -0.003172 -0.000976 0.006232 
-0.008606 0.004783 0.000969 0.003103 0.000937 -0.002329 -0.007468 -0.008049 
0.002365 -0.004680 0.011660 -0.000054 -0.005963 -0.006810 0.000927 0.006472 
0.016500 0.000483 0.004976 0.001618 -0.005261 -0.003737 -0.007168 -0.003735 
-0.000308 0.001511 0.002659 0.003670 -0.007875 -0.006917 0.004274 0.002314 
-0.013303 -0.006817 -0.013117 -0.009276 0.007290 -0.003417 0.002079 0.012012 
-0.001684 0.003244 -0.007998 0.008800 0.001539 -0.002077 0.012053 0.009398 
-0.009363 -0.001651 0.010462 -0.000933 0.003092 0.001648 -0.006244 -0.002692 
0.007773 0.003820 -0.000024 -0.003820 0.003934 -0.009661 -0.004213 -0.004339 
-0.010672 0.004525 0.001494 -0.003081 0.008552 0.002143 -0.002116 0.008695 
0.000689 -0.002911 0.002329 0.000470 0.002498 -0.002575 0.000806 -0.011163 
0.006434 0.002784 -0.002686 0.002323 -0.002925 0.003781 -0.006397 -0.001828 
0.002241 -0.004561 -0.002871 0.001985 0.000464 -0.005340 0.004026 0.001236 
-0.005043 0.001969 0.001319 0.003252 0.001600 -0.007464 0.001915 -0.002076 
-0.000152 -0.000127 0.008164 0.006102 0.003253 0.001890 -0.012026 -0.001629 
0.003249 -0.006959 -0.003125 0.003319 -0.001083 0.002246 0.002367 0.000252 
0.002358 -0.001668 -0.000548 -0.002690 0.007665 -0.001023 0.001927 -0.002905 
0.007796 0.002737 0.004355 0.000817 -0.001067 0.005071 0.001206 0.001303 
-0.002065 0.004199 -0.003116 0.003952 -0.001079 -0.006292 -0.000432 0.002311 
0.010585 -0.003937 0.000612 0.006361 -0.000347 -0.013499 0.000359 0.006348 
-0.010697 -0.002062 -0.003437 0.006000 -0.000172 -0.000485 0.011517 0.003589 
-0.001371 0.004368 0.000255 0.000029 0.001566 -0.008047 0.001327 -0.010804 
0.003169 0.000879 -0.009114 0.000882 0.011591 0.003550 0.002525 0.004025 
0.010746 -0.010097 -0.008779 -0.000801 0.008585 0.001767 0.002040 -0.000322 
-0.002039 0.002653 0.002826 0.004754 0.002459 0.000054 -0.008799 0.003272 
0.006205 -0.012317 0.008304 0.002599 -0.001153 -0.005645 0.004462 0.000545 
-0.012535 -0.004503 -0.005208 -0.013105 0.001831 0.009259 0.002102 -0.005177 
-0.004319 0.003600 -0.001146 0.003388 -0.007988 0.005882 0.000454 -0.002940 
0.000618 0.003602 -0.000102 -0.004291 0.004733 -0.005874 -0.002537 -0.003416 
0.007237 -0.007465 0.001157 0.006419 0.001941 -0.002937 -0.001682 0.002032 
-0.004364 0.003322 0.001407 -0.001187 0.004616 0.005861 0.002058 0.006631 
-0.000665 -0.005997 0.004358 -0.004077 -0.005867 -0.005620 0.003548 0.006624 
0.000598 0.002636 0.002523 0.002474 -0.001814 0.002191 0.000581 -0.002329 
-0.009260 0.005446 -0.000870 -0.004705 0.007235 0.005618 0.005247 0.000360 
0.006095 -0.002053 0.002115 0.003080 0.004938 -0.005866 -0.003699 -0.000335 
-0.001454 0.001034 -0.001857 -0.000071 -0.000462 0.000214 0.000671 -0.005080 
-0.001309 -0.002438 0.002641 -0.000588 0.001589 -0.004293 0.006499 0.003357 
0.003749 0.011332 -0.007412 -0.001711 0.002988 0.001413 -0.002269 -0.003669 
0.002310 0.002683 0.010725 0.003561 0.000058 0.003057 -0.000779 -0.005588 
0.003542 -0.002204 0.002529 0.002472 -0.000498 -0.004919 0.001209 0.007836 
0.001615 -0.002484 0.000995 -0.001743 0.003371 0.001718 -0.003217 -0.005752 
-0.001887 0.000199 0.006650 0.010528 -0.005764 -0.013448 -0.004757 0.001546 
0.000609 -0.003142 -0.002919 -0.006394 0.007613 -0.003007 0.011570 -0.009871 
0.000757 0.004247 0.005289 0.002713 -0.005268 0.002692 0.000961 -0.000778 
-0.000672 0.009970 -0.003725 -0.000140 -0.000002 -0.007713 -0.004708 0.000410 
0.002516 -0.034323 0.006791 0.006352 0.023000 -0.004329 -0.008310 0.005315 
0.017019 -0.009898 0.001973 -0.006160 -0.003251 -0.005146 0.004050 0.001268 
-0.004756 -0.006899 0.003051 -0.000143 -0.000116 -0.000383 -0.001010 0.001712 
0.002189 0.003312 0.006219 0.006853 0.001912 -0.006122 0.004721 0.008597 
-0.007053 0.003807 0.001507 0.001110 0.001729 0.003182 -0.001241 0.000320 
0.004602 0.001876 0.001573 -0.001495 0.001525 -0.006286 -0.002202 -0.000581 
0.000157 0.007491 -0.000634 0.001245 -0.004851 0.002174 0.000545 0.004229 
0.005449 0.000693 0.000450 0.005542 -0.004382 -0.000739 -0.004753 -0.004414 
-0.000793 -0.001580 0.002227 0.001623 0.005878 0.004684 -0.001048 0.004115 
0.003858 0.001489 -0.006334 -0.000337 0.000351 0.003370 -0.003749 -0.000093 
0.000707 0.002230 0.002970 -0.001051 -0.007659 0.000552 0.008251 -0.003669 
-0.003358 -0.004086 -0.007622 -0.001854 -0.002348 -0.001791 0.008000 -0.003770 
0.004160 0.005388 0.001523 0.003358 -0.000687 -0.005492 -0.002050 0.005880 
0.002247 0.001567 0.005113 0.002497 -0.004890 -0.008832 -0.001716 -0.003289 
-0.002887 0.000109 0.001161 -0.002807 0.004027 -0.004884 0.008522 0.008545 
-0.002287 0.002094 0.003046 -0.000901 0.004097 -0.000876 0.003945 0.002544 
0.008131 0.011155 -0.005161 -0.006553 0.001191 -0.006518 0.003574 -0.004642 
0.003117 -0.003194 0.006763 -0.006840 0.006243 -0.004727 0.001029 -0.000875 
0.008942 -0.010513 0.006871 -0.001019 0.010026 0.001063 -0.002697 -0.005596 
-0.008506 0.007591 0.005163 -0.006897 0.002454 -0.007218 0.002918 0.001774 
0.005990 -0.011905 -0.001970 0.021397 0.004000 -0.009447 -0.008097 0.002943 
0.006735 -0.001091 0.002102 -0.005945 0.004308 -0.015529 0.005582 -0.006164 
-0.004767 0.000679 0.004376 0.002225 0.004153 0.006547 0.001497 0.000786 
-0.006575 0.000515 -0.001982 -0.009459 -0.001676 0.000720 0.003214 -0.004058 
0.003105 -0.000049 0.002690 -0.001774 0.006847 0.001132 -0.000825 -0.007805 
0.003392 -0.005555 0.003487 0.003861 0.003578 0.004746 -0.003297 -0.003608 
0.000263 -0.001992 -0.007709 0.006396 -0.002974 -0.002265 -0.002308 0.001636 
-0.003309 0.001323 0.000923 0.000547 -0.003733 -0.003336 -0.005131 0.001765 
0.000816 -0.002169 -0.002770 0.000150 -0.003546 0.002555 -0.001065 0.000267 
0.004857 -0.001543 -0.000937 0.003615 0.002790 0.003922 0.000848 0.000863 
-0.002934 0.000533 0.004311 0.002700 0.001020 -0.006151 0.000225 0.004853 
0.003028 0.002984 -0.002977 -0.000608 0.001121 0.001033 -0.004744 0.006833 
0.001489 0.001065 -0.001370 0.005227 -0.002151 -0.001650 0.003552 0.004496 
0.001258 0.003696 -0.001448 0.001992 -0.005375 -0.002766 -0.002176 0.000944 
-0.004819 -0.004839 0.002090 -0.000364 -0.000478 -0.001146 0.001618 0.002131 
0.001238 -0.002495 0.004258 0.000107 -0.002830 -0.000466 0.004859 -0.007216 
-0.010327 0.001500 0.008980 -0.006717 -0.000572 -0.004163 -0.001076 -0.002814 
-0.005800 0.004383 -0.002641 -0.004846 0.000790 -0.005998 -0.002434 -0.001261 
-0.007497 0.002653 0.005398 -0.002015 -0.006341 -0.011199 -0.001287 -0.004580 
-0.005526 -0.001691 0.001929 -0.003620 0.001265 -0.006775 -0.003072 0.008658 
-0.021106 0.034946 -0.004400 0.010450 0.002611 0.006940 -0.004780 -0.000090 
-0.008787 -0.001333 -0.003773 0.002373 -0.006118 -0.012552 -0.003977 -0.000384 
-0.004973 -0.000079 -0.000476 0.005097 -0.002168 -0.001620 -0.000416 -0.003909 
-0.000421 -0.006370 -0.002349 0.003365 0.004155 -0.007631 -0.002758 0.001716 
-0.000155 0.002930 0.000797 0.003669 0.007401 -0.002636 -0.000066 -0.001077 
-0.002799 -0.001462 -0.000418 -0.002764 -0.001816 0.003444 -0.004789 -0.004097 
0.000947 -0.003548 0.001866 0.003558 -0.001856 0.000449 0.000401 0.002538 
-0.006304 0.001056 0.005671 -0.003159 0.002233 -0.002853 0.003028 -0.002441 
0.002226 0.002105 -0.000837 0.001912 -0.000554 0.005830 0.002595 0.004131 
-0.004644 0.003508 -0.000666 0.000485 0.001193 -0.000902 0.005104 -0.006278 
0.001150 -0.002009 -0.003635 0.002354 0.004277 0.009068 0.004865 -0.002941 
-0.002243 -0.002586 -0.009533 -0.005569 0.000973 -0.005955 0.000982 -0.008158 
0.003102 0.000380 -0.001274 0.002685 -0.003908 0.001263 -0.003290 -0.003494 
-0.001676 -0.000012 -0.002503 -0.000740 0.002369 -0.001258 -0.002092 0.006039 
-0.000117 0.005138 0.001112 0.002183 0.001372 -0.001916 -0.002845 0.005901 
0.000227 -0.005325 0.003563 0.002380 0.004246 0.003594 0.004152 -0.011101 
-0.000437 -0.004530 0.001774 -0.005960 -0.002857 0.002681 0.008948 -0.001147 
0.000150 0.003095 -0.002215 0.007132 0.003404 0.001323 -0.010742 0.007113 
0.005539 0.004282 0.008698 0.001899 0.003228 -0.010399 0.002518 0.006807 
0.008565 0.002085 0.001770 0.000740 -0.001150 0.007841 0.001877 0.003689 
0.012577 -0.018443 -0.000385 0.002490 -0.002818 0.004974 0.005447 -0.002261 
-0.020542 0.007842 0.016315 -0.004374 -0.009048 0.006105 -0.000736 -0.017126 
-0.005735 0.006023 -0.005212 0.000532 0.002915 -0.001134 -0.004370 0.001847 
0.003943 -0.005582 0.002762 -0.000552 -0.002788 0.004910 0.004335 -0.000876 
0.000525 0.001556 0.004154 0.004513 0.002188 0.008026 0.002336 0.001610 
-0.002765 -0.006112 0.001385 -0.002490 -0.006361 -0.005372 -0.006513 0.000238 
-0.003542 -0.008244 -0.003751 0.007011 -0.001246 -0.001679 0.004941 0.001599 
-0.003090 -0.003880 0.003505 0.003857 -0.002550 -0.004187 0.002572 -0.001892 
0.001888 -0.004607 0.005213 -0.001105 -0.002208 -0.003041 0.001614 -0.004967 
0.002803 -0.001741 0.000523 -0.008482 0.004725 0.001848 -0.002577 -0.009910 
0.008009 -0.002102 0.003638 -0.002043 -0.001531 0.000501 0.006144 -0.002231 
0.010611 0.004545 0.002550 0.008274 -0.001795 -0.006811 -0.003234 0.001216 
-0.000744 -0.003746 0.000839 0.001391 0.003118 -0.002258 -0.000493 0.000847 
0.010225 -0.008636 0.007242 -0.004034 0.002164 -0.001858 0.003261 -0.000476 
0.007303 -0.004762 0.009385 0.002723 -0.008484 -0.002456 -0.002199 -0.001010 
-0.008696 0.004440 0.008369 -0.004484 -0.000964 -0.003310 -0.001422 -0.003693 
0.013540 0.002349 -0.001938 -0.012287 -0.004641 -0.000702 0.001367 0.006475 
0.001312 -0.006126 0.005996 -0.005774 -0.006425 -0.001554 0.003212 0.011253 
-0.009223 -0.000471 -0.001614 -0.004340 -0.001008 0.002676 -0.005550 0.006783 
-0.009877 0.007905 0.006472 0.007681 0.012482 0.003403 0.000218 0.004929 
-0.000212 -0.006131 -0.004897 0.006205 -0.007018 -0.004873 -0.003079 0.000958 
-0.004458 0.006719 0.016467 0.006001 -0.006012 0.002651 0.006160 -0.003607 
0.002014 0.005559 -0.002329 0.009618 0.003102 0.003204 -0.003430 0.001090 
0.009875 0.000821 -0.001406 0.000277 0.000940 0.006405 0.002744 0.004854 
0.005507 0.010629 -0.008530 0.003648 0.005790 0.000902 -0.003832 0.003695 
0.003448 -0.003196 -0.001609 -0.002613 -0.001943 0.002256 0.001400 0.000177 
-0.004412 -0.006821 -0.003491 -0.002576 0.006584 -0.007560 -0.002120 0.000441 
-0.004238 -0.007911 -0.000911 0.006822 -0.004745 -0.000908 0.003880 0.013543 
0.001785 0.006872 -0.004301 -0.001949 0.004577 0.005678 -0.001081 -0.005057 
-0.005516 -0.011054 0.005383 0.001500 -0.000801 0.002591 0.000973 0.000135 
-0.001513 0.007876 -0.001602 0.004405 0.002817 -0.001450 0.000127 0.001047 
-0.000362 -0.008217 -0.003377 0.006403 -0.001812 0.003825 0.008838 0.002364 
0.010321 0.002376 0.000918 0.003575 0.004082 -0.001737 -0.006577 -0.004309 
-0.001829 -0.010243 -0.000693 -0.004946 -0.003352 -0.010559 -0.006371 -0.005980 
0.011417 -0.006696 0.007624 0.000157 0.006220 -0.013571 -0.004109 0.001426 
0.003961 -0.018862 0.001661 0.002024 -0.004846 -0.008053 -0.002760 0.005032 
0.012956 0.007193 0.006690 0.008765 -0.008146 -0.002189 -0.001205 0.006330 
0.001001 -0.018435 0.010459 -0.001339 -0.000953 -0.005437 -0.005334 0.000552 
0.010203 -0.011011 0.007294 0.003721 -0.013151 -0.003466 -0.007953 -0.000041 
-0.018078 -0.018982 0.004086 -0.000182 -0.006233 -0.002283 -0.001854 0.003077 
0.006332 -0.008590 0.002176 0.009139 0.000059 -0.017580 -0.022637 0.020358 
0.011032 -0.030577 0.001114 -0.013057 -0.004414 0.008585 -0.009407 -0.003100 
0.003436 0.002509 0.007135 0.010897 -0.002294 0.000970 0.001914 -0.006447 
0.000366 -0.005874 -0.001906 -0.000797 -0.001264 0.000557 -0.007107 -0.007362 
-0.001136 0.002551 -0.002643 0.004656 -0.007396 -0.002920 -0.000296 -0.006103 
-0.001900 -0.000612 0.006190 0.003407 0.001034 0.003163 -0.002618 0.001108 
-0.006743 -0.000791 0.000603 0.002768 0.009548 0.001128 -0.002421 0.005202 
0.008810 -0.010194 0.003191 -0.004677 0.006710 -0.005582 -0.000397 0.000616 
-0.000610 -0.001305 0.008318 -0.008988 -0.001422 -0.002751 0.005610 0.005872 
0.001623 -0.016666 0.006448 0.000244 -0.002716 -0.001260 -0.003359 0.003953 
-0.000553 -0.002961 0.007665 0.001653 -0.001735 -0.005145 0.001065 0.006027 
-0.002943 -0.015538 0.000473 -0.002042 0.007223 -0.010087 -0.002981 -0.004347 
0.002354 -0.007941 -0.003307 0.017886 -0.005711 -0.001051 -0.000746 0.004998 
0.010943 -0.005241 0.003951 -0.004557 0.008269 -0.003427 0.005028 -0.006704 
-0.003542 0.004778 0.003693 0.006846 0.000702 -0.008529 0.004649 0.001906 
-0.002586 -0.015093 0.008726 0.004900 0.006786 -0.013297 -0.009969 0.001669 
-0.006470 -0.005585 0.011652 0.013377 -0.005168 0.011907 0.001374 0.008264 
-0.008244 -0.013458 0.010457 -0.009395 0.006287 -0.007353 -0.000673 -0.002127 
0.000299 -0.010437 0.007804 0.004867 -0.007156 0.010905 0.004430 -0.000533 
-0.002024 -0.030876 0.015581 0.011095 0.021126 -0.005307 -0.015396 -0.007306 
0.011626 0.007606 0.036423 0.019467 -0.023286 -0.005612 0.004630 -0.010680 
-0.015246 -0.019430 0.024802 0.020255 0.017477 -0.017998 0.009354 -0.010540 
0.013443 -0.008330 0.002659 0.009617 0.004745 -0.009466 -0.005698 -0.006847 
-0.016339 -0.003960 0.020857 -0.005629 0.011531 0.010017 -0.016626 0.000175 
0.012491 -0.012580 0.002863 0.017234 0.001234 -0.019142 -0.007266 0.002381 
-0.023712 -0.009094 0.028280 -0.006579 0.003256 0.013472 -0.012610 0.000930 
0.013902 -0.007888 -0.014569 0.015439 -0.001748 -0.014708 0.000976 0.003356 
-0.021509 -0.009502 0.023953 0.002449 -0.000434 0.010692 -0.010043 -0.001447 
-0.003781 -0.011745 -0.003698 0.007624 0.005784 -0.037145 -0.013764 0.012606 
-0.015727 -0.004544 0.021407 -0.005280 0.007258 0.013327 -0.016671 -0.009464 
-0.009801 -0.015821 -0.015149 0.009879 0.007350 -0.030254 0.000028 -0.003589 
-0.010829 -0.003800 0.026748 -0.007467 0.018545 0.021382 -0.023524 -0.000927 
-0.003194 -0.014724 -0.016579 0.013714 0.001226 -0.049033 -0.006662 0.006713 
-0.025166 -0.002789 0.033477 -0.009323 -0.003565 0.034872 -0.017986 -0.002939 
-0.020576 -0.023049 -0.007004 0.011243 0.012488 -0.045722 -0.010329 -0.010639 
-0.026450 -0.006009 0.043146 0.004725 -0.001566 0.033997 -0.022920 -0.004630 
-0.032738 -0.011224 -0.008888 -0.004839 0.013491 -0.037188 -0.013902 0.002340 
-0.019053 0.001582 0.058587 -0.001158 0.007933 0.039838 -0.024125 0.018246 
-0.017329 -0.021248 -0.013433 0.012813 -0.038451 -0.036538 -0.010106 0.022881 
-0.019140 0.031598 0.040190 0.009669 0.012201 0.029029 -0.021132 0.007797 
-0.015357 -0.000337 -0.021872 -0.017491 0.007581 -0.019237 -0.035469 0.002293 
-0.003956 -0.009537 0.039100 0.012376 0.033130 0.055422 -0.031230 -0.005205 
