0.457528 1.106407
0.543322 1.178529
0.463466 1.202627
0.391909 1.205723
0.328193 1.186730
0.273099 1.139009
0.237338 1.065134
0.207076 0.998890
0.213263 0.976036
0.253269 1.097540
-0.625271 1.137856
-0.605506 1.207305
-0.431052 1.216360
-0.304836 1.215725
-0.212350 1.196945
-0.149020 1.145570
-0.099186 1.075305
-0.068971 1.004239
-0.064627 0.996871
-0.164907 1.114312
-2.089108 1.448027
-1.767935 1.529427
-1.645083 1.535961
-1.578405 1.527757
-1.537921 1.519593
-1.519159 1.507781
-1.502917 1.506166
-1.497463 1.505410
-1.467546 1.517418
-1.373812 1.506121
0.290980 0.607369
0.251974 0.712298
0.237118 0.752228
0.222838 0.774325
0.212367 0.786929
0.201661 0.787774
0.189838 0.789438
0.188681 0.783859
0.181455 0.785922
0.149004 0.787368
1.145245 1.315800
1.025891 1.309056
0.914481 1.314261
0.829700 1.303755
0.755629 1.277299
0.694834 1.224561
0.651095 1.152161
0.616256 1.093023
0.611854 1.071469
0.619952 1.180698
-0.692371 1.100162
-0.663157 1.189754
-0.490533 1.201815
-0.365339 1.202083
-0.273242 1.183656
-0.208706 1.135140
-0.157755 1.066517
-0.127787 0.998776
-0.121494 0.992035
-0.208330 1.106228
0.009332 0.706972
0.012503 0.704559
0.012084 0.702552
0.014717 0.702002
0.013801 0.701712
0.017526 0.701366
0.016065 0.703108
0.018997 0.700155
0.015568 0.704431
0.015873 0.722671
-0.068216 0.705928
-0.107935 0.703806
-0.155103 0.704062
-0.197277 0.704358
-0.238879 0.707116
-0.274398 0.709171
-0.307048 0.710978
-0.326528 0.707035
-0.326791 0.700309
-0.367887 0.704674
0.008686 0.706409
0.021045 0.699749
0.026575 0.694081
0.031501 0.688010
0.037610 0.684644
0.042045 0.681479
0.045426 0.677586
0.047656 0.674983
0.052993 0.674709
0.035511 0.671932
-0.008019 0.701448
-0.027121 0.705343
-0.044795 0.699317
-0.059169 0.696813
-0.071288 0.690899
-0.082769 0.688278
-0.091595 0.684273
-0.101494 0.680930
-0.104057 0.675952
-0.145348 0.696147
0.004886 0.701453
0.023778 0.695629
0.037787 0.701042
0.048610 0.707079
0.058947 0.710216
0.067792 0.707840
0.078611 0.702963
0.090784 0.691639
0.092883 0.677511
0.117288 0.698955
-0.014930 0.691810
-0.028109 0.697051
-0.036511 0.701605
-0.038739 0.709988
-0.048622 0.711503
-0.053237 0.714081
-0.058622 0.706994
-0.068725 0.695571
-0.082745 0.700827
-0.104660 0.713779
0.002735 0.699107
0.013262 0.715450
0.020162 0.755737
0.025055 0.790275
0.030057 0.814011
0.034268 0.817241
0.035176 0.797741
0.037330 0.755291
0.044216 0.744115
0.044674 0.793936
-0.011516 0.692117
-0.017156 0.715673
-0.021773 0.755751
-0.021651 0.789340
-0.027965 0.811502
-0.028078 0.817196
-0.035336 0.797863
-0.037837 0.758632
-0.044118 0.731185
-0.053283 0.777675
0.012398 0.707508
0.022558 0.738531
0.028066 0.787801
0.028665 0.826981
0.028184 0.842840
0.024673 0.836787
0.021977 0.800996
0.019789 0.754721
0.029540 0.740053
0.032745 0.780850
0.049052 0.699446
0.061207 0.733665
0.057067 0.783670
0.050027 0.822713
0.035523 0.841952
0.026558 0.833042
0.013249 0.795755
0.000680 0.753035
-0.011663 0.742220
0.028228 0.813014
0.013112 0.662489
0.042254 0.692029
0.057701 0.740608
0.069234 0.767995
0.080173 0.773742
0.089272 0.756259
0.096359 0.715809
0.105714 0.663418
0.114150 0.645696
0.116859 0.731225
-0.012446 0.662371
-0.044242 0.697456
-0.078540 0.743007
-0.103955 0.773469
-0.138787 0.778784
-0.163187 0.763942
-0.190111 0.720373
-0.212311 0.673142
-0.225022 0.657730
-0.260125 0.759704
0.003921 0.709989
0.009387 0.704462
0.016668 0.705225
0.019212 0.703907
0.023494 0.703583
0.029472 0.699508
0.030130 0.699320
0.039473 0.695982
0.034557 0.700207
0.022506 0.697874
-0.008211 0.702924
-0.015793 0.706688
-0.017696 0.706211
-0.020376 0.706448
-0.024874 0.704694
-0.031051 0.703719
-0.030533 0.703669
-0.036997 0.699960
-0.049910 0.704089
-0.057468 0.678695
0.003144 0.709676
0.012691 0.704924
0.014447 0.702510
0.023406 0.703668
0.027316 0.703341
0.030417 0.701217
0.035488 0.699168
0.043248 0.695845
0.045849 0.690914
0.095127 0.701339
-0.008461 0.702931
-0.012587 0.706627
-0.018040 0.707399
-0.015444 0.706531
-0.020639 0.706359
-0.023446 0.705351
-0.028616 0.703673
-0.030502 0.703253
-0.031304 0.702300
-0.037429 0.676325
0.004342 0.710372
0.009757 0.705592
0.018570 0.704897
0.019115 0.704594
0.026585 0.705150
0.029295 0.703159
0.040142 0.701458
0.042514 0.699280
0.052904 0.696737
0.057048 0.695093
-0.010248 0.702292
-0.011136 0.706794
-0.015723 0.707080
-0.016938 0.707467
-0.021303 0.709461
-0.023184 0.709088
-0.024651 0.706251
-0.032653 0.706254
-0.031407 0.703793
-0.048966 0.706473
0.003267 0.708663
0.011989 0.705002
0.016877 0.705806
0.022431 0.708275
0.025652 0.705755
0.031609 0.706807
0.036369 0.706153
0.042268 0.699529
0.042242 0.696498
0.058655 0.723285
-0.009760 0.703406
-0.013398 0.707288
-0.015021 0.709207
-0.016292 0.711374
-0.020710 0.711942
-0.019070 0.713372
-0.023846 0.708643
-0.027030 0.707936
-0.045063 0.710032
-0.041452 0.706652
0.003536 0.708313
0.010665 0.705631
0.016063 0.707031
0.022228 0.707873
0.026511 0.712444
0.028503 0.713229
0.032028 0.710390
0.033345 0.705796
0.028562 0.696878
0.026456 0.688355
-0.010979 0.703237
-0.011129 0.705555
-0.014423 0.708990
-0.014914 0.714235
-0.019066 0.711664
-0.021112 0.716343
-0.021317 0.714273
-0.024070 0.711966
-0.024851 0.710191
-0.050645 0.706321
0.001077 0.707461
0.007506 0.707172
0.012456 0.711790
0.015242 0.716737
0.021655 0.716905
0.024982 0.719555
0.024853 0.716299
0.027958 0.709297
0.031610 0.703339
0.042485 0.726027
-0.009649 0.703967
-0.008194 0.706008
-0.011019 0.711641
-0.011504 0.715067
-0.012818 0.720100
-0.011707 0.720185
-0.015717 0.718575
-0.018526 0.712584
-0.023963 0.705063
-0.051275 0.709734
-0.000226 0.707842
0.002420 0.708083
0.006641 0.712047
0.008374 0.719729
0.010718 0.722963
0.014617 0.725909
0.013835 0.721429
0.014709 0.715346
0.014012 0.704793
0.014573 0.744090
-0.008153 0.702866
-0.009623 0.706915
-0.010572 0.713237
-0.010840 0.718787
-0.012691 0.723911
-0.012852 0.725032
-0.017165 0.721001
-0.015858 0.715030
-0.020609 0.705383
-0.043334 0.704128
-0.001667 0.708257
0.004081 0.710989
0.006102 0.715023
0.007686 0.722319
0.008492 0.728701
0.009123 0.728963
0.011210 0.726546
0.010641 0.717780
0.004455 0.712104
0.000014 0.725972
-0.008287 0.702639
-0.011574 0.706270
-0.012144 0.715200
-0.011421 0.722142
-0.013048 0.725927
-0.014094 0.729077
-0.017954 0.725860
-0.019367 0.719480
-0.021385 0.718638
0.002019 0.742745
0.004675 0.709499
0.006658 0.710511
0.008007 0.718045
0.008504 0.726434
0.010745 0.732534
0.010381 0.734819
0.013069 0.729822
0.012217 0.719901
0.022322 0.719516
0.024202 0.743865
0.000603 0.702591
0.002830 0.709588
0.000373 0.715754
0.000371 0.725721
-0.003895 0.730101
-0.006341 0.731152
-0.005461 0.728161
-0.012988 0.718949
-0.004626 0.714203
0.016683 0.708331
0.007185 0.707518
0.010213 0.710974
0.012439 0.718679
0.014860 0.728138
0.014650 0.734629
0.016146 0.734555
0.014372 0.728038
0.015887 0.718358
0.028000 0.712157
0.020301 0.716861
-0.011123 0.704288
-0.014153 0.711091
-0.014718 0.720613
-0.014236 0.727970
-0.017589 0.734172
-0.017703 0.735921
-0.022517 0.729624
-0.016541 0.719634
-0.024298 0.708899
-0.043530 0.733815
-0.000620 0.707533
0.006913 0.712183
0.006012 0.722537
0.008148 0.731796
0.007884 0.736022
0.007707 0.737731
0.006981 0.730354
0.005665 0.721562
0.015264 0.719623
0.023227 0.762058
-0.008422 0.705078
-0.009955 0.711846
-0.012534 0.721680
-0.011752 0.733038
-0.016595 0.736464
-0.013308 0.738305
-0.017679 0.730624
-0.023692 0.718978
-0.031188 0.714898
-0.031279 0.730491
0.006229 0.711984
0.006884 0.716199
0.012091 0.726290
0.011721 0.733682
0.009391 0.737537
0.010120 0.736645
0.008877 0.729354
0.008192 0.717571
0.010367 0.716405
0.008800 0.716452
0.015079 0.700861
0.013557 0.708228
0.010703 0.720039
0.006716 0.728179
0.002156 0.734428
0.001657 0.734512
-0.002641 0.725086
-0.006655 0.715853
-0.013185 0.714888
0.008287 0.738649
0.020243 0.713817
0.026067 0.718080
0.026187 0.725555
0.023900 0.734547
0.025722 0.737278
0.024580 0.736760
0.020936 0.729231
0.019483 0.718555
0.025643 0.716142
0.014592 0.704254
0.053285 0.698272
0.049778 0.705406
0.047342 0.717451
0.039069 0.726436
0.032961 0.729697
0.022500 0.729142
0.017337 0.720915
0.010189 0.714202
0.012413 0.709053
0.012567 0.732156
0.006409 0.708272
0.005510 0.713366
0.007119 0.719918
0.006404 0.727951
0.004926 0.732654
0.002245 0.732345
0.001009 0.724257
0.000652 0.716734
-0.008763 0.712791
0.015066 0.732347
0.079950 0.702194
0.075778 0.709466
0.062189 0.719805
0.057239 0.726195
0.043559 0.729693
0.033717 0.728190
0.021554 0.721409
0.015056 0.715234
0.004778 0.708633
0.038396 0.711914
0.036531 0.702614
0.033177 0.706423
0.036199 0.709799
0.031719 0.711756
0.030677 0.714694
0.022374 0.715294
0.025855 0.714082
0.026865 0.713348
0.036728 0.714550
0.021351 0.708803
0.125311 0.700109
0.112279 0.702574
0.094437 0.704904
0.081839 0.706630
0.070624 0.707447
0.061565 0.706617
0.054964 0.702725
0.045799 0.701739
0.037106 0.701851
0.089897 0.706877
-0.078836 0.953426
-0.074285 0.942420
-0.058112 0.935357
-0.047038 0.928247
-0.041656 0.922518
-0.034498 0.911512
-0.034480 0.902844
-0.029224 0.894532
-0.042441 0.899917
-0.031031 0.876373
0.170436 0.975231
0.210298 0.963241
0.197839 0.949474
0.174990 0.943739
0.154257 0.933396
0.136921 0.921380
0.115544 0.911108
0.107725 0.898191
0.095427 0.897064
0.125806 0.924973
1.930785 1.131425
1.635272 1.264782
1.523242 1.288760
1.456683 1.295668
1.416757 1.297435
1.393311 1.289631
1.378923 1.282064
1.369629 1.280541
1.350817 1.284893
1.272085 1.305494
-0.302362 0.765716
-0.262292 0.829459
-0.246262 0.858359
-0.236865 0.869694
-0.233788 0.879060
-0.232586 0.874148
-0.230421 0.876154
-0.230048 0.871185
-0.218171 0.875353
-0.262834 0.841713
0.620952 1.048712
0.420511 0.966831
0.401144 0.960965
0.393694 0.958761
0.385521 0.955997
0.381324 0.947462
0.372100 0.942122
0.370864 0.933766
0.349078 0.941124
0.331837 0.905618
0.063529 0.962943
0.135227 0.957442
0.128487 0.946517
0.108470 0.943356
0.090163 0.934898
0.074286 0.923051
0.055362 0.913798
0.049044 0.903770
0.040240 0.901331
0.061128 0.924527
0.003086 0.705615
0.005590 0.703645
0.006865 0.703414
0.013110 0.702527
0.017657 0.701079
0.020957 0.699474
0.025932 0.698429
0.026241 0.695296
0.019712 0.687590
0.005739 0.682955
-0.005338 0.709501
-0.004056 0.710047
-0.001657 0.708322
-0.003376 0.706374
-0.003252 0.708163
-0.004000 0.704853
-0.004764 0.702959
-0.007798 0.699856
0.013038 0.699350
0.009459 0.676161
0.021866 0.708542
0.015984 0.710933
0.015979 0.711795
0.016896 0.712068
0.018422 0.709243
0.021982 0.705101
0.023251 0.703264
0.020089 0.699286
0.022865 0.697618
0.044440 0.716027
-0.005118 0.710136
-0.001077 0.710874
-0.001481 0.711881
0.002264 0.712694
0.001696 0.712234
0.002086 0.707997
0.002672 0.705510
0.011557 0.701607
0.023934 0.695518
0.032683 0.694411
0.020277 0.708730
-0.006844 0.707738
-0.017105 0.708100
-0.022266 0.708146
-0.029532 0.707644
-0.033792 0.705653
-0.043377 0.703320
-0.052350 0.700328
-0.047299 0.699710
-0.083495 0.715518
0.006895 0.708433
0.016297 0.709354
0.020429 0.711093
0.025592 0.713350
0.029903 0.711113
0.034120 0.710117
0.035588 0.707265
0.037751 0.706811
0.061144 0.712887
0.076001 0.711987
0.013679 0.706853
0.006752 0.703661
0.002058 0.703770
0.001246 0.702507
0.001903 0.708042
-0.003768 0.708339
-0.005016 0.707411
-0.002819 0.707422
-0.014959 0.714013
0.012052 0.702145
0.003679 0.705490
0.003707 0.704216
0.000495 0.704811
0.001789 0.706584
0.004146 0.708638
-0.000611 0.709438
-0.004640 0.707016
-0.004318 0.708124
0.002103 0.712135
0.000370 0.723189
0.015680 0.704983
0.015954 0.701191
0.017731 0.703019
0.016051 0.703757
0.017222 0.707775
0.015647 0.709198
0.014090 0.707564
0.012311 0.708113
0.019814 0.717553
0.000020 0.719193
-0.006285 0.706853
-0.012399 0.705276
-0.014932 0.705128
-0.014415 0.707272
-0.015604 0.709424
-0.017859 0.711230
-0.012910 0.712510
-0.009803 0.714652
-0.025277 0.709897
-0.019458 0.703704
0.036565 0.707664
0.015340 0.703093
0.008291 0.707537
0.006569 0.713565
0.005328 0.716967
0.002505 0.712351
-0.001747 0.704619
-0.008436 0.697326
-0.008892 0.694976
-0.017119 0.714605
-0.001045 0.705952
0.004025 0.702884
0.004582 0.709003
0.009750 0.715623
0.012722 0.719400
0.012952 0.714076
0.013930 0.707095
0.020417 0.699098
0.045664 0.698323
0.055385 0.718292
0.011932 0.707302
-0.002905 0.704722
-0.006940 0.705367
-0.008440 0.708694
-0.010308 0.704020
-0.016223 0.703461
-0.015583 0.703569
-0.018992 0.701330
-0.006464 0.704862
0.028246 0.728869
0.003552 0.708049
0.006768 0.711042
0.008389 0.711334
0.010311 0.710913
0.008244 0.710551
0.011937 0.708302
0.017505 0.707387
0.017037 0.701911
0.046450 0.706153
0.029629 0.711822
0.010288 0.707241
-0.004187 0.705555
-0.007569 0.706085
-0.010287 0.705493
-0.014052 0.706255
-0.015570 0.702736
-0.019763 0.701365
-0.024141 0.701382
-0.029909 0.699693
-0.026525 0.702382
0.003962 0.708137
0.007684 0.710700
0.007903 0.711616
0.010517 0.710183
0.014181 0.707761
0.014527 0.711198
0.015393 0.708637
0.014130 0.706637
0.019983 0.709613
0.065610 0.687608
0.011925 0.706950
-0.004679 0.706559
-0.006466 0.704350
-0.010363 0.704378
-0.014693 0.705389
-0.014929 0.704420
-0.020577 0.701582
-0.020654 0.700757
-0.015748 0.701836
-0.062204 0.711136
0.004610 0.708551
0.005016 0.709825
0.008285 0.709191
0.010033 0.708778
0.015851 0.708624
0.011299 0.707622
0.012929 0.706730
0.014370 0.706824
0.028760 0.708149
0.024376 0.686680
0.007927 0.706539
-0.003559 0.706636
-0.009240 0.706645
-0.012545 0.705815
-0.016512 0.704321
-0.017802 0.704667
-0.024418 0.704631
-0.032552 0.704206
-0.027572 0.705601
-0.050113 0.698921
0.005409 0.708415
0.008635 0.708531
0.011120 0.708790
0.011815 0.708991
0.012670 0.707715
0.018208 0.707911
0.017824 0.704752
0.020392 0.707546
0.021327 0.716206
0.036287 0.684730
0.007603 0.707969
-0.001197 0.706313
-0.007154 0.706255
-0.008438 0.706120
-0.008867 0.705922
-0.009586 0.705348
-0.015779 0.703055
-0.018824 0.705643
-0.026388 0.700852
-0.068262 0.724255
0.005184 0.707318
0.010212 0.707217
0.008831 0.707242
0.012891 0.709523
0.015631 0.707792
0.019443 0.707674
0.015009 0.706619
0.018369 0.708583
0.018312 0.709912
0.012320 0.708525
0.005692 0.707944
0.001047 0.705590
-0.000407 0.706216
-0.001268 0.705842
-0.002394 0.706365
-0.005128 0.704205
-0.004452 0.705651
-0.003568 0.702841
-0.003753 0.714826
-0.001692 0.680544
0.000163 0.707742
0.001435 0.707890
-0.000324 0.708056
0.002839 0.709099
0.003549 0.709336
-0.000342 0.708816
-0.004151 0.706841
0.001300 0.706512
0.010242 0.709611
0.003690 0.706997
0.007738 0.706632
0.001942 0.705694
0.001084 0.705879
0.001589 0.704724
0.002035 0.705628
-0.002521 0.708479
-0.003617 0.706843
-0.001756 0.707112
-0.009256 0.712641
0.015307 0.702306
0.001327 0.707584
0.001748 0.707764
0.000017 0.707984
0.000412 0.707844
0.000217 0.706745
-0.002520 0.707773
-0.001532 0.705897
-0.004204 0.705691
-0.013814 0.702911
0.012717 0.686652
0.009553 0.707174
0.004659 0.706796
0.002817 0.705720
0.000032 0.706156
-0.000186 0.705962
-0.002388 0.706549
-0.000016 0.707681
0.000343 0.705592
-0.011247 0.708817
-0.021781 0.687202
0.000755 0.707728
-0.000096 0.707560
-0.000674 0.708017
-0.000330 0.708455
0.000760 0.706588
0.000484 0.708110
-0.003436 0.707420
-0.003685 0.707339
0.001626 0.709244
0.008262 0.709705
0.011010 0.707854
0.006248 0.705401
0.003733 0.706396
0.003071 0.705852
0.005806 0.707088
0.005375 0.707868
-0.001062 0.707600
0.002879 0.704665
0.001623 0.706539
0.035730 0.693376
0.001866 0.706238
0.001075 0.706833
-0.002146 0.707020
-0.002956 0.705835
-0.001657 0.706750
-0.002743 0.708726
-0.002602 0.708891
-0.001609 0.710376
0.001775 0.708835
-0.022920 0.741931
0.005084 0.707140
0.001183 0.705980
-0.002760 0.705460
-0.000562 0.705977
-0.001835 0.706366
-0.002521 0.706980
-0.000515 0.705063
-0.003440 0.706632
-0.010265 0.698894
-0.001996 0.718208
0.007122 0.706754
0.005180 0.708085
0.004444 0.706774
0.004323 0.708581
0.006228 0.707626
0.004082 0.707303
0.000263 0.707769
-0.001251 0.710343
0.001868 0.706224
-0.003264 0.713957
0.003547 0.707059
0.000827 0.705101
0.002429 0.705665
-0.003042 0.706244
-0.001694 0.707780
-0.001754 0.707731
-0.001932 0.707508
-0.001777 0.707436
0.005944 0.707825
0.032078 0.712481
0.003197 0.707451
0.000516 0.707655
0.000145 0.707740
0.002289 0.707253
-0.000261 0.708915
0.001081 0.708804
0.004277 0.707585
0.002130 0.706115
-0.012056 0.711113
0.000493 0.707398
0.017777 0.705618
0.013585 0.704651
0.012310 0.704367
0.012316 0.705726
0.012544 0.706297
0.011966 0.708803
0.010186 0.707605
0.007130 0.708172
0.011652 0.706774
-0.021563 0.693423
-0.001896 0.708444
-0.004160 0.709033
-0.005754 0.707175
-0.003226 0.707578
-0.003174 0.709339
-0.004690 0.708717
-0.001458 0.710630
0.001793 0.711498
-0.007703 0.714425
-0.010082 0.718967
0.023222 0.706876
0.022092 0.706882
0.020470 0.705460
0.019910 0.706470
0.017466 0.706721
0.015341 0.707449
0.013889 0.709752
0.011889 0.707909
0.018365 0.715042
-0.016791 0.701541
-0.009076 0.706861
-0.011557 0.706319
-0.013055 0.707024
-0.013554 0.708087
-0.012002 0.708982
-0.013255 0.707937
-0.007310 0.708191
-0.006256 0.708932
-0.016685 0.707751
-0.000488 0.716372
0.003415 0.705400
0.002222 0.703973
0.002408 0.706001
0.001896 0.705089
0.004613 0.707426
0.003151 0.708221
0.002676 0.706446
0.003016 0.708927
-0.000504 0.717378
0.001268 0.691165
-0.005720 0.708903
-0.004472 0.709881
-0.001424 0.709211
-0.002791 0.709772
-0.003448 0.708328
-0.004741 0.709186
-0.007437 0.709870
-0.004670 0.711344
-0.001140 0.704815
-0.003680 0.708703
-0.009378 0.693892
-0.003196 0.695866
0.002024 0.697124
0.004367 0.697183
0.010908 0.699165
0.011577 0.700145
0.019179 0.701590
0.019121 0.701921
0.017340 0.705032
-0.000662 0.686647
-0.040354 0.718668
-0.043745 0.716073
-0.044882 0.715078
-0.048008 0.715114
-0.050424 0.712396
-0.054017 0.711580
-0.057433 0.712826
-0.056476 0.710986
-0.044893 0.711489
-0.046399 0.713693
-0.124061 -0.038269 0.009176 0.000251 0.000516 -0.000001 -0.000351 0.002415 
0.296069 -0.049476 0.001294 0.000787 0.000282 -0.001308 -0.001490 0.000650 
-0.126085 -0.010947 0.002557 -0.000540 0.000981 -0.002054 -0.000384 -0.001260 
0.216368 -0.029454 0.003551 -0.001349 0.000118 0.000380 0.001489 0.000639 
-0.044492 -0.002476 -0.000551 -0.002230 0.000688 -0.000369 0.001320 0.002056 
0.081174 0.003573 0.001858 -0.001919 -0.000009 -0.000722 0.000392 -0.000376 
0.030648 -0.002515 0.001905 -0.000592 -0.001397 0.000042 0.000426 0.000175 
-0.037311 0.002709 0.002056 -0.000914 -0.001285 -0.000449 0.000284 0.002201 
0.090210 -0.011362 -0.002961 -0.000945 0.001061 -0.001282 -0.000356 0.000743 
-0.137926 -0.019845 0.003652 -0.000229 -0.000930 0.001930 0.000704 -0.000125 
0.139022 -0.028312 -0.016213 -0.002684 -0.000293 0.000518 -0.001069 -0.000621 
-0.221997 -0.056476 0.004161 0.005006 0.002399 -0.000470 -0.001227 0.001278 
0.164402 -0.038260 -0.032243 -0.007871 0.000469 0.000879 0.000490 0.000751 
-0.278752 -0.087622 -0.004172 0.007936 0.005898 0.000389 0.000956 0.000165 
0.162690 -0.048184 -0.040467 -0.010309 0.001160 0.001057 0.002137 0.000696 
-0.305502 -0.099107 -0.005316 0.012911 0.004365 0.002103 -0.000046 0.000384 
0.124579 -0.051737 -0.030120 -0.011817 -0.000580 0.003568 0.003135 0.001946 
-0.295116 -0.075111 -0.003017 0.009138 0.008914 0.002450 0.001758 0.000890 
0.053228 -0.034349 -0.010129 -0.004453 -0.000680 0.000034 0.003172 -0.000669 
-0.225071 -0.029519 0.002703 0.003887 0.002827 0.003032 -0.000739 -0.000169 
-0.022342 -0.004041 -0.083206 -0.020272 -0.075204 0.089504 -0.007983 0.052883 
-0.104415 -0.014030 0.022687 0.012083 -0.003243 -0.022490 -0.016171 0.007236 
-0.150713 0.108043 -0.122710 -0.017664 -0.068045 0.108229 -0.021204 0.041933 
-0.046201 -0.017642 0.031887 -0.003741 0.008087 -0.048892 0.015679 -0.017301 
-0.209959 0.177528 -0.171873 0.005554 -0.078606 0.127806 -0.048341 0.055448 
-0.025415 -0.027657 0.044844 -0.015147 0.013756 -0.062604 0.032035 -0.032696 
-0.261107 0.244582 -0.230437 0.045114 -0.106716 0.156046 -0.077061 0.078365 
-0.002936 -0.041326 0.062347 -0.035018 0.031199 -0.083752 0.056617 -0.059591 
-0.308347 0.303033 -0.285239 0.087140 -0.139397 0.186915 -0.106111 0.104085 
0.020641 -0.057926 0.087977 -0.062727 0.059833 -0.117783 0.094680 -0.092307 
-0.352443 0.360294 -0.345976 0.138336 -0.181817 0.227212 -0.135762 0.132317 
0.033368 -0.075845 0.113461 -0.095178 0.094191 -0.157504 0.138482 -0.137929 
-0.403326 0.427462 -0.412823 0.197402 -0.234306 0.265209 -0.162912 0.155693 
0.056019 -0.100169 0.151530 -0.143409 0.147416 -0.216951 0.205431 -0.205019 
-0.471283 0.502447 -0.497232 0.277540 -0.302502 0.322787 -0.204220 0.189497 
0.075046 -0.121713 0.191596 -0.200100 0.210057 -0.289388 0.290897 -0.289369 
-0.553373 0.587100 -0.590737 0.371084 -0.375495 0.380000 -0.244238 0.219866 
0.093825 -0.150918 0.240954 -0.274725 0.290561 -0.384387 0.395337 -0.393069 
-0.654023 0.692502 -0.699819 0.494556 -0.488844 0.465886 -0.316059 0.286906 
0.109883 -0.172125 0.283550 -0.342041 0.366583 -0.472761 0.495518 -0.499881 
-0.213603 -0.080597 0.040156 0.001555 -0.001533 0.001790 0.000389 0.000112 
0.312973 -0.095093 -0.017633 0.013443 0.000571 -0.003192 0.000733 0.000858 
-0.114414 -0.034853 0.009784 -0.000650 -0.001185 -0.000373 0.001216 -0.002484 
0.222148 -0.033098 -0.003473 0.003425 -0.001137 -0.000275 0.003073 -0.001511 
-0.016863 -0.013692 0.002415 -0.003749 0.001770 0.002053 -0.001341 0.000593 
0.083249 -0.003430 0.000730 0.000249 -0.000156 -0.000650 0.001438 -0.001426 
0.066782 0.001654 0.002501 -0.002767 0.000919 -0.000388 0.002008 -0.000312 
-0.037989 -0.014236 0.004995 0.001435 -0.001108 -0.001777 0.000214 0.002436 
0.132814 0.008013 -0.006009 -0.004540 0.002955 0.000104 -0.001624 0.001589 
-0.138488 -0.047577 -0.000815 0.004740 0.002284 -0.001021 -0.000862 0.000305 
0.185430 0.005526 -0.017690 -0.008968 -0.000461 0.002698 0.000384 -0.001845 
-0.221177 -0.090546 -0.008964 0.006781 0.005874 -0.001211 -0.002466 -0.000974 
0.223116 0.014277 -0.029064 -0.016816 0.000755 0.004417 0.000419 -0.002406 
-0.276272 -0.131276 -0.028178 0.006260 0.011401 0.001619 -0.001597 -0.001578 
0.254808 0.030159 -0.027474 -0.023437 -0.001525 0.005893 0.001083 -0.001021 
-0.302311 -0.159677 -0.047165 0.002566 0.013894 0.002369 -0.003432 -0.001096 
0.279574 0.084909 0.005706 -0.021825 -0.002972 0.006888 -0.000966 0.002588 
-0.289122 -0.159628 -0.075844 -0.017478 0.007922 0.000128 -0.001418 0.000864 
0.306640 0.197034 0.087649 0.014316 0.017113 0.012612 0.002749 0.006020 
-0.212383 -0.129689 -0.103140 -0.052180 -0.016611 -0.019125 -0.010072 -0.005956 
0.006910 -0.037716 0.001597 0.001683 0.000857 -0.000171 0.000238 -0.001679 
-0.216137 0.002457 0.004477 -0.001238 0.000787 0.001033 -0.003951 -0.002001 
0.004994 -0.017835 0.000495 0.001146 -0.000205 -0.001367 0.002446 -0.002069 
-0.144286 0.002108 0.002574 0.001823 -0.001330 -0.000867 0.000899 -0.000738 
0.002772 -0.005387 -0.000450 -0.001477 0.000376 -0.003666 0.001248 0.000975 
-0.063788 0.005169 0.003316 -0.000009 -0.001657 0.000303 0.001375 -0.000672 
-0.001329 0.001609 0.000597 -0.000736 0.000495 -0.001596 -0.000228 0.004064 
0.009787 0.001937 -0.003056 0.000578 -0.001090 0.001848 0.002273 -0.000404 
0.000556 -0.002671 0.000292 0.002319 -0.000937 -0.003204 -0.000944 -0.000309 
0.073095 0.001741 -0.003246 -0.001111 0.001143 -0.001979 -0.001057 -0.000427 
-0.003378 -0.008856 -0.000666 0.003512 -0.001273 -0.001769 0.000110 0.001869 
0.123183 -0.001389 -0.005172 -0.000726 0.000914 -0.002759 -0.002254 -0.000262 
0.000677 -0.013478 0.003375 0.007593 -0.002014 -0.005526 0.003250 0.002476 
0.160070 -0.002558 -0.008558 0.001311 0.007232 0.000575 -0.006471 -0.006109 
-0.004940 -0.017888 0.004040 0.008083 -0.002486 -0.007848 0.004116 0.000626 
0.170338 -0.001900 -0.013229 0.003818 0.007631 0.000894 -0.011821 -0.009048 
-0.000932 -0.013739 0.003157 0.005514 -0.002063 -0.007519 -0.000425 -0.000062 
0.158863 -0.003795 -0.010593 0.001771 0.005780 0.000355 -0.011980 -0.011139 
-0.013584 0.009215 0.004817 0.004341 0.000480 -0.004786 0.010146 -0.009145 
0.173721 -0.007204 0.001464 -0.000100 0.007629 -0.005982 -0.014310 -0.009710 
0.034732 -0.010036 0.001067 -0.001554 0.000417 -0.000631 -0.002304 0.002788 
-0.080719 0.002295 0.003302 0.001321 0.000877 -0.001253 -0.000839 -0.000970 
0.019207 -0.003265 -0.000736 -0.000241 0.004431 0.000455 -0.002415 -0.001844 
-0.048851 0.003469 0.002835 -0.000498 -0.000672 0.003291 -0.002090 0.000794 
0.008047 -0.002057 -0.002209 -0.001213 -0.001318 -0.000450 -0.001118 -0.000360 
-0.021376 0.001503 -0.001198 0.000122 -0.000075 -0.001486 0.001111 -0.000751 
-0.003136 -0.000407 -0.002968 -0.000993 0.000771 -0.000576 -0.001071 -0.001116 
0.003160 0.001614 -0.000436 0.000050 -0.001071 -0.000757 -0.001337 0.000038 
-0.011029 0.000721 0.000851 -0.002478 0.000458 -0.000173 0.000163 0.000070 
0.028224 0.002738 0.001334 -0.000596 -0.000965 -0.000623 0.002573 -0.001062 
-0.017461 -0.003500 -0.000711 0.000000 -0.002382 0.002195 -0.003146 -0.002155 
0.045235 0.001826 -0.001328 0.001323 -0.000735 0.001129 0.000170 -0.000399 
-0.021320 0.002078 -0.000422 -0.000640 -0.000427 0.001842 -0.000609 -0.000710 
0.061191 -0.000986 -0.000337 -0.000205 -0.001132 -0.000496 -0.000288 0.000504 
-0.027902 0.001011 0.000276 0.000375 -0.001406 -0.000689 -0.001666 -0.001796 
0.073390 -0.002351 0.001397 0.002185 0.001167 -0.000453 -0.001334 -0.000613 
-0.032971 -0.002391 0.002825 -0.001699 -0.001400 0.003897 -0.001554 0.000741 
0.080264 -0.006334 0.000306 0.002528 -0.004164 -0.000174 0.003729 -0.001697 
-0.056727 0.018424 0.003062 0.000015 -0.006709 0.005862 -0.003913 0.000740 
0.093958 -0.016828 0.009588 0.002420 -0.001933 -0.002357 0.003835 -0.004468 
0.070272 -0.007042 -0.001706 0.000699 -0.000529 0.000121 -0.002363 -0.001137 
-0.042970 -0.001408 0.000066 0.001123 0.002226 0.000335 -0.001542 -0.000280 
0.037319 -0.000718 -0.001412 -0.000188 0.003495 -0.002963 -0.001015 0.000638 
-0.018714 0.004981 -0.000742 -0.000074 -0.000764 0.000689 0.002026 0.000363 
0.016012 -0.001834 -0.000452 0.000963 -0.001699 0.001984 -0.001719 0.001855 
-0.009462 0.001245 0.000514 -0.001921 -0.000635 -0.000275 0.002332 0.001920 
-0.003611 -0.001410 -0.001437 0.000197 -0.000858 0.001274 0.000242 0.002360 
0.000963 0.003099 0.000569 0.000497 -0.000313 -0.001758 -0.001172 -0.001093 
-0.020354 0.002279 -0.000083 0.000146 -0.001942 0.001650 -0.000268 0.000066 
0.010095 0.003295 -0.000814 0.000910 0.000705 0.001253 -0.001567 0.002275 
-0.038825 0.002759 0.000555 0.000040 -0.002102 -0.001131 0.001085 -0.001188 
0.020553 0.003175 0.001964 -0.000772 -0.001277 0.001218 0.000534 0.000830 
-0.050401 0.003028 0.001119 0.000706 0.002591 -0.001835 -0.000944 0.002284 
0.031322 0.003534 -0.000508 0.001212 0.000863 0.001671 0.000728 0.000424 
-0.066661 0.005778 -0.000021 -0.001342 -0.000973 -0.002614 -0.001301 -0.000293 
0.042940 -0.003040 0.001393 -0.000857 0.000480 0.002174 -0.000954 0.000446 
-0.087545 0.021866 -0.002440 -0.003136 0.004704 -0.002177 -0.002685 0.002011 
0.050620 -0.007929 0.008826 0.001533 0.000106 0.002459 -0.000606 -0.000474 
-0.105518 0.069327 -0.007363 -0.001210 0.000519 0.001761 -0.006982 0.008389 
0.084285 -0.021749 0.022611 -0.001046 -0.002599 0.004555 -0.003428 -0.000801 
0.026700 -0.005203 -0.002882 0.000282 -0.001167 -0.000357 0.000337 0.001129 
-0.019511 -0.004233 -0.000230 0.000362 -0.002300 -0.000417 0.002484 0.000559 
0.013617 -0.001605 -0.005122 -0.001084 -0.000584 -0.002719 -0.000713 0.001448 
-0.006018 -0.001918 -0.001666 -0.000310 -0.001206 0.001279 0.000776 -0.002131 
0.006470 0.001211 -0.000655 -0.001494 -0.001526 -0.000819 -0.000228 -0.000877 
-0.003138 -0.001101 0.001641 -0.000960 -0.000738 0.002011 -0.000445 -0.001255 
0.001677 -0.002438 -0.000101 0.000909 0.000970 -0.001604 0.000668 -0.000411 
0.002684 -0.001936 0.000805 -0.001002 -0.000267 0.000138 0.002653 0.001704 
-0.012042 -0.000707 0.000924 -0.001027 0.000800 -0.002248 -0.000027 0.000088 
0.006120 -0.001798 0.002529 -0.001983 -0.000050 -0.002944 -0.000449 -0.000088 
-0.013791 -0.001374 -0.001759 -0.000249 -0.000640 -0.001222 -0.000008 0.001989 
0.012494 0.001931 -0.001260 0.000445 0.000889 0.000941 -0.001076 -0.000765 
-0.022222 0.002335 0.000424 0.000811 -0.003176 -0.001258 -0.000417 -0.000997 
0.017430 0.001113 0.000080 -0.001798 0.002834 0.003565 0.000541 0.000173 
-0.027942 0.003379 0.001771 -0.000443 0.001419 -0.001224 -0.001814 -0.001702 
0.018866 -0.003360 0.000393 -0.000857 0.000514 -0.001329 -0.000079 0.000867 
-0.041850 -0.003848 -0.003594 -0.000603 0.001008 0.000060 -0.001880 -0.000402 
0.034556 -0.003492 0.002549 -0.002174 0.000523 0.003364 -0.001813 -0.002382 
-0.035491 0.014594 -0.007621 0.003163 -0.003203 0.006362 -0.004775 0.000635 
0.008830 -0.002112 0.002974 0.001691 0.000415 0.002997 0.001094 0.000334 
0.004646 -0.004668 0.000281 -0.001030 -0.000890 0.000820 0.001965 0.000009 
-0.034395 -0.003786 0.000599 0.000070 0.000365 0.001684 -0.000297 -0.002608 
0.001914 -0.001532 -0.001209 -0.000637 0.001070 0.001767 -0.000059 0.000236 
-0.020871 -0.002014 -0.000842 0.000147 0.002578 -0.001859 -0.000948 -0.003060 
0.001369 -0.000188 -0.000545 0.001560 0.000302 0.002178 0.001612 -0.000053 
-0.012026 -0.003473 -0.001302 0.001112 0.000257 -0.001680 -0.000541 -0.000194 
0.000220 0.001358 0.000119 -0.000636 0.000995 0.000819 -0.001274 -0.000510 
0.002465 -0.002846 -0.000616 0.002932 -0.001088 0.000562 -0.000845 0.000610 
-0.000307 0.003559 -0.000234 -0.000284 0.002833 -0.001640 0.002576 0.002262 
0.021615 -0.003879 0.002576 0.002514 0.000457 -0.001206 -0.000097 -0.000802 
0.000161 0.002940 0.001067 0.000167 -0.000091 0.001317 -0.002953 -0.002176 
0.033951 -0.001753 0.001246 -0.000556 0.001720 -0.001613 -0.001727 -0.001696 
-0.004912 -0.000436 0.000318 0.000118 0.001062 -0.000188 0.000564 -0.000764 
0.041740 -0.002683 0.000179 -0.002263 0.001923 -0.002225 -0.000846 -0.001377 
-0.008884 0.005168 -0.000668 0.000331 -0.002784 0.002443 -0.002066 0.001792 
0.045675 -0.000325 0.001983 -0.000760 0.001310 0.000474 0.000131 -0.000934 
-0.006771 0.005971 -0.002450 0.000645 -0.005667 0.005311 -0.001784 0.000793 
0.044094 -0.001136 0.004397 -0.004693 0.001371 0.003915 -0.000314 -0.000074 
-0.007431 -0.007819 -0.004807 0.004166 -0.012914 0.011759 -0.001373 0.005171 
-0.007895 0.002398 0.003687 -0.002088 -0.000961 0.012365 -0.005075 0.002798 
0.077279 -0.017567 -0.003328 0.001550 -0.002552 0.000434 0.000808 0.000101 
-0.163167 -0.014866 0.003468 -0.000451 0.000679 -0.000923 0.001092 0.000088 
0.034971 -0.006536 0.001000 0.000209 0.000404 0.000094 0.000039 -0.003228 
-0.088577 -0.000249 -0.002051 -0.001078 -0.000657 -0.001616 -0.000130 -0.002138 
0.015029 -0.000278 -0.001013 -0.000521 0.000604 -0.001660 0.000837 -0.000377 
-0.037870 0.002615 0.002234 0.000457 -0.000577 0.000241 -0.001244 0.000591 
-0.004602 -0.001059 -0.000656 0.000759 -0.000233 -0.002596 0.004095 0.000384 
0.010108 0.001750 0.004669 -0.001918 0.001065 0.001874 0.000237 0.000088 
-0.022603 0.000133 -0.002079 0.000908 0.003143 0.002377 -0.001122 0.002814 
0.058141 -0.001308 0.001258 0.000579 0.001427 0.000871 -0.000497 0.000493 
-0.037915 -0.005292 -0.002905 0.000724 0.000091 -0.002075 -0.001904 0.000164 
0.103102 0.001281 -0.000998 0.000006 0.000301 0.000601 -0.001274 -0.000281 
-0.054322 -0.010961 0.002013 -0.001332 -0.001756 -0.000067 -0.001526 0.000488 
0.144675 -0.008281 -0.001153 -0.001365 0.000624 0.000521 -0.001975 0.000521 
-0.075183 -0.010877 0.004052 -0.000525 0.000514 -0.001647 -0.000695 0.001286 
0.175958 -0.013851 -0.001335 0.000792 -0.001320 0.000238 0.000938 0.001541 
-0.096070 -0.012212 -0.001049 0.000536 0.001207 -0.000864 0.003107 -0.000696 
0.189462 -0.020699 0.001414 -0.001691 -0.002120 -0.001529 0.001547 0.002198 
-0.128834 -0.003301 0.001749 0.004098 -0.005618 0.005545 -0.000892 0.001044 
0.206807 -0.033071 0.003692 0.000943 0.001988 -0.004554 0.003433 -0.003750 
0.026584 -0.007769 -0.003491 0.000370 0.001405 0.000947 0.000073 0.001265 
-0.025343 0.004219 -0.002910 0.001049 0.001311 0.000026 -0.000909 -0.000696 
0.015919 -0.001062 -0.001403 -0.001143 -0.001228 0.002277 -0.000260 0.000749 
-0.011749 0.000944 0.001452 -0.000827 -0.001182 0.000387 -0.001166 0.000540 
0.004467 -0.002919 -0.000590 -0.003069 -0.000231 0.002921 -0.000323 0.001838 
-0.006977 -0.000242 0.002393 -0.001400 -0.002832 0.000344 0.000883 -0.000029 
-0.001052 0.000580 0.000266 0.000175 0.001029 -0.003161 0.000687 -0.000394 
0.000177 0.002474 0.000705 -0.000588 -0.003439 0.000299 -0.000123 -0.000941 
-0.005758 0.000112 -0.000167 -0.001042 0.001008 0.001954 -0.000139 0.001328 
0.006404 -0.000456 0.001670 0.000559 -0.004050 0.001141 -0.000961 -0.000044 
-0.020809 0.000657 -0.001809 -0.002598 0.002784 0.001726 0.000391 0.003060 
0.013562 -0.001205 0.001072 0.001298 -0.003100 0.003712 0.000707 -0.000729 
-0.018808 0.000096 -0.001066 -0.002551 0.004631 -0.001406 -0.000579 -0.000563 
0.014143 -0.000693 0.003322 -0.002633 0.000140 0.002849 0.001310 -0.000668 
-0.021365 0.004155 0.003261 -0.002687 -0.001118 0.005183 -0.001758 0.000066 
0.022364 -0.001828 0.003049 -0.000852 -0.002208 0.006481 -0.000847 -0.003918 
-0.022361 0.005128 -0.005409 -0.002734 0.001686 0.002601 -0.005036 0.000067 
0.026279 0.000563 0.003899 0.001609 -0.007841 0.003979 0.002481 -0.001327 
-0.040082 0.031674 -0.011637 0.004701 -0.002786 0.006032 -0.008120 -0.001264 
0.034336 -0.006140 0.009794 -0.005059 -0.002461 0.007802 -0.002284 -0.004179 
0.032312 -0.007901 -0.001545 -0.001131 0.002160 -0.000920 -0.000624 0.000613 
-0.018346 0.004044 0.002121 0.000245 -0.000123 -0.001788 -0.001979 0.001583 
0.016981 -0.002203 0.000577 -0.000717 -0.000230 0.000579 0.001158 0.002099 
-0.010048 0.003649 0.002290 -0.002492 0.000715 -0.000079 0.000261 -0.003530 
0.011033 0.000874 -0.001898 -0.001468 0.000800 0.000267 0.000277 -0.001689 
-0.002009 0.004524 -0.000307 -0.002029 0.000042 -0.002568 -0.000738 0.001474 
-0.006238 -0.002296 0.000554 0.001305 -0.000060 0.000514 -0.001706 0.001916 
0.002656 -0.000769 0.002145 -0.003632 -0.000229 0.000937 -0.000474 0.001575 
-0.013482 -0.000136 0.000989 -0.001618 0.003595 0.000039 0.002050 0.000939 
0.003946 -0.002519 0.001426 0.001679 -0.001917 0.002210 -0.000018 -0.000945 
-0.015112 0.001941 0.002047 -0.003655 0.003685 -0.002403 -0.001297 0.000487 
0.010721 -0.000052 0.002454 0.001151 -0.001180 0.000677 -0.002737 -0.000770 
-0.021484 0.005225 -0.000591 -0.002415 0.005628 0.000020 -0.000681 -0.000762 
0.013922 -0.001587 0.004191 -0.000316 -0.001437 0.003377 -0.002458 -0.000237 
-0.024590 0.006406 0.002329 -0.001326 0.000558 0.002402 -0.001270 0.001653 
0.015631 -0.000907 0.003170 -0.000853 -0.005921 0.005629 0.000315 -0.003402 
-0.034063 0.024011 -0.004830 -0.002474 0.003457 -0.001815 -0.000898 -0.000347 
0.014040 -0.001132 0.006600 0.002630 -0.003993 0.003282 0.000234 0.003633 
-0.052772 0.032805 -0.011351 0.002805 0.000489 0.007737 -0.011924 0.009358 
0.026574 -0.002025 0.004742 0.000107 -0.005164 0.009403 -0.003838 -0.003982 
0.033277 -0.005822 -0.000234 -0.000281 -0.001783 0.001011 0.000878 -0.000566 
-0.013805 0.001507 0.000984 0.000029 0.002426 0.003458 -0.000857 -0.000564 
0.015777 -0.002873 0.000832 -0.000433 -0.001058 0.000124 0.001540 0.001700 
-0.009536 0.001615 -0.000905 -0.002108 0.002284 0.002284 0.001532 0.001332 
0.005425 -0.005193 0.001155 -0.001294 0.002674 -0.001334 -0.000444 0.000983 
-0.004393 0.003605 0.002737 -0.001285 0.001595 0.000895 -0.002174 -0.002106 
-0.000576 0.000260 -0.001021 0.001028 -0.001375 0.001900 0.000298 -0.001202 
-0.001348 0.000406 0.000297 -0.000143 -0.000207 -0.001193 -0.000334 -0.002582 
-0.013354 0.000227 -0.001041 -0.002129 0.001636 -0.000863 -0.000540 -0.000610 
0.005201 0.000915 0.002921 -0.001996 -0.000279 0.000557 -0.001529 0.002441 
-0.019761 0.005648 0.000610 -0.002524 -0.000272 0.001443 -0.002209 0.000547 
0.013392 -0.001564 0.001842 0.000029 -0.001728 0.002933 -0.002218 0.002075 
-0.026070 0.003927 0.000639 -0.002136 0.004150 -0.000319 0.001864 0.002392 
0.011788 -0.001188 0.002545 -0.005515 -0.002411 0.002818 0.001615 -0.002303 
-0.028555 0.007380 0.000000 -0.002227 0.005216 0.001751 -0.002180 -0.000691 
0.016701 -0.002594 0.006219 -0.001099 -0.002463 0.006095 0.003153 0.000455 
-0.034681 0.017650 -0.004727 -0.002253 0.005591 0.001368 -0.001797 -0.001292 
0.009605 0.000805 0.002979 -0.000473 0.000625 0.004724 0.002400 0.002402 
-0.040106 0.076670 -0.011221 -0.002983 -0.000872 0.006940 -0.008505 0.007302 
0.024587 -0.003896 0.012073 0.002639 -0.002730 0.002798 -0.001796 -0.007057 
0.031314 -0.007066 -0.000804 0.000105 0.003613 -0.001270 0.001004 0.000589 
-0.012621 0.005029 -0.000297 0.000741 -0.000123 0.000715 -0.000738 -0.000293 
0.019010 -0.001325 0.000952 -0.002042 0.001551 -0.000942 -0.002033 -0.003470 
-0.005471 0.001304 -0.000929 0.001701 -0.002358 0.000522 -0.002054 0.000270 
0.006715 0.000722 -0.000162 0.000322 -0.000549 0.001463 -0.000059 -0.000810 
-0.005252 0.004083 0.001457 -0.000056 -0.000299 0.000564 -0.000384 -0.003453 
-0.000418 0.000207 0.001741 -0.002067 -0.000091 -0.000675 0.000515 0.000449 
-0.001531 0.002993 0.001817 -0.000863 0.002675 0.000097 0.001904 -0.000084 
-0.010218 0.005620 0.000095 -0.001178 -0.001391 -0.000396 0.003663 -0.002703 
0.003083 0.000305 0.002651 0.000225 0.001845 0.003424 0.002165 0.001387 
-0.016637 0.003698 -0.001966 -0.001881 0.003895 -0.002292 0.000954 0.000723 
0.001695 -0.001888 0.002741 -0.001768 -0.001165 0.001166 0.001030 -0.000250 
-0.020370 0.000656 -0.000969 -0.002633 0.005950 0.001849 -0.002035 0.000287 
0.011282 -0.001574 0.002400 -0.001999 -0.002311 0.004204 -0.002802 0.000660 
-0.029743 0.010445 -0.002711 -0.003764 0.006735 -0.000858 -0.000361 0.000034 
0.009946 0.000219 0.003400 -0.000487 -0.000994 0.003958 0.000109 0.001954 
-0.032541 0.018444 -0.004760 -0.003102 0.004796 -0.001829 -0.002816 0.002072 
0.013469 0.002879 0.003394 -0.002919 -0.003657 0.004282 0.002312 -0.000052 
-0.034417 0.011363 -0.013555 -0.003631 -0.005766 0.007168 -0.007002 0.011203 
0.018882 -0.008420 0.008775 0.004841 -0.003092 0.000019 -0.003741 -0.002562 
0.025308 -0.006317 -0.000440 0.001070 0.001472 0.001260 0.000589 -0.000496 
-0.010447 0.002030 -0.001903 0.001178 -0.001075 -0.002695 0.001060 -0.000401 
0.014687 0.000480 -0.000924 0.002502 0.001154 -0.003116 0.002207 -0.000650 
-0.007989 0.005405 0.001481 -0.001720 0.000690 0.001594 -0.000225 0.002039 
0.008221 -0.000655 -0.000828 -0.000559 -0.000793 0.000474 -0.001973 -0.000147 
-0.004496 0.003125 -0.000980 -0.000241 0.002765 0.000397 0.000475 0.001441 
-0.001840 0.001299 -0.001518 -0.002002 0.000101 -0.000142 -0.000988 0.000243 
0.002895 0.003558 -0.001023 0.000882 -0.000301 0.000937 0.001854 0.000294 
-0.006428 -0.003205 -0.000840 -0.000334 0.000739 -0.000961 -0.002115 -0.000899 
0.004760 0.001555 0.001932 -0.000240 -0.000641 -0.000252 -0.000203 0.001224 
-0.014758 0.003825 -0.002042 0.001195 0.002269 -0.001434 0.000182 0.002529 
0.006008 -0.001107 0.002873 -0.001154 0.000345 -0.000366 -0.000363 0.003752 
-0.021834 0.004061 -0.000205 -0.002104 0.002506 -0.001121 0.001237 0.002794 
0.008682 0.001621 0.001240 -0.002387 0.003567 0.003468 -0.000318 0.001951 
-0.020574 0.006423 0.002249 -0.001673 -0.000204 -0.003544 -0.001427 0.001188 
0.008488 -0.000786 0.009178 -0.000803 -0.001104 0.001773 0.000968 -0.000682 
-0.025397 0.009945 -0.004272 -0.001473 0.002282 -0.002495 -0.001997 0.004534 
0.005065 0.002061 0.004567 0.001563 -0.001973 -0.000725 -0.000496 0.001702 
-0.030625 0.038335 -0.011824 -0.003357 0.002062 0.006959 -0.004206 0.007237 
0.027776 -0.006750 0.012336 0.009334 0.003046 0.001636 -0.001023 -0.003958 
0.021860 -0.005182 0.002575 -0.000462 0.001870 -0.000952 -0.001154 0.001938 
-0.006985 -0.000780 -0.001162 -0.001399 -0.003389 -0.000422 0.000493 -0.000231 
0.014507 -0.000615 -0.001447 -0.000253 -0.001046 0.001190 0.002193 -0.000334 
-0.001345 -0.002215 0.000082 0.000097 0.000068 0.000744 0.001273 0.001244 
0.007257 -0.000587 -0.001172 0.001824 -0.000255 -0.000677 -0.001505 -0.000140 
-0.001584 0.000467 0.000497 0.001421 -0.001083 -0.000844 0.000359 -0.000491 
-0.000012 -0.001616 -0.002408 -0.001850 0.000600 0.001379 -0.001257 0.001287 
0.002181 0.000771 -0.000491 -0.000653 -0.000801 -0.000011 -0.001261 0.002323 
-0.013126 0.001920 -0.000447 -0.000027 0.001086 -0.003274 0.001098 0.002391 
0.003652 -0.000815 0.002232 -0.001798 -0.003440 -0.000333 -0.000327 0.001073 
-0.013076 0.002125 -0.000999 0.000296 0.003868 -0.003722 0.001725 0.000200 
0.002878 -0.000565 0.006447 0.000002 0.002210 0.001749 -0.000283 0.001357 
-0.017461 0.004007 -0.000685 -0.002098 0.002451 -0.002207 0.001241 0.001879 
0.007461 -0.000543 0.000886 -0.002199 -0.000486 -0.000963 -0.001511 -0.001366 
-0.019893 0.006960 -0.000168 -0.001608 0.003986 -0.003387 0.002603 0.002061 
0.004556 -0.002729 0.008056 -0.001319 0.000246 0.004002 0.000305 -0.000378 
-0.022549 -0.000596 -0.005893 0.000013 0.002184 -0.000353 0.000520 0.002709 
0.012604 -0.001273 0.003017 -0.002148 -0.002649 0.003974 0.002603 0.001509 
-0.038611 0.007529 -0.007448 0.005124 -0.000815 0.002890 -0.004022 0.002226 
0.004174 -0.000052 0.006611 0.000282 -0.000261 0.000715 -0.001866 -0.001735 
0.014343 -0.003861 0.001941 -0.000806 -0.000834 0.000713 0.001514 -0.000087 
-0.008267 0.000225 0.001175 0.002964 0.001403 0.001536 0.001770 -0.001105 
0.007330 -0.001880 0.001682 0.000067 0.001544 -0.001662 -0.000348 0.000166 
-0.001800 -0.001944 -0.001395 0.000221 0.002383 0.000570 -0.002863 0.002431 
0.005669 0.001210 -0.001214 0.001245 0.000718 0.000123 -0.000324 -0.000627 
-0.000804 -0.001428 0.000379 -0.000225 -0.000641 0.001463 -0.000376 -0.001886 
0.000361 -0.003558 0.000696 -0.000957 -0.000142 -0.001007 -0.000654 0.001024 
0.002451 -0.001871 0.000751 -0.001050 0.002107 -0.000653 -0.000449 -0.000593 
-0.003630 -0.000842 0.000238 0.000566 0.002042 0.000062 -0.000692 -0.000264 
0.001498 -0.000439 -0.000007 0.000561 -0.001549 0.001831 0.001800 0.001293 
-0.010326 -0.000740 0.000078 0.002743 0.001184 0.002257 -0.001585 -0.001992 
0.005985 -0.001136 0.001859 -0.001314 -0.000985 0.001338 0.001853 -0.001409 
-0.014692 0.002603 -0.002524 -0.002458 0.002325 0.003552 0.000214 0.002377 
0.005861 -0.001197 0.000107 -0.001554 -0.001378 0.000021 0.001193 -0.001103 
-0.013528 0.000892 0.000424 -0.004021 0.002303 0.000219 -0.001072 0.001482 
0.007597 -0.001025 0.003810 -0.001696 -0.003065 0.003202 0.000205 -0.000867 
-0.017581 0.005262 -0.005764 0.001451 0.002493 0.007225 -0.004561 -0.000349 
0.005425 0.001060 0.000925 -0.004404 -0.000183 0.006961 -0.000267 -0.002569 
0.001364 0.034717 -0.010334 0.005281 -0.002076 0.009494 -0.001123 0.009427 
0.016643 0.000922 0.001259 0.003562 0.001329 0.005322 -0.004633 -0.000840 
0.010654 -0.004695 -0.000485 0.000714 -0.000487 0.000658 -0.000853 -0.001958 
-0.008197 -0.002368 0.001458 -0.000043 0.000125 0.000621 -0.000666 -0.000405 
0.004725 -0.002587 0.000221 -0.001026 -0.000203 -0.000709 -0.000531 0.002894 
-0.002358 0.000722 0.000504 -0.000720 0.000902 -0.000426 0.000374 0.000273 
0.001789 0.000930 0.000452 -0.000643 0.001724 0.001669 -0.002688 0.000262 
-0.000692 -0.000841 -0.000905 0.000948 0.000614 0.000245 -0.000345 0.000657 
-0.001130 -0.003248 0.000256 0.001463 -0.000029 0.000713 -0.003359 0.004259 
0.002215 -0.002240 0.000818 -0.001027 0.001399 0.002005 0.000527 -0.000886 
-0.003757 -0.000432 0.003029 0.000538 0.002480 0.000977 0.000281 -0.001265 
0.000791 -0.001712 0.001315 -0.000409 0.001260 -0.000005 -0.000242 0.000485 
-0.005450 0.003289 0.001456 0.000077 -0.001404 0.001414 -0.000784 0.001066 
0.003159 -0.002680 0.000820 0.001431 -0.002042 0.000793 0.000522 0.000422 
-0.007206 0.002462 0.002580 0.002040 -0.000638 -0.000481 -0.000131 -0.002394 
0.008260 -0.002360 0.000676 0.000742 -0.001457 -0.000198 0.001947 -0.000158 
-0.012461 0.002657 -0.002517 -0.003300 0.001034 0.007853 -0.001745 0.000156 
0.006499 -0.003589 -0.000326 -0.000647 -0.002216 0.002378 0.001799 -0.001332 
-0.010794 0.007179 -0.003446 -0.000162 -0.000188 0.002083 -0.004654 0.002691 
0.011807 -0.000680 -0.000079 0.000362 -0.001609 0.004976 0.002276 -0.000619 
-0.002656 -0.011940 -0.005571 0.004724 -0.008215 0.008303 -0.003408 0.005331 
-0.003829 0.003832 0.003308 0.000354 -0.001871 0.007897 -0.001904 -0.005455 
0.007624 -0.002582 -0.004133 0.001150 -0.000156 0.000828 -0.002988 0.003234 
-0.008885 -0.003943 0.000208 -0.001084 -0.000651 0.000036 0.000590 0.001070 
0.001727 0.001345 -0.000920 0.000081 -0.001230 0.001475 -0.000976 0.001211 
-0.006519 -0.001972 0.000476 0.004206 -0.000833 0.002097 -0.000580 -0.000566 
0.002890 0.000759 -0.001467 0.000173 0.000590 0.000549 -0.001608 0.001154 
-0.001635 -0.000703 0.001226 -0.000600 0.002149 0.001174 0.000945 0.000559 
0.000100 0.001928 -0.001471 0.000625 0.000031 0.002064 0.000196 -0.000113 
0.001220 0.000377 0.001130 -0.000464 0.002537 -0.000859 0.000211 -0.002539 
-0.004686 0.000813 0.000682 -0.000195 0.001272 -0.001128 -0.001927 -0.000746 
0.005491 -0.000284 0.001445 -0.001175 -0.000575 0.001688 0.002688 -0.001821 
-0.002774 0.000329 0.002149 -0.000722 0.002197 0.001533 -0.002033 0.000414 
0.011879 0.001056 0.001077 -0.000065 -0.001397 0.003310 0.000251 -0.002062 
-0.007472 0.004115 -0.000965 0.000076 0.003089 0.002319 -0.000406 -0.003014 
0.006535 -0.001511 0.001450 0.000801 0.000790 -0.000428 0.001039 -0.004799 
-0.004480 0.004199 -0.001183 -0.000423 0.000887 0.001355 -0.002605 -0.001932 
0.006937 -0.004338 0.004949 -0.000157 0.001555 0.002144 0.002577 -0.002018 
-0.009469 0.004094 -0.006925 0.003684 0.002609 0.003592 -0.003897 -0.002362 
0.004682 -0.001878 0.004875 -0.002227 0.000749 0.001247 0.001591 -0.001226 
-0.010377 -0.007564 -0.009604 0.009683 -0.003680 0.008467 -0.013699 0.002719 
-0.025580 0.006067 0.000805 0.005608 -0.003984 0.011261 -0.003768 0.002278 
0.006512 -0.003010 -0.001283 0.000926 -0.001765 -0.000480 -0.002297 -0.000477 
-0.007655 0.000504 0.000275 -0.000995 0.001405 -0.000343 0.003005 0.001353 
0.002079 -0.001204 0.000947 -0.000331 -0.000153 -0.001979 -0.001679 -0.002361 
-0.002037 -0.000244 -0.000055 -0.000033 -0.000614 0.001545 0.001194 -0.002719 
-0.000710 0.002140 0.000746 -0.002042 -0.001398 0.001075 0.001388 0.001389 
-0.002710 0.000302 0.001318 -0.000269 -0.000386 0.001809 0.001346 0.000535 
0.000344 -0.000475 0.000761 0.000665 0.001220 -0.000001 -0.000399 0.000815 
-0.000946 0.001722 0.000829 0.000465 -0.000426 0.000690 -0.000697 -0.000231 
-0.002506 -0.000871 0.002032 -0.000257 -0.000564 -0.001246 -0.000375 0.002346 
0.002799 0.001497 0.000992 -0.000536 0.000821 0.002706 0.002170 0.001787 
-0.004424 0.000416 0.001387 -0.003578 0.001116 0.001857 0.002244 0.002495 
0.004211 -0.000483 0.001181 -0.001323 -0.000810 0.003986 -0.003355 -0.001212 
-0.004589 -0.000641 0.002427 -0.001671 0.002325 0.000169 -0.000420 -0.001304 
0.006663 0.000687 0.000402 -0.000912 -0.001186 0.000464 0.002717 0.001138 
-0.004259 0.000046 -0.002575 -0.001445 0.005067 0.000800 -0.003024 0.000789 
0.002229 0.000011 0.001936 -0.003394 -0.000801 0.000175 -0.001580 0.001441 
-0.013215 0.007803 -0.000641 0.001369 0.000192 0.002751 -0.002289 0.000510 
0.007727 0.003185 0.004891 0.000593 -0.003913 0.005305 -0.000801 -0.003073 
-0.016625 0.020714 -0.013798 0.003906 -0.006024 0.011284 -0.011225 0.006664 
0.001368 0.006963 -0.000949 -0.000062 -0.002405 0.006174 -0.000746 -0.003097 
0.004335 -0.002490 -0.000614 -0.000480 0.001158 -0.000486 -0.000234 -0.003191 
-0.010704 0.001797 0.001279 -0.000745 0.000590 -0.000731 -0.000433 -0.000352 
0.000498 -0.000773 0.000643 0.001061 0.000732 -0.000460 0.001785 0.000669 
-0.002263 0.002187 -0.000710 -0.000773 0.001434 0.000250 -0.001489 -0.001203 
0.001581 0.000667 0.000192 -0.001145 0.000718 0.001351 0.001713 -0.000397 
-0.003957 0.000121 0.001821 -0.001708 0.000864 0.001493 0.000408 -0.000347 
-0.002090 -0.000043 -0.001841 0.001878 0.001367 -0.000135 -0.001184 0.000086 
-0.000824 -0.001136 0.000791 -0.001208 -0.001085 0.000059 0.002412 0.000943 
-0.002685 0.000628 0.001539 -0.000185 0.001806 0.000577 0.001417 0.001718 
0.005011 -0.002490 0.001543 -0.000190 -0.001283 0.002193 0.000199 0.000012 
0.000286 0.000502 -0.001625 -0.001354 0.002720 -0.000499 -0.000256 0.000647 
0.006020 0.000322 0.001358 0.001537 -0.000015 0.001147 0.000975 -0.001763 
-0.004578 0.001358 -0.001605 -0.000935 0.000686 0.004779 -0.001478 -0.001395 
0.007100 -0.005103 0.002877 -0.002109 -0.002370 0.002900 0.000959 0.000324 
-0.004987 -0.003606 0.000661 0.000178 -0.000996 0.002570 -0.000901 0.000352 
0.010783 0.000189 0.002683 0.000312 -0.001504 0.003399 0.004703 0.000822 
-0.009271 -0.002772 -0.006309 -0.002196 -0.001497 0.007857 -0.005861 0.001914 
0.000535 -0.000793 0.002703 -0.000182 -0.006847 0.001271 -0.003201 -0.000305 
-0.007178 0.004284 -0.015101 0.005742 -0.004638 0.010277 -0.010596 0.005244 
-0.015291 0.004684 -0.000366 0.003714 -0.006717 0.006248 -0.004611 -0.001215 
0.001974 -0.008443 0.002407 -0.001914 -0.003176 -0.000191 0.000664 0.000638 
-0.019338 -0.001192 0.000265 -0.002861 0.000213 0.002506 -0.000151 -0.000201 
0.001247 -0.004471 0.001753 -0.001266 -0.000054 -0.000635 0.003091 0.001602 
-0.011493 -0.001500 0.000246 -0.002995 -0.000911 -0.000081 0.002753 0.000863 
-0.001474 -0.000997 -0.000116 -0.001407 0.000367 0.000270 -0.000072 -0.000655 
-0.008369 0.000013 -0.001920 -0.001859 -0.001394 0.000077 0.000151 0.000404 
-0.002925 0.000857 -0.000497 -0.000611 0.002727 -0.000117 0.001602 0.000426 
-0.001228 0.000656 -0.001509 0.001954 0.000765 0.001854 0.000716 -0.000343 
0.003194 0.002420 0.000900 -0.003448 -0.000611 0.000259 -0.001728 -0.002686 
0.011058 -0.001923 0.000006 0.001193 0.000669 0.001587 0.001076 -0.003837 
-0.003952 0.005018 -0.001512 -0.001424 0.000368 0.001644 0.000253 -0.000052 
0.014846 -0.000804 -0.002481 -0.000985 0.000009 0.004288 0.004622 0.001412 
-0.002627 0.005371 -0.004570 -0.001223 0.001043 0.004338 0.000892 0.000932 
0.014282 -0.004786 -0.000715 -0.001857 0.000393 0.000686 0.002124 -0.003624 
-0.004286 0.006909 -0.004945 -0.003920 -0.001301 0.000745 0.002507 -0.001175 
0.021088 -0.000524 0.000874 -0.004019 -0.002115 0.006996 0.000557 -0.002548 
-0.001971 0.014206 -0.005853 -0.002368 -0.006766 0.006587 0.000249 0.000417 
0.032653 -0.002407 -0.000938 -0.003661 -0.003993 0.006379 -0.003226 -0.006822 
-0.017641 0.002947 -0.013119 0.003940 -0.012593 0.008720 -0.003918 0.007892 
0.014552 -0.001995 -0.006214 0.001105 -0.002975 0.006739 0.001831 -0.004917 
-0.002873 -0.007882 0.002834 -0.000392 -0.002446 0.001028 -0.000411 0.001639 
-0.035443 -0.002838 0.002117 -0.001412 0.001425 0.000372 -0.001710 -0.000175 
-0.000103 -0.005328 0.002500 -0.002800 -0.002771 0.003974 0.000765 0.001578 
-0.019034 -0.002729 0.001114 -0.003406 0.003529 -0.001149 -0.002951 0.003122 
-0.001121 -0.001778 0.003545 -0.002096 -0.003137 0.002571 -0.001848 -0.000751 
-0.009009 -0.001075 0.002147 -0.002843 0.003065 0.000229 -0.000181 0.001202 
-0.000388 -0.000553 0.001141 -0.002029 -0.000490 0.002502 -0.001684 -0.001915 
0.002390 -0.002654 0.000547 -0.006892 -0.001465 0.001256 -0.002655 0.002176 
0.003617 0.000707 0.006564 -0.001075 -0.004005 0.003495 -0.001897 0.002227 
0.016567 -0.002320 0.000036 -0.004497 0.002085 0.000031 -0.002152 -0.000626 
0.003103 0.005446 0.004341 0.001860 -0.002887 0.001667 -0.003558 0.000306 
0.026518 -0.002117 0.001773 -0.008400 0.002640 -0.000570 0.000051 -0.001979 
0.005826 0.006913 0.003863 -0.001794 -0.004552 0.003125 -0.004641 -0.001367 
0.034526 -0.006848 0.002617 -0.010885 0.001895 0.002927 0.000233 -0.001438 
0.004292 0.013595 0.004566 -0.003626 -0.007455 0.007021 -0.002892 0.002639 
0.037674 -0.006400 0.002538 -0.014213 0.001539 0.001383 0.002178 -0.003150 
0.008139 0.014727 -0.001300 -0.004303 -0.014703 0.006877 -0.005924 0.003108 
0.042142 -0.006540 0.006264 -0.017832 -0.002475 -0.000483 0.003351 -0.004881 
0.029055 0.015250 -0.004436 0.007446 -0.022538 0.011172 -0.012224 0.009114 
0.048012 -0.006392 0.004656 -0.020879 -0.004526 0.006644 0.003730 -0.000031 
-0.004673 -0.006716 0.001457 0.001564 -0.002864 0.001277 0.003248 0.000797 
-0.051322 0.000413 0.004786 -0.003314 0.001803 0.000927 0.000194 -0.001075 
-0.001110 -0.005625 0.001588 0.002219 -0.002050 0.004860 0.002867 0.002338 
-0.029434 -0.001523 0.007498 0.000803 0.001525 0.005765 -0.000780 -0.001771 
-0.000325 -0.002616 0.000713 0.002634 -0.004553 0.005033 0.002135 -0.001791 
-0.010453 0.002289 0.007434 -0.004392 0.002339 0.006542 0.000393 -0.001716 
0.004246 -0.006129 0.001173 0.000380 -0.004786 0.003216 0.001887 0.003072 
0.006575 -0.000903 0.011221 -0.005970 0.006488 0.006485 0.004146 0.000398 
-0.001376 -0.006125 0.000387 0.001264 -0.009739 0.008011 0.002810 0.000426 
0.023970 0.000891 0.013746 -0.004992 0.006804 0.009802 0.002269 -0.002470 
0.006453 0.000572 -0.000023 -0.000116 -0.011459 0.009704 0.001135 0.005978 
0.038984 -0.001404 0.017363 -0.009587 0.010824 0.011733 0.005073 -0.000135 
0.002360 -0.005096 0.001432 -0.003575 -0.014180 0.010456 0.000148 0.003947 
0.056190 -0.003972 0.013199 -0.010496 0.014652 0.013224 0.003110 -0.002829 
0.002826 0.000869 0.001932 -0.002955 -0.015536 0.014465 0.002646 0.008178 
0.065903 -0.003647 0.019995 -0.010913 0.018711 0.016231 0.006363 -0.002385 
0.015958 0.003782 -0.001875 -0.000742 -0.015471 0.015013 0.004425 0.008663 
0.067755 -0.007366 0.029246 -0.013945 0.016628 0.020523 0.010544 0.001045 
0.003317 -0.004705 -0.005765 0.002155 -0.025047 0.032004 -0.002207 0.008284 
0.048908 -0.001367 0.034402 -0.013523 0.019785 0.019099 -0.002154 -0.007000 
-0.000262 0.007317 0.015616 -0.004244 0.002380 0.006284 0.017064 0.005379 
-0.033419 -0.041306 0.012869 -0.009301 0.020946 0.013692 -0.002094 -0.006966 
-0.000662 0.005284 0.014375 -0.005310 -0.000921 0.000353 0.020504 0.011309 
-0.010100 -0.037871 0.021954 -0.005330 0.023012 0.016586 0.001672 -0.005579 
0.009161 -0.001143 0.014865 -0.006726 0.001400 0.000016 0.018972 0.009819 
0.006875 -0.038855 0.022735 -0.008873 0.025430 0.023407 0.002357 -0.005476 
0.014448 0.002214 0.018045 -0.015980 -0.001653 0.001262 0.018755 0.011228 
0.030345 -0.034411 0.025025 -0.003651 0.028758 0.023504 -0.000444 -0.006206 
0.014832 -0.000112 0.021216 -0.011605 0.006124 -0.001651 0.021344 0.015015 
0.049701 -0.038077 0.030546 -0.004994 0.033927 0.025457 0.006356 -0.006301 
0.016225 -0.007355 0.016684 -0.018535 0.007254 -0.000313 0.015172 0.012354 
0.070136 -0.038947 0.034284 0.001784 0.034564 0.031592 0.004289 -0.004534 
0.018086 -0.002373 0.017875 -0.018048 0.003093 -0.001998 0.015561 0.019918 
0.080595 -0.040396 0.038779 -0.003262 0.038500 0.028203 0.007279 -0.003847 
0.023272 -0.014690 0.021980 -0.031819 0.004540 -0.006978 0.011878 0.015157 
0.106275 -0.039871 0.047425 -0.001401 0.036901 0.031240 0.011842 0.002502 
0.021816 -0.025189 0.021888 -0.026427 -0.006676 -0.003999 0.016236 0.012229 
0.100054 -0.039266 0.037442 -0.003656 0.035677 0.037385 0.008286 -0.002976 
0.022712 -0.021378 0.020766 -0.016863 0.010517 0.018840 0.017067 0.024500 
0.069970 -0.043464 0.056118 -0.000779 0.043974 0.043461 0.003922 -0.024022 
0.026985 0.005717 0.001892 0.000769 -0.000365 -0.000200 -0.001060 -0.000255 
-0.031704 -0.001499 -0.000547 0.000776 -0.000917 0.000518 -0.000622 0.000626 
0.021903 0.003742 0.000646 0.001161 -0.002083 -0.000191 -0.001534 -0.002017 
-0.040706 -0.003625 -0.001755 0.000481 -0.001096 0.001309 0.002597 -0.002840 
0.006058 0.001894 0.000349 -0.000399 0.001478 -0.001651 0.000232 0.001525 
-0.017266 -0.006246 -0.000018 -0.000127 -0.001464 0.000463 -0.000526 0.002390 
-0.007368 -0.002795 -0.000300 -0.001767 -0.000554 0.002638 -0.000844 -0.000211 
0.010446 -0.007155 -0.000666 -0.000244 0.001322 -0.000554 -0.001002 0.000964 
-0.015416 -0.003361 0.002528 0.000543 0.001572 0.000135 -0.001700 -0.000059 
0.033237 -0.012596 0.001793 0.000440 0.001424 0.001322 0.000502 -0.001377 
-0.026606 -0.006657 0.002951 -0.000417 -0.000640 -0.001402 -0.001379 -0.000189 
0.052171 -0.017424 -0.001516 0.001751 -0.000877 0.001205 0.000569 0.000692 
-0.029652 -0.008459 0.002215 -0.001449 -0.000215 0.000027 0.000580 0.000339 
0.064524 -0.019269 0.000927 -0.001028 0.000881 0.001879 0.000922 0.001910 
-0.030421 -0.011328 0.004626 0.000323 0.001662 -0.001946 0.000361 0.000297 
0.062279 -0.021756 -0.000488 0.000191 -0.001414 -0.002153 -0.001334 0.000134 
-0.025293 -0.014518 0.004346 -0.000257 -0.000053 0.000802 0.000624 0.001306 
0.051335 -0.017727 -0.002145 -0.000372 -0.001074 -0.002745 -0.000183 0.000194 
-0.031515 -0.002733 0.000011 0.001860 -0.000560 -0.000182 0.001046 -0.003138 
0.006788 -0.012411 -0.002278 -0.000343 0.002479 -0.001570 -0.000879 0.002273 
-0.086863 0.069643 -0.072726 -0.039510 -0.009893 -0.056823 -0.062179 -0.005110 
-0.109365 -0.164536 -0.056887 -0.043841 -0.008828 0.040950 0.025407 0.027102 
0.081693 0.097921 -0.033347 -0.054772 -0.020119 -0.062051 -0.086195 -0.056728 
-0.119918 -0.200707 -0.119192 -0.076669 -0.046963 0.012906 0.017220 0.016599 
0.154135 0.133910 -0.004294 -0.060965 -0.031998 -0.072590 -0.109728 -0.086451 
-0.128978 -0.224016 -0.164233 -0.117325 -0.077151 -0.012291 0.014042 0.017933 
0.215965 0.175072 0.019582 -0.057975 -0.049881 -0.101049 -0.145223 -0.124893 
-0.139089 -0.250433 -0.208364 -0.162767 -0.126088 -0.043840 0.006551 0.023795 
0.272942 0.218087 0.046101 -0.059958 -0.064215 -0.121152 -0.179354 -0.171978 
-0.148725 -0.282904 -0.262671 -0.212128 -0.170144 -0.087661 -0.016552 0.019178 
0.321463 0.262803 0.074336 -0.059747 -0.082883 -0.157399 -0.227186 -0.223495 
-0.157527 -0.312470 -0.317924 -0.272025 -0.224198 -0.123536 -0.040899 0.015366 
0.378207 0.314528 0.109873 -0.056269 -0.106364 -0.204644 -0.289270 -0.291554 
-0.174160 -0.350545 -0.385475 -0.348676 -0.295665 -0.175928 -0.067728 0.011979 
0.451230 0.379159 0.160297 -0.034672 -0.123252 -0.256853 -0.365050 -0.384856 
-0.186225 -0.390521 -0.463249 -0.444528 -0.393532 -0.253760 -0.122008 -0.015132 
0.532755 0.432389 0.192124 -0.040381 -0.170478 -0.339446 -0.470220 -0.492376 
-0.215254 -0.447798 -0.557208 -0.555721 -0.486631 -0.317244 -0.146979 0.002001 
0.643022 0.537794 0.309730 0.073207 -0.093622 -0.307952 -0.491771 -0.573737 
-0.212537 -0.468973 -0.625297 -0.668813 -0.631618 -0.481326 -0.325624 -0.170444 
-0.151425 -0.007144 -0.003630 0.001375 0.001606 -0.001314 -0.000962 -0.000749 
-0.018182 0.014542 -0.006018 -0.006174 -0.001267 0.002080 -0.002082 0.001743 
-0.018029 0.011056 -0.005606 -0.000816 0.001211 0.002763 -0.000184 0.000546 
-0.047816 0.016710 -0.004166 -0.003775 -0.004501 -0.000496 0.000240 0.001092 
-0.000396 0.010109 -0.006614 -0.001592 0.000351 0.000170 0.001172 0.001157 
-0.029725 0.016814 -0.003157 -0.004505 -0.002491 -0.000740 -0.002137 0.000896 
0.007567 0.000541 -0.008040 -0.002924 0.000740 -0.000238 -0.001169 0.002993 
-0.005192 0.017998 -0.002269 -0.003142 -0.000061 -0.002265 -0.000041 0.000902 
0.019746 0.000395 -0.008516 -0.001763 0.000639 0.001671 0.001143 0.000090 
0.014732 0.019356 -0.000602 -0.006221 -0.000645 0.000201 0.000743 -0.001195 
0.027635 -0.004985 -0.008671 -0.001229 0.002803 -0.000270 -0.000326 0.000663 
0.030705 0.019039 -0.004202 -0.005060 -0.003082 0.002360 -0.000417 -0.000868 
0.048343 -0.000299 -0.006992 -0.002711 -0.000682 0.001047 -0.000940 -0.000333 
0.038249 0.014567 -0.003011 -0.006555 -0.002846 -0.000303 0.000276 -0.000598 
0.093880 0.012702 -0.006057 -0.000364 0.003168 0.000814 0.003150 -0.001428 
0.028766 0.005844 -0.007541 -0.006864 -0.004341 -0.002685 0.000596 -0.000416 
0.172340 0.050681 0.006438 -0.001321 0.001694 0.006283 0.000665 -0.001777 
0.001508 -0.009433 -0.018282 -0.017321 -0.012835 -0.006148 -0.000492 0.002488 
0.265110 0.132840 0.042049 0.011080 0.004906 0.004821 0.003202 0.000273 
-0.058586 -0.050368 -0.053890 -0.046621 -0.032395 -0.020509 -0.007290 -0.001751 
0.019510 -0.002596 0.001491 -0.000387 0.001236 -0.001887 -0.000432 0.001891 
-0.000703 -0.003771 -0.000483 -0.000461 -0.000236 0.000092 0.001000 0.001141 
0.015045 0.000970 -0.001457 -0.000316 0.001301 -0.001263 -0.000264 -0.000184 
-0.001025 -0.002746 -0.000556 0.000403 0.000268 -0.000566 -0.000487 0.000305 
0.006507 -0.002504 0.001939 -0.002151 -0.000145 -0.001559 -0.000867 0.001799 
-0.001342 -0.000210 0.000146 0.001516 0.000301 0.000022 0.001266 -0.001260 
0.002048 0.003517 -0.000658 0.000325 -0.001176 -0.002346 0.001685 -0.001011 
0.003681 -0.002014 0.000495 -0.002811 -0.000891 0.001240 0.001600 -0.001476 
-0.009823 0.000224 -0.002556 0.000251 0.002454 -0.005266 -0.000198 0.000126 
0.003535 -0.000607 0.002743 0.001180 0.000165 -0.006117 -0.000284 -0.001365 
-0.015572 -0.000548 -0.000050 0.000340 -0.002015 -0.002841 0.000967 -0.001620 
0.001346 -0.001275 -0.000808 0.003052 0.000701 -0.013957 -0.002154 -0.000108 
-0.016852 -0.001891 -0.002507 0.000929 0.001067 -0.011517 0.002580 -0.004174 
0.004506 -0.003172 0.004861 0.001462 -0.000893 -0.023373 0.000391 0.000312 
-0.019986 0.001069 -0.003188 -0.001922 -0.000303 -0.021332 0.002232 -0.000215 
0.001700 -0.003601 0.006287 0.001079 0.002143 -0.035439 0.002749 0.001939 
-0.017079 -0.006048 -0.005477 0.000162 -0.005436 -0.029360 0.004090 -0.001242 
-0.007136 -0.001673 0.003785 0.001906 -0.000119 -0.046284 0.004535 0.001915 
0.006670 -0.012889 -0.002493 -0.000628 -0.000461 -0.045583 0.002146 0.002057 
0.008713 -0.002495 -0.003261 0.000045 0.000040 -0.051574 -0.002919 0.003182 
0.001311 -0.001903 -0.003637 0.000711 0.000536 -0.000256 0.000800 -0.000008 
0.010667 -0.004165 0.001686 0.000416 0.002217 -0.000348 0.001930 0.001462 
0.005440 -0.000530 0.000499 0.000423 0.002914 0.000369 0.000647 -0.001828 
0.004268 -0.002246 -0.000205 -0.000351 -0.001574 0.002739 0.000971 -0.000985 
-0.002451 0.000535 0.000481 0.000469 -0.000070 -0.000095 0.000122 -0.000551 
0.002724 -0.001964 -0.001569 -0.000101 -0.003813 -0.000236 -0.000392 -0.001618 
0.003340 -0.000949 0.000209 0.000929 0.000311 0.001302 0.001577 -0.000431 
-0.006471 -0.002323 0.000775 -0.001583 0.001113 -0.000741 0.001122 0.001216 
-0.003572 0.001511 0.001349 0.000337 -0.001895 -0.000704 0.000621 0.002465 
-0.001680 -0.002769 -0.001323 0.000742 -0.002327 0.002183 0.000387 0.000606 
-0.006992 0.003702 -0.000205 -0.000236 -0.000091 -0.001158 0.000364 -0.001834 
-0.002643 -0.001975 0.000120 0.000343 -0.000244 -0.002647 0.001223 -0.000783 
-0.006857 0.000975 0.000232 -0.002629 -0.002058 -0.000550 0.002496 0.000294 
-0.007291 -0.001759 0.001028 0.000052 0.003128 0.000159 0.001155 -0.000390 
-0.001521 0.001812 -0.000387 0.000159 -0.001681 0.000169 0.001882 -0.001685 
-0.012980 0.001182 0.000084 -0.000232 -0.002135 -0.003022 0.002718 -0.000609 
-0.005618 0.001900 0.000731 0.000055 0.000981 -0.001738 -0.000865 -0.003421 
-0.014919 -0.001589 -0.000399 0.000406 -0.003161 -0.006808 0.000051 0.001525 
-0.000138 0.008751 -0.001567 0.002549 0.002861 -0.004175 0.000597 0.000643 
-0.019885 -0.000327 -0.003372 0.001814 -0.000762 -0.007622 -0.000320 -0.002399 
-0.057109 0.000090 -0.000266 -0.000894 -0.000645 -0.002341 -0.000806 -0.000740 
0.025908 -0.002182 0.000832 0.000107 0.000055 0.000437 0.000515 -0.001184 
-0.022219 -0.000745 -0.000806 0.001927 -0.000866 -0.000079 -0.000804 0.000175 
0.016174 0.000317 -0.000031 0.000004 -0.000664 -0.003072 0.000438 0.001920 
-0.010883 -0.000226 0.000434 0.000199 -0.001047 -0.000640 -0.000733 -0.001000 
0.006211 0.002375 -0.001966 -0.001040 0.000488 -0.000796 0.001921 -0.001750 
0.002090 -0.000259 0.001017 -0.001334 0.001877 0.002923 -0.000036 -0.001537 
-0.001716 -0.000575 -0.001292 0.001782 0.002438 -0.000262 -0.001111 -0.000357 
0.012838 0.000967 0.000235 0.001036 -0.003331 -0.000571 0.001215 0.000557 
-0.009658 -0.000573 -0.001967 0.003003 -0.001681 -0.000955 -0.000551 -0.001171 
0.021989 0.003129 -0.000020 -0.000472 -0.002515 0.000230 -0.002179 -0.002196 
-0.012430 -0.001919 0.001370 -0.002823 0.000951 -0.000654 -0.000316 -0.000471 
0.033510 0.003281 0.002650 0.000463 -0.000411 0.001708 -0.001843 0.000972 
-0.019712 -0.002968 0.001378 0.000249 -0.000190 -0.001318 0.000750 -0.000529 
0.048066 0.004683 -0.000229 -0.002448 0.000145 0.001473 -0.000784 -0.001534 
-0.026185 -0.001467 -0.001126 -0.000475 -0.000417 -0.001696 -0.000814 0.000442 
0.057615 0.009007 0.002399 -0.001041 0.000860 0.001776 -0.000329 -0.001594 
-0.036742 -0.007006 -0.003090 -0.003293 0.000460 0.001253 0.001297 0.000195 
0.101684 0.004243 -0.000181 0.001078 0.004083 0.004294 0.000222 0.001743 
-0.072265 -0.011228 -0.000505 -0.000708 0.004874 -0.002067 -0.000357 -0.001528 
-0.016247 0.000707 -0.002319 0.000298 -0.002085 0.001370 -0.000382 0.001302 
-0.006640 0.000314 0.000331 -0.001751 -0.000410 -0.001600 -0.002141 -0.001618 
-0.010163 0.000361 -0.001155 0.001425 0.001444 0.002540 0.000956 0.000206 
-0.003493 0.000265 0.000287 0.001291 0.000212 -0.000801 -0.002604 0.000933 
0.000471 -0.000011 0.002653 -0.000259 -0.001802 -0.000748 0.001296 0.000185 
0.000771 0.000052 0.001881 0.001825 -0.001017 -0.000495 -0.000118 0.002876 
-0.001912 0.000207 0.001417 0.000826 -0.000562 -0.000348 -0.002373 -0.000832 
-0.003572 -0.000784 -0.000387 -0.004337 -0.000631 0.000195 -0.000491 -0.001131 
-0.000250 0.000244 0.001385 0.000323 -0.001143 0.000212 -0.002741 0.001611 
-0.000992 -0.002081 0.001786 -0.000430 -0.001165 -0.000828 -0.001179 0.001238 
0.007813 -0.002729 0.001495 0.000317 0.001191 -0.000905 -0.000528 0.001409 
0.005126 -0.001104 0.000721 -0.002601 -0.001033 -0.000268 0.000278 -0.000234 
0.010090 -0.001569 -0.001160 -0.000050 -0.000982 -0.000633 -0.001372 -0.001972 
0.004983 -0.000604 -0.001220 -0.000035 -0.000858 0.000003 -0.001103 0.000512 
0.007700 -0.003727 0.001028 -0.001107 -0.001210 -0.000353 0.000064 0.002698 
0.006921 -0.001299 0.000764 -0.000914 0.001370 0.000445 0.000426 -0.000901 
0.017042 0.001767 -0.000017 -0.000351 0.001304 0.001399 -0.003151 -0.001991 
0.001066 -0.001761 0.000820 -0.001740 -0.001935 0.001475 -0.001391 -0.000706 
0.020090 0.021317 0.007209 0.002655 0.002744 -0.000099 0.003948 0.002399 
0.018418 0.003155 0.003944 0.001332 0.001295 -0.001015 -0.000179 0.003619 
-0.003038 -0.002127 0.001033 0.000790 -0.003193 0.000223 -0.000493 0.000588 
-0.004880 0.001183 -0.000909 0.000247 -0.001805 -0.000517 0.000803 0.000690 
-0.002673 0.000720 -0.000668 -0.001366 0.000007 -0.002247 0.000499 -0.001137 
-0.002032 -0.001778 -0.001569 -0.001842 -0.000203 0.000045 -0.001476 -0.001728 
-0.003107 0.000013 0.002011 0.002279 -0.001333 0.000608 0.002060 0.002252 
-0.000475 -0.003345 -0.000308 0.001994 -0.000154 -0.001732 -0.001586 -0.000927 
0.000420 0.002081 0.002574 0.002028 0.000499 0.001083 0.000175 -0.000601 
-0.002233 -0.002060 -0.000671 -0.000964 0.000274 -0.001711 -0.001016 0.000189 
-0.000463 -0.002134 0.000286 0.001326 -0.004307 0.000256 -0.000364 0.001210 
0.001319 -0.002506 -0.001642 0.000647 0.000678 -0.000191 0.000519 0.001343 
0.002769 -0.003187 0.002364 -0.001508 0.000324 0.000380 -0.001898 -0.003685 
0.003145 -0.005489 -0.000150 -0.002891 -0.000456 0.001241 -0.001416 0.000772 
0.001549 0.000790 -0.000171 0.001723 -0.000279 0.000167 0.000298 -0.000211 
-0.001630 -0.004532 0.002526 -0.003817 -0.001490 0.000349 -0.000875 -0.001634 
0.001740 -0.000702 -0.000062 0.001350 0.001134 -0.001833 0.002164 0.002460 
0.003502 -0.005960 0.003642 -0.000870 0.000309 -0.000501 0.002231 -0.000500 
-0.002256 -0.007113 0.004029 0.001279 0.000001 -0.002480 0.001965 0.001656 
0.012712 -0.008333 0.003430 -0.000056 0.001935 -0.000602 0.001243 -0.003528 
-0.009296 -0.001307 0.007665 0.009733 0.003635 -0.000505 0.003751 0.002349 
0.006326 -0.005304 0.004716 -0.000123 0.004482 -0.002406 0.001131 0.001268 
-0.035739 -0.002941 -0.000702 -0.002569 0.001529 0.001718 0.001426 0.001994 
0.017111 -0.005083 0.000242 -0.000204 -0.000463 -0.000276 0.001476 -0.000668 
-0.011570 0.000113 0.000621 0.001503 -0.000108 0.003730 -0.000575 0.000830 
0.009269 -0.000703 -0.000007 -0.000826 0.000669 -0.001380 0.000542 0.000759 
-0.005790 -0.000721 -0.000957 -0.000072 0.000339 0.000810 0.000024 0.001300 
0.004888 -0.001777 -0.000548 0.001327 0.000636 -0.001024 -0.000550 -0.001924 
0.004283 -0.001205 0.000133 -0.000359 0.001033 -0.000878 -0.000375 0.001089 
-0.006881 -0.001930 -0.000011 0.000862 -0.003034 0.001525 0.002818 0.000229 
0.001964 0.003589 0.000786 0.000894 -0.001238 0.000782 0.000262 0.002726 
-0.006487 -0.002258 0.000258 -0.001807 0.000368 0.002869 0.001247 0.001337 
0.008929 0.002287 0.001234 0.000285 -0.000110 0.001276 -0.001768 -0.000386 
-0.005503 -0.004085 -0.000728 -0.000145 0.000050 0.000058 0.001274 -0.000486 
0.018450 0.000173 0.002023 0.000278 -0.000516 0.000660 0.001137 0.001534 
-0.013742 -0.003472 0.000893 0.002244 -0.000651 0.000279 -0.003561 -0.001133 
0.026249 -0.002941 0.001460 0.001461 -0.001099 0.002247 -0.001142 -0.000268 
-0.017405 -0.000893 0.002891 -0.000342 0.002301 -0.000061 -0.000260 0.001374 
0.031682 -0.000127 0.000806 0.001103 0.001625 0.001198 0.000320 -0.001130 
-0.026580 -0.002252 -0.000227 0.000344 -0.000583 -0.000445 0.000425 -0.001066 
0.057723 0.032210 0.007936 0.004468 0.005079 0.002587 0.004575 0.001497 
-0.039891 -0.001089 0.000091 -0.000175 0.000487 -0.000717 0.003006 0.002001 
-0.024032 -0.001287 0.002557 0.000842 0.001030 -0.001712 -0.001249 0.001906 
0.013363 -0.002137 0.001899 -0.001804 0.000454 0.002197 0.001059 0.001432 
-0.009297 0.000753 -0.001455 0.000227 0.000539 -0.000713 -0.001736 0.001053 
0.006477 -0.001608 0.001107 0.001269 0.000751 0.003042 -0.000743 0.000679 
-0.006067 0.000127 -0.000348 0.003070 -0.001456 0.000335 0.000980 0.000075 
-0.000310 0.000097 0.000979 -0.001352 0.000687 -0.002295 -0.000553 0.000151 
0.001276 -0.002902 -0.001403 -0.003609 -0.000351 0.001259 0.001858 0.002034 
-0.000217 -0.002007 -0.000945 -0.000809 -0.000051 -0.000424 0.000076 0.000914 
0.004622 -0.001076 0.003522 -0.000986 -0.001057 -0.000018 0.000453 0.000744 
-0.001125 -0.002389 -0.001367 -0.001977 0.000760 -0.000877 0.004698 0.002360 
0.010991 -0.003187 0.000658 0.000426 -0.001901 0.000875 0.000841 0.000570 
-0.006002 -0.001474 -0.001209 -0.000457 0.000736 -0.000623 -0.001643 -0.000317 
0.013239 0.000108 0.000163 -0.001845 -0.000384 -0.003110 -0.000823 -0.000410 
-0.010020 -0.003809 -0.001873 -0.000427 0.002767 -0.003808 0.000608 -0.000263 
0.018794 0.001249 0.002398 -0.002979 -0.005109 -0.000992 -0.002335 0.002386 
-0.010209 -0.003246 0.000322 -0.004122 -0.001957 -0.002016 0.000590 -0.000556 
0.014074 0.000623 0.000017 0.000132 -0.002149 -0.007674 0.002392 -0.000448 
-0.019542 0.000282 0.003382 -0.000367 0.001120 -0.004100 0.002486 0.002753 
0.039253 -0.010448 0.005432 -0.000820 0.001289 -0.000964 0.000177 0.006348 
-0.048657 -0.006564 0.009281 -0.003971 0.000271 -0.003629 -0.000472 -0.004084 
-0.028153 -0.003730 -0.001194 -0.000621 -0.001876 0.000279 -0.002145 -0.001227 
0.010775 -0.002003 -0.001469 0.001039 -0.000004 -0.001827 -0.000365 0.001160 
-0.011505 -0.003128 -0.001744 0.000606 0.000533 -0.001704 -0.000455 -0.002107 
0.006919 -0.000442 0.001988 -0.000768 0.000989 -0.000740 -0.000577 -0.002986 
-0.004528 0.001723 0.000511 -0.000635 0.002419 0.000784 0.001246 0.000114 
0.003951 0.000344 0.001215 -0.002076 -0.000488 -0.000402 -0.000001 0.001554 
0.003678 -0.001650 -0.000052 0.000647 0.000124 -0.001335 0.000880 -0.000059 
-0.003879 0.000460 -0.000160 0.000924 0.001413 -0.001208 -0.002254 -0.001095 
0.009220 -0.001620 -0.001955 0.001377 0.001599 -0.001273 0.000453 -0.000540 
-0.005602 -0.001940 -0.000641 -0.001407 -0.000240 0.001528 0.000143 -0.000007 
0.010324 -0.000157 0.001680 0.000245 -0.001393 -0.001574 0.000194 0.001569 
-0.004837 -0.002058 -0.001216 -0.001604 0.001326 -0.004417 -0.000471 -0.000126 
0.015337 0.005543 -0.000360 -0.002396 -0.001429 -0.003666 -0.002286 0.003591 
-0.008155 -0.001200 0.000801 -0.002426 -0.000937 -0.003677 0.003188 -0.001627 
0.018241 0.004750 0.002941 0.001443 -0.001412 -0.003260 -0.001001 0.000647 
-0.008282 -0.001988 0.000168 -0.004770 0.000280 -0.004928 -0.000052 0.001766 
0.032398 0.004516 0.000722 0.001045 -0.000225 -0.003783 -0.001698 -0.001588 
-0.008814 0.003476 0.001118 0.001867 0.001912 -0.008631 0.005118 0.000126 
0.053788 -0.007992 0.006278 0.005510 0.009904 -0.002331 -0.001312 0.004356 
-0.026892 -0.000461 0.009388 -0.002172 0.005227 -0.005436 0.000659 -0.003221 
-0.027168 -0.000716 -0.001956 -0.002822 -0.001241 0.001594 -0.000712 0.000572 
0.008809 -0.000493 -0.000641 0.001556 0.000169 -0.000886 0.001151 0.001190 
-0.009460 0.001018 0.000348 0.000908 0.000219 0.000268 0.002453 0.001676 
0.005233 -0.000308 0.000292 -0.001617 0.003139 -0.001500 0.000147 -0.000051 
-0.006359 0.000096 -0.002484 -0.001968 0.001153 0.001034 0.000674 0.000081 
0.004042 0.000858 0.000485 -0.000019 0.001234 -0.001468 -0.000378 0.000218 
0.002799 -0.000962 0.002339 -0.001582 0.002123 0.002203 0.000285 -0.000483 
0.000397 -0.001717 0.000643 -0.000121 -0.000001 0.000035 0.000047 0.000985 
0.006396 -0.000716 0.001180 0.000218 -0.001481 -0.000280 0.002615 -0.001443 
-0.006213 -0.001845 0.000434 0.000557 0.001143 -0.002530 -0.000539 -0.000429 
0.008112 0.000696 0.000566 -0.001751 0.000197 0.000797 0.000342 -0.001637 
-0.003147 -0.001934 -0.000310 0.002000 0.000152 -0.002714 0.000341 0.000938 
0.016907 0.000571 -0.000935 0.000859 -0.001487 -0.004195 -0.002240 0.001627 
-0.008691 -0.004719 -0.000660 -0.001474 0.001693 -0.001932 0.001842 -0.000131 
0.022651 0.003232 0.002186 -0.002253 -0.001311 -0.002403 -0.001326 0.001445 
-0.009858 -0.003380 0.001825 0.000401 0.004825 -0.004713 -0.003307 0.001386 
0.023947 0.000080 0.003806 -0.000285 -0.002218 -0.002331 -0.000189 -0.000810 
-0.008413 -0.001643 0.003102 0.001082 0.000972 -0.006966 0.002467 -0.000644 
0.074023 -0.000470 0.007102 0.003647 0.005579 0.003564 -0.006422 -0.001813 
-0.013945 0.003616 -0.001321 -0.007858 -0.000111 -0.008266 0.000101 -0.005878 
-0.029997 0.000410 -0.001688 -0.000167 -0.000306 0.002758 -0.001954 0.000123 
0.012539 -0.003606 -0.000355 0.000718 -0.001834 0.001335 -0.000306 0.000451 
-0.012938 -0.004321 -0.001316 -0.001414 -0.000308 -0.000398 -0.002548 -0.000020 
0.008063 0.000666 0.000392 0.002478 -0.002912 -0.000229 0.000378 -0.001137 
-0.004080 -0.000761 -0.001897 -0.001302 0.001873 0.001920 -0.000777 -0.000289 
0.001627 0.000732 -0.000948 0.000001 0.000666 0.001621 0.001224 -0.000493 
0.000137 -0.001669 -0.002084 0.002198 0.002452 0.001660 0.001099 -0.000486 
-0.001545 -0.001052 0.000117 0.001739 0.000271 -0.002800 -0.001213 0.001627 
0.009957 -0.000199 -0.001763 -0.000373 0.001786 0.000046 0.000164 0.000132 
-0.003616 -0.000614 0.000274 0.001490 0.000806 -0.003664 -0.000986 -0.001543 
0.015618 0.000674 -0.001321 -0.003172 -0.000008 -0.001292 -0.002704 0.001977 
-0.008078 -0.001931 0.000618 -0.001757 -0.002614 -0.005841 0.001679 -0.001436 
0.017992 0.001197 -0.000169 -0.001357 -0.001848 0.000519 -0.002730 -0.001059 
-0.009283 -0.002656 -0.000441 -0.001411 -0.000783 -0.006476 -0.000907 0.001553 
0.025575 0.001704 -0.000188 -0.001582 0.004224 -0.001758 -0.003702 -0.003011 
-0.008481 -0.002037 0.000580 -0.000566 -0.000848 -0.005463 0.000249 0.000444 
0.028503 0.008906 -0.000297 0.000961 0.002951 -0.001228 -0.003170 -0.001514 
-0.008417 -0.001958 0.000189 -0.001799 0.002138 -0.008512 -0.002319 -0.001039 
0.059671 0.002818 0.003591 0.006010 0.005078 0.001770 0.002448 0.000539 
-0.023555 0.004386 0.000832 -0.001089 -0.001319 -0.005433 0.002235 0.001109 
-0.021648 -0.004448 -0.000318 -0.003437 -0.000128 -0.000625 0.000221 -0.000347 
0.009755 -0.001179 -0.000069 0.000001 -0.000545 0.000285 0.003572 0.000085 
-0.005034 -0.000276 0.000303 0.001283 -0.000458 -0.001818 0.000783 0.000495 
0.009280 -0.001630 0.000460 -0.001758 0.002021 -0.003506 -0.000265 0.003581 
-0.001603 -0.000670 -0.001418 -0.003628 0.001111 0.000255 -0.001245 -0.000218 
0.003412 -0.000920 -0.001845 -0.001002 0.000806 0.000423 0.001954 -0.001852 
-0.000388 -0.000160 0.000679 0.001594 0.000149 -0.002288 -0.000291 0.000369 
-0.001490 -0.000220 0.000352 0.000823 0.001187 -0.000864 -0.000360 -0.000641 
-0.000068 0.000861 -0.001804 0.001149 0.002157 0.003131 0.000886 -0.000431 
-0.006723 -0.001934 0.001071 -0.003259 -0.002126 -0.001827 -0.002095 -0.000449 
0.007968 0.000394 0.000601 0.000446 0.002900 -0.001337 0.000996 0.000819 
-0.008224 -0.000421 0.001131 -0.000746 0.001036 -0.004467 -0.001182 -0.002254 
0.015857 -0.001083 0.000913 0.002016 0.000612 -0.001214 -0.000366 0.000386 
-0.006050 -0.003359 0.000761 -0.000346 0.001403 -0.002756 -0.001464 -0.000150 
0.018306 0.001925 -0.003853 -0.000612 0.004501 -0.003222 -0.004670 0.000456 
-0.010354 -0.001722 0.000093 -0.000943 0.004577 -0.010679 0.000816 0.002108 
0.024691 0.004289 -0.000306 0.001031 0.006490 -0.001511 -0.004902 -0.000605 
-0.005235 0.002011 -0.002261 -0.000383 0.002853 -0.009510 -0.000617 -0.000938 
0.054876 0.000682 0.007143 0.005471 0.009600 -0.003351 -0.005164 0.003018 
-0.014889 0.008461 0.002049 -0.003766 -0.003123 -0.009300 -0.000788 -0.000139 
-0.009549 -0.001893 -0.002895 0.001314 0.002698 0.000266 0.000169 0.000599 
-0.001476 0.000389 0.000318 -0.000628 0.000252 -0.002095 -0.000661 -0.001093 
-0.005711 -0.000866 -0.000245 -0.001119 -0.001657 -0.000021 -0.000955 -0.002022 
-0.000662 -0.000606 0.001108 0.000869 -0.001336 -0.000220 -0.001178 0.000214 
-0.001787 0.000676 0.000027 0.000985 0.000400 -0.001282 -0.000048 0.002073 
0.004733 0.001797 0.001394 -0.000564 -0.002054 -0.001552 0.003250 -0.001984 
-0.002426 -0.001965 0.001212 -0.000820 -0.001222 0.000697 -0.000177 0.000240 
-0.003612 -0.001160 -0.001600 0.002111 -0.001634 0.000024 0.000242 0.000519 
-0.000540 -0.001878 -0.002411 0.001431 0.000716 0.001564 -0.001408 -0.000457 
-0.002185 0.000572 0.000415 0.002226 0.000937 -0.004317 0.000807 -0.000421 
0.005657 -0.000079 -0.000286 0.000943 0.004650 -0.000366 -0.000613 0.001195 
0.002510 0.000216 0.002025 -0.000152 -0.000292 -0.004793 0.001696 0.001725 
0.003526 0.001193 0.000126 0.002318 -0.001032 0.001641 -0.000381 0.001213 
0.002595 -0.001892 -0.000759 -0.002162 -0.001455 -0.006295 -0.000886 -0.000061 
0.006230 0.000174 -0.000911 0.000444 0.000925 -0.004808 -0.000387 -0.000229 
-0.002063 0.000110 0.001245 -0.000703 -0.004180 -0.007998 0.000815 0.001340 
0.011815 -0.007876 -0.000044 0.001358 -0.000572 -0.003832 0.000928 0.001044 
-0.006638 -0.003013 0.000360 0.003058 -0.001581 -0.005358 0.001635 -0.002184 
0.031475 0.029766 0.003075 0.003075 -0.001076 -0.003360 0.000448 0.004242 
0.009208 0.003581 0.002575 -0.001042 -0.005766 -0.015289 -0.001405 -0.002449 
-0.011195 0.003277 -0.001880 0.000551 0.000067 -0.000416 -0.000223 0.000198 
-0.002685 0.000131 0.000097 -0.001865 -0.000077 0.000608 -0.001152 -0.002467 
-0.002592 0.001627 0.001203 0.000088 0.001551 -0.000835 -0.000694 0.002761 
-0.002705 -0.000872 -0.001757 0.000313 0.001751 0.000524 -0.000955 -0.000129 
-0.000696 0.002119 0.000643 0.000014 -0.000229 -0.000091 -0.000164 -0.001656 
-0.001127 -0.000424 0.001402 0.000582 0.002256 -0.000345 -0.000477 0.000528 
0.001959 -0.001594 -0.003601 -0.001256 0.003995 -0.000277 0.001545 0.000691 
-0.001056 0.000868 0.002843 -0.000013 0.001149 -0.000036 0.001114 0.000744 
-0.001711 -0.002630 0.002167 0.000311 0.000764 -0.000095 0.002117 0.001075 
0.000896 -0.000574 0.001043 -0.001735 -0.001597 -0.000992 -0.003207 -0.001041 
0.002242 -0.001317 0.000618 -0.000567 0.001058 0.001787 -0.000091 0.002483 
0.003376 -0.000512 0.002083 0.001478 -0.000909 -0.000837 -0.001464 -0.001993 
0.006059 -0.001585 0.000561 0.001356 -0.000918 0.000826 -0.000095 -0.000411 
0.002353 -0.001577 -0.001122 -0.000890 0.000029 -0.003136 -0.002648 -0.002393 
-0.000450 -0.002370 0.002022 0.001062 0.002218 -0.001986 -0.001628 0.000378 
0.002523 0.000111 0.004433 -0.000228 -0.001503 -0.001489 -0.001477 0.000234 
0.010442 -0.000222 0.006058 -0.001884 0.002597 -0.004182 -0.004506 0.003414 
0.013703 -0.003849 0.005577 -0.002636 0.001711 0.000030 0.002970 0.000753 
0.010182 0.002804 0.009598 0.005927 0.003740 0.006007 0.003782 0.003446 
-0.017704 0.004693 0.004359 -0.002758 0.003567 -0.004265 0.002502 0.003750 
-0.008774 -0.001275 0.000646 0.000837 -0.001507 -0.000379 0.000505 -0.000055 
-0.004478 -0.001368 0.001037 0.001116 -0.001294 0.001374 -0.000496 -0.000165 
-0.006423 -0.000180 0.000793 0.001036 0.001677 0.001508 0.000851 0.000537 
-0.000867 -0.001974 -0.001322 0.000315 -0.000397 -0.000972 0.000036 -0.001453 
0.000377 -0.001256 0.001636 -0.002034 -0.001682 -0.001014 0.000846 -0.002016 
-0.000927 -0.000789 -0.000595 -0.001365 0.000080 -0.001346 0.001075 0.000242 
-0.000390 0.002042 0.001025 0.002503 -0.000375 -0.001472 0.000792 0.001712 
0.001831 -0.002337 0.000812 -0.000500 0.001287 0.000254 0.000801 -0.000653 
0.000613 -0.000513 0.000533 -0.000858 -0.000116 -0.002015 0.000291 0.001130 
0.001631 -0.001180 0.001016 0.000750 0.000243 0.000933 0.001435 -0.001674 
0.004337 0.003223 0.001024 0.001826 0.000293 -0.002045 -0.000459 -0.000159 
0.002685 0.000818 0.000387 0.000590 -0.000474 -0.002398 -0.001692 -0.001514 
0.003858 0.001335 0.000446 -0.001058 -0.003261 -0.001606 -0.001142 0.000001 
0.000152 -0.001048 -0.000627 0.001187 0.002483 -0.002882 -0.003558 0.000212 
0.005004 -0.002411 0.005451 -0.000730 0.000490 -0.002088 -0.000609 0.000300 
0.005003 -0.002441 -0.000310 0.000146 0.001051 -0.001960 -0.001908 -0.001681 
0.010225 -0.000571 0.002225 0.002237 0.001388 0.002455 0.002068 0.002702 
-0.004107 0.000184 0.005678 0.000173 -0.003211 -0.003655 0.001178 -0.001757 
0.021684 -0.000839 0.008570 0.006084 0.001960 0.002045 0.001779 0.000885 
0.004355 -0.000066 0.007834 -0.005029 0.003470 -0.001103 0.000088 0.006761 
-0.008331 -0.004278 0.001373 0.000065 0.001693 0.002095 0.001511 0.002336 
-0.002097 0.000673 -0.000196 -0.001128 -0.000750 -0.003034 0.001639 -0.001763 
-0.002415 0.000469 -0.000366 -0.001434 0.000993 0.000381 0.000368 -0.001200 
-0.003224 0.000112 -0.000615 0.001455 -0.002808 -0.000890 -0.000841 -0.002801 
0.001033 0.001239 -0.000274 0.001496 0.001908 -0.001258 -0.000754 0.000483 
-0.001048 -0.001653 -0.000744 -0.001564 0.000661 -0.000957 -0.001447 -0.000765 
-0.000318 0.000009 -0.001340 0.000167 -0.000123 -0.001807 -0.000835 0.000460 
-0.002229 -0.002307 0.000475 0.000091 0.003217 0.000221 -0.000001 0.000979 
0.001207 -0.001550 0.000026 0.002455 -0.000641 -0.003003 -0.001200 0.001309 
-0.001238 -0.001810 -0.001611 -0.000792 -0.000631 -0.000753 -0.001457 -0.000664 
0.001265 -0.002155 0.001212 -0.000902 -0.000326 -0.000480 -0.002509 -0.000898 
0.004171 -0.001458 0.001601 -0.001745 -0.000247 -0.002130 0.001374 0.001218 
0.008661 0.002084 0.003330 -0.002075 0.001845 -0.000500 0.001428 0.001663 
0.005328 0.001547 -0.002714 -0.003738 0.001108 -0.003919 0.000038 -0.001000 
0.005858 0.004971 0.002372 -0.001592 -0.001429 -0.001072 0.000298 0.002114 
0.002109 -0.001191 -0.000612 -0.002834 -0.000722 -0.002172 -0.001456 -0.000941 
0.006411 0.004161 0.005154 -0.001949 0.001433 -0.000084 -0.002102 0.003146 
0.002400 -0.001574 0.001335 -0.000797 0.001544 -0.000341 0.000516 0.002760 
0.013620 0.040915 0.010216 0.004746 0.006544 -0.002945 0.003804 0.003634 
0.031298 0.006238 0.007838 0.001062 0.007148 0.001786 -0.006524 0.005533 
-0.004361 -0.002021 -0.000046 0.001314 -0.000338 0.000356 -0.000113 0.001233 
-0.006774 0.001178 -0.000250 -0.001422 0.000075 -0.000539 0.001081 0.001147 
-0.005180 -0.000918 0.002334 -0.001226 -0.000434 -0.000558 -0.001153 -0.000526 
-0.001759 -0.000333 0.002221 0.000525 0.000029 0.001493 0.000876 -0.001410 
0.001593 -0.001875 0.001079 0.000942 -0.000409 -0.001504 -0.000330 -0.001284 
-0.000982 -0.002154 0.000879 0.000378 -0.001471 -0.000245 0.000669 -0.000667 
0.000077 -0.002245 0.000049 -0.001959 0.002258 0.002350 -0.001207 0.000354 
-0.000302 -0.001305 0.001582 -0.000206 -0.000827 -0.001522 0.000898 0.003746 
0.000357 0.000870 -0.002849 -0.000200 -0.000466 0.000244 0.000199 0.000340 
0.000325 -0.000574 0.000052 0.000885 -0.000963 -0.001392 0.000455 0.000980 
0.006661 -0.001555 -0.000478 0.001847 -0.001067 -0.003973 -0.000594 0.000369 
0.000886 0.000944 0.000876 0.001356 -0.001049 -0.000296 -0.000367 -0.000606 
0.004675 -0.000323 -0.002473 -0.000783 -0.001607 -0.001903 -0.001285 0.000106 
0.003778 -0.002303 -0.000935 0.000289 -0.001202 0.001912 -0.002703 0.001274 
0.002418 0.000059 -0.000819 -0.000782 0.001997 -0.001900 -0.001634 0.000847 
0.009004 -0.003066 -0.000834 0.002137 0.000965 -0.000977 -0.000469 -0.001177 
0.013051 0.008960 0.004317 0.000111 0.003704 0.000874 -0.002470 0.000416 
0.005001 0.000850 0.005535 -0.003358 0.000242 -0.001892 -0.000331 -0.002368 
0.006158 0.038658 0.009443 0.007883 0.010845 -0.000707 0.005717 -0.003189 
0.011772 0.001086 0.009028 -0.002226 0.002967 -0.003508 -0.001853 0.005851 
-0.005522 0.000534 -0.002195 -0.001195 0.001588 0.000798 -0.001936 -0.000398 
0.000950 0.001194 -0.001868 0.000556 -0.000480 -0.000918 0.001595 -0.003052 
-0.002468 0.000451 -0.002609 0.000743 -0.001191 0.000435 -0.001306 0.001184 
-0.000514 0.000803 -0.001049 -0.000731 -0.000040 0.000874 0.000400 -0.000596 
-0.006249 -0.000094 0.001855 -0.000718 -0.000146 -0.001348 -0.001890 0.000614 
0.002051 -0.003251 0.001210 -0.000334 0.000908 -0.000570 -0.001243 -0.002534 
0.000993 0.000529 -0.000426 0.001497 -0.001114 0.000084 0.001369 -0.000000 
-0.001627 -0.000578 -0.000991 -0.000906 0.001153 -0.002120 0.001315 0.000648 
0.005910 0.002829 -0.001459 0.000233 0.000543 0.000879 0.000172 -0.000994 
-0.001287 -0.001011 0.001901 -0.002015 0.001368 -0.001215 0.000959 0.000584 
0.001636 -0.001797 -0.000066 -0.000391 0.003695 -0.000754 -0.000184 0.000816 
0.000279 -0.000274 0.003137 -0.001822 0.000348 -0.001836 -0.001223 0.002354 
0.005096 -0.002692 0.002938 -0.001145 -0.000170 -0.003607 0.000624 -0.000941 
-0.004210 -0.003537 0.002164 -0.002071 0.000382 -0.000626 -0.000599 0.002143 
0.004987 -0.000935 0.003518 0.001726 0.002831 -0.003257 0.001210 -0.002757 
-0.000641 -0.000902 0.003146 0.000684 -0.000200 -0.005446 0.000228 -0.000623 
-0.000570 0.001430 0.005046 0.001457 0.000105 -0.004753 0.001350 -0.001804 
0.010900 -0.000169 0.004028 -0.001607 0.001323 -0.004699 0.001037 0.001631 
0.000353 0.026224 0.009491 0.006391 0.009050 -0.004248 0.007960 -0.000250 
0.012575 0.003072 0.006264 -0.002197 0.002632 -0.003835 0.003815 0.004454 
-0.008381 -0.000533 -0.000498 -0.000161 -0.000412 0.000421 0.000034 0.001547 
0.002566 -0.001287 0.000997 -0.001296 0.002021 -0.001717 0.000181 -0.001790 
-0.003577 0.004335 -0.001252 0.001955 -0.002262 0.001266 -0.000398 -0.000332 
-0.000964 0.001245 0.001465 -0.000175 -0.000671 -0.002898 0.000890 0.001120 
-0.001566 0.002687 0.000596 -0.000387 -0.000441 -0.000402 0.000479 0.000693 
0.001786 -0.001101 0.002050 0.000827 -0.001277 -0.000832 -0.001658 -0.000518 
-0.000618 0.001692 -0.000977 -0.000285 -0.001559 -0.000552 -0.001324 -0.000876 
-0.002655 -0.001526 0.000073 -0.001493 0.000367 0.001329 0.000245 -0.000480 
-0.000893 0.000372 0.001747 -0.002045 -0.002416 -0.000768 -0.001341 0.000615 
0.000624 -0.001290 0.004527 -0.004121 -0.000263 -0.002611 -0.000088 -0.001533 
0.000684 -0.001241 -0.000081 -0.001515 -0.002204 0.000815 -0.001178 -0.003216 
0.000268 -0.000914 0.005461 0.001855 -0.000402 -0.000921 0.001803 -0.000551 
0.005348 0.002019 0.001902 0.001347 0.001032 0.000417 -0.001071 0.001296 
-0.004881 -0.002014 0.001687 -0.004240 0.002007 0.000778 -0.002055 -0.000628 
0.007262 -0.002982 0.000461 -0.000246 -0.002286 -0.003020 0.001639 0.002363 
-0.001272 -0.003248 0.007307 -0.003162 0.002345 -0.002357 -0.001611 -0.002370 
0.016858 -0.000820 0.005032 -0.000506 0.000658 -0.001981 0.001164 0.000315 
0.004205 -0.003663 0.006473 -0.008496 0.000503 -0.004780 0.002905 0.001293 
-0.000406 0.014101 0.008838 0.008925 0.003164 0.001782 0.001175 0.000770 
0.004193 0.000961 0.007191 -0.003844 0.001732 -0.005285 0.000149 0.003130 
-0.010019 0.002863 0.000831 0.001146 0.000164 -0.000402 0.002126 -0.000672 
-0.000377 -0.002543 0.001370 -0.000291 -0.000383 -0.001615 0.001725 0.001155 
-0.006377 -0.000938 0.001546 0.003657 0.001752 -0.001205 0.000051 -0.001171 
0.000547 -0.007031 0.002757 0.001996 -0.000754 -0.001803 0.000877 0.000099 
-0.000846 -0.002403 0.002205 0.000968 -0.000389 -0.001315 0.001345 -0.000362 
0.001103 -0.009855 0.000306 -0.000324 0.002493 -0.002295 -0.002122 -0.000823 
0.000675 0.003164 -0.001530 -0.002196 0.002412 -0.000092 -0.000157 0.002764 
0.001298 -0.008317 0.001079 -0.000531 0.002031 0.000427 -0.001521 -0.000623 
0.001035 0.002613 -0.000299 0.003160 0.002146 0.000406 -0.000321 0.002457 
-0.001111 -0.009125 0.001238 -0.002817 0.000572 -0.002654 0.001246 0.000756 
0.007298 0.002487 0.001789 -0.002839 -0.000646 -0.001157 -0.000559 0.001095 
0.000940 -0.013298 -0.000147 -0.002369 -0.000253 -0.003307 -0.002149 0.000591 
0.007104 -0.000770 0.004271 0.000279 0.002109 -0.004632 -0.000174 0.001757 
-0.005590 -0.014845 0.000281 -0.001658 -0.001814 -0.006745 -0.000374 -0.000029 
0.009138 -0.001617 0.006487 0.002731 -0.001125 -0.004004 0.000476 0.002140 
-0.005773 -0.017937 0.001499 -0.004270 0.003111 -0.005157 -0.003087 0.001531 
0.010152 -0.006854 0.007252 0.003514 0.000523 0.000092 0.001124 0.007592 
0.001602 -0.019642 -0.001020 -0.003929 0.001219 -0.007271 -0.003359 -0.002537 
0.014007 0.013682 0.009176 0.009969 -0.001021 0.001784 0.003006 0.003932 
-0.024993 -0.022286 0.004848 -0.004076 0.005264 -0.006693 -0.000371 -0.003150 
-0.002077 0.001139 -0.000127 0.001779 -0.002246 0.001129 -0.000435 0.003175 
-0.000213 -0.005692 0.001511 0.001259 0.003777 -0.003420 -0.000667 0.002704 
-0.001984 0.003070 0.000609 0.001504 -0.001494 0.000309 -0.000039 -0.000842 
0.001872 -0.005269 0.005330 0.001095 0.003763 -0.002950 -0.000687 -0.000415 
-0.000787 0.001264 0.002009 -0.001529 -0.001344 -0.001562 0.000626 0.003987 
0.001980 -0.006100 0.002353 0.000195 0.001273 -0.003088 -0.001859 -0.000073 
-0.002249 -0.000983 0.001953 0.001897 -0.000609 -0.001468 0.003457 0.002121 
0.000106 -0.010394 0.004671 0.002437 0.006979 -0.004474 -0.001496 -0.001348 
-0.003581 -0.002973 0.004113 0.000509 -0.000037 0.000146 -0.002399 0.001289 
0.005273 -0.008087 0.005125 -0.001095 0.004401 -0.006193 -0.004368 0.000743 
0.001790 -0.002445 0.008852 0.005193 -0.003954 0.000180 -0.002396 0.005684 
0.000203 -0.012479 0.007826 -0.000592 0.006522 -0.005467 -0.001828 -0.001910 
-0.003045 -0.005279 0.009974 0.004721 -0.001670 -0.002486 -0.000640 0.004741 
0.000716 -0.011380 0.009541 -0.003000 0.009041 -0.007402 -0.003560 -0.003112 
0.002974 -0.004074 0.010385 0.007365 -0.004862 0.002554 0.000252 0.007432 
0.001438 -0.012613 0.014150 -0.002543 0.008816 -0.007590 -0.001581 0.002644 
0.003974 -0.008651 0.013788 0.008769 -0.003755 -0.002390 0.003091 0.003989 
-0.017310 -0.014997 0.017288 -0.000044 0.009123 -0.007334 -0.008462 -0.001716 
0.016652 -0.015277 0.024919 0.010102 0.003518 -0.001268 0.001981 0.014717 
-0.001933 -0.018623 0.013202 -0.005752 0.007278 0.000074 -0.006771 -0.000121 
0.023607 0.002548 -0.003801 0.010585 0.005538 -0.014787 0.000230 -0.001386 
-0.023739 -0.002171 0.012791 0.003841 0.000166 0.013042 -0.007144 -0.004613 
0.012026 -0.001707 -0.009888 0.014102 0.005601 -0.017867 -0.001917 0.001324 
-0.018022 -0.001358 0.014974 0.003933 -0.002338 0.016606 -0.007566 -0.003092 
0.002482 -0.004957 -0.009539 0.009631 0.000893 -0.025935 0.004039 0.001198 
-0.019156 -0.005904 0.019675 0.005833 0.003036 0.018542 -0.011878 -0.001666 
0.001697 -0.012138 -0.008505 0.009751 0.000718 -0.026707 0.000752 0.000301 
-0.012716 0.000226 0.019080 0.003066 0.002267 0.019227 -0.010968 -0.002333 
-0.006297 -0.011451 -0.010318 0.011925 0.002785 -0.029964 0.004067 -0.003671 
-0.011168 -0.002007 0.026765 0.004840 0.001055 0.027306 -0.015605 -0.001513 
-0.011995 -0.020716 -0.009777 0.011956 0.001842 -0.029630 -0.001419 0.000031 
-0.011586 0.002628 0.030398 0.001191 -0.004230 0.024375 -0.016267 -0.003781 
-0.010786 -0.020127 -0.010624 0.013744 0.002127 -0.033288 -0.002954 0.001101 
-0.009139 -0.003339 0.029178 0.002851 0.001357 0.030729 -0.017956 -0.004553 
-0.020479 -0.032386 -0.015437 0.007625 -0.002219 -0.033639 -0.004313 -0.004995 
-0.011357 -0.001049 0.030939 0.006141 0.001067 0.037303 -0.018349 -0.005669 
-0.030066 -0.018458 -0.012307 0.004597 0.001067 -0.027301 0.002892 0.004345 
-0.007101 -0.005474 0.034866 0.001987 0.007037 0.037083 -0.021943 -0.009081 
-0.024488 -0.025105 -0.002327 0.011151 0.002245 -0.014203 -0.013853 0.010037 
-0.007256 0.001278 0.046591 -0.010460 0.006609 0.023079 -0.020225 0.000384 
