0.155341 1.084328
0.196606 1.210833
0.170816 1.270236
0.146920 1.280469
0.126566 1.253656
0.108688 1.190478
0.096867 1.096722
0.088284 1.009827
0.082777 0.971890
0.090559 1.123777
-0.369837 1.099685
-0.308181 1.213251
-0.178770 1.265723
-0.084608 1.281773
-0.022469 1.255800
0.014085 1.195606
0.036983 1.104419
0.055155 1.016916
0.063040 0.978000
0.035576 1.102690
0.013665 0.899835
0.014468 0.950949
0.018509 0.969699
0.020691 0.977151
0.021040 0.974952
0.021336 0.968491
0.017409 0.959167
0.017975 0.949817
0.008947 0.951134
0.035181 0.986315
0.000636 0.901581
0.011972 0.951229
0.012259 0.975600
0.007337 0.980437
-0.003050 0.982060
-0.014625 0.978618
-0.018952 0.970129
-0.026973 0.963794
-0.035772 0.968328
0.018789 0.975197
0.152949 1.084846
0.193195 1.209209
0.166313 1.267835
0.141682 1.276920
0.121342 1.250332
0.103589 1.188748
0.092352 1.095463
0.083913 1.009404
0.079368 0.973520
0.087046 1.126813
-0.368729 1.099245
-0.308248 1.211488
-0.179648 1.262868
-0.085533 1.278606
-0.022492 1.252391
0.015643 1.192745
0.038992 1.103275
0.058367 1.017457
0.067119 0.979698
0.031217 1.107984
-0.012795 0.713888
-0.019168 0.710285
-0.027935 0.708690
-0.035372 0.707228
-0.041650 0.708290
-0.047241 0.706455
-0.054087 0.707556
-0.055167 0.703438
-0.059796 0.698974
-0.061664 0.694358
-0.034990 0.697527
-0.059691 0.696211
-0.090006 0.694704
-0.120467 0.694558
-0.145529 0.697231
-0.169143 0.699669
-0.196187 0.700797
-0.205454 0.697600
-0.205486 0.686883
-0.236896 0.672974
0.018836 0.703966
0.033544 0.697572
0.043186 0.691258
0.051086 0.687615
0.057657 0.683779
0.067952 0.679797
0.077797 0.675072
0.081591 0.671872
0.079951 0.665263
0.107476 0.667122
-0.010115 0.701388
-0.029308 0.702730
-0.043562 0.699021
-0.054873 0.692585
-0.067228 0.688347
-0.078223 0.686183
-0.085298 0.681634
-0.089891 0.678493
-0.090845 0.667891
-0.161988 0.684710
0.009000 0.699213
0.022152 0.695895
0.032763 0.701444
0.041482 0.707394
0.049900 0.711075
0.058873 0.710837
0.063307 0.703468
0.075382 0.691097
0.084492 0.685828
0.078568 0.694702
-0.014923 0.693470
-0.028554 0.697558
-0.037399 0.702896
-0.043018 0.707475
-0.053029 0.713049
-0.057905 0.712037
-0.061555 0.706110
-0.069675 0.693931
-0.069180 0.677666
-0.109912 0.685981
0.007208 0.696756
0.013483 0.716659
0.017309 0.758616
0.021962 0.791793
0.026108 0.811973
0.027876 0.816035
0.031294 0.797312
0.032614 0.758778
0.038128 0.737301
0.030573 0.778061
-0.011089 0.694093
-0.017680 0.714593
-0.023068 0.754708
-0.023665 0.789948
-0.031970 0.813200
-0.033324 0.818367
-0.033782 0.797081
-0.037229 0.757834
-0.044453 0.718350
-0.101365 0.798863
0.018005 0.707105
0.022524 0.739618
0.023115 0.791080
0.024515 0.829939
0.022348 0.846412
0.023162 0.840155
0.020847 0.801654
0.017756 0.757505
0.015333 0.733418
0.037912 0.800580
0.050939 0.699730
0.062672 0.732198
0.058105 0.783211
0.050629 0.821955
0.037081 0.840825
0.021779 0.834739
0.007703 0.797927
-0.000780 0.750913
-0.019091 0.729065
-0.022829 0.802567
0.020180 0.658425
0.038785 0.692443
0.048607 0.741553
0.057564 0.768258
0.065218 0.773939
0.074988 0.757739
0.081880 0.716033
0.090642 0.663762
0.095641 0.635803
0.106732 0.725381
-0.005571 0.659684
-0.030860 0.694889
-0.058338 0.740940
-0.081171 0.769105
-0.111128 0.777649
-0.133983 0.762701
-0.154275 0.718004
-0.168745 0.670312
-0.175847 0.642463
-0.272654 0.722792
0.044326 0.953280
0.055586 0.938336
0.041759 0.936155
0.023810 0.932898
0.009843 0.928514
-0.001280 0.920176
-0.011575 0.910450
-0.020313 0.901185
-0.012418 0.896887
-0.013795 0.921284
-0.009235 0.954821
-0.005481 0.937458
-0.001541 0.935296
0.007875 0.933497
0.015337 0.928632
0.013054 0.920879
0.013861 0.910723
0.018359 0.905058
0.014425 0.895180
-0.015523 0.840382
-0.003877 0.901132
-0.004853 0.955564
-0.011447 0.977674
-0.011418 0.981473
-0.018713 0.981568
-0.022331 0.975003
-0.028576 0.964979
-0.030134 0.958584
-0.019624 0.957592
-0.020196 0.968839
-0.002446 0.893840
-0.003345 0.944735
-0.007140 0.965482
-0.008355 0.973885
-0.011325 0.973330
-0.014101 0.967538
-0.011609 0.960011
-0.017369 0.956072
-0.016848 0.949287
-0.065711 0.973914
0.043866 0.954600
0.054683 0.940385
0.039935 0.938763
0.021823 0.935753
0.006783 0.931744
-0.004736 0.923414
-0.016146 0.913371
-0.025125 0.904192
-0.015592 0.900256
-0.015449 0.920563
-0.009310 0.955993
-0.005834 0.938969
-0.002502 0.937575
0.006576 0.936289
0.013315 0.931452
0.010460 0.923580
0.011737 0.913544
0.015314 0.907345
0.011329 0.897983
-0.023964 0.850209
0.030747 0.704155
0.042941 0.702552
0.060259 0.700470
0.072310 0.698434
0.085956 0.697100
0.100410 0.694591
0.109864 0.695360
0.116514 0.691616
0.120949 0.696372
0.101310 0.695779
0.023731 0.712131
0.035792 0.711189
0.047481 0.709367
0.058472 0.708056
0.067118 0.706034
0.074597 0.703015
0.083390 0.702361
0.090594 0.698972
0.089101 0.695584
0.147355 0.698232
0.015173 0.707913
0.007193 0.709201
0.007349 0.709505
0.007274 0.710450
0.007232 0.708847
0.006386 0.704002
0.005972 0.700687
0.003898 0.698117
0.000515 0.697436
-0.016871 0.707584
-0.002059 0.710636
0.000707 0.711958
0.003877 0.713187
0.007204 0.712659
0.004062 0.712850
0.005973 0.706336
0.008589 0.702797
0.012206 0.701221
0.017789 0.700921
0.064979 0.701673
0.013614 0.707406
-0.002234 0.708027
-0.007109 0.709493
-0.011089 0.710764
-0.014662 0.709472
-0.016104 0.705498
-0.022188 0.703386
-0.024430 0.703773
-0.030442 0.697070
-0.049889 0.688642
0.006919 0.708629
0.018667 0.709578
0.024907 0.711291
0.031249 0.710583
0.035857 0.711366
0.042836 0.709787
0.044443 0.705323
0.050294 0.706461
0.055201 0.702018
0.089969 0.683678
0.007521 0.705876
0.006696 0.703016
0.006414 0.703668
0.005986 0.705692
0.002502 0.706966
0.001869 0.709080
0.004253 0.708424
0.003440 0.706342
-0.000775 0.700714
-0.004498 0.712940
0.002950 0.707022
0.004750 0.703340
0.005066 0.705792
0.005704 0.706688
0.004807 0.708162
0.005095 0.708252
0.003608 0.709372
0.006707 0.706735
-0.002637 0.709115
-0.027074 0.735507
0.014198 0.703589
0.019548 0.700407
0.020940 0.700748
0.020947 0.704356
0.021556 0.707332
0.019109 0.708624
0.015219 0.710830
0.020137 0.708551
0.017066 0.704290
0.029053 0.688787
-0.007467 0.707621
-0.011866 0.704414
-0.014558 0.704866
-0.012233 0.706050
-0.013814 0.710112
-0.014953 0.710525
-0.011194 0.711124
-0.012116 0.709625
-0.008477 0.706236
-0.025311 0.702030
0.032136 0.705293
0.025640 0.701806
0.028511 0.707826
0.029555 0.713092
0.030016 0.715623
0.032221 0.712004
0.031011 0.703266
0.031080 0.696882
0.023221 0.695854
-0.001243 0.688841
0.005571 0.706867
0.018390 0.703842
0.026629 0.709604
0.036664 0.715383
0.039919 0.718314
0.047203 0.713820
0.053645 0.704871
0.062271 0.697395
0.064905 0.692378
0.112035 0.703358
-0.004558 -0.001504 -0.000285 -0.000018 0.000457 0.000539 -0.000006 0.000137 
-0.000680 -0.011078 -0.001215 -0.000971 -0.000255 -0.000160 0.000617 -0.000098 
-0.000360 -0.000450 -0.000809 0.000452 0.000862 0.000392 0.001392 -0.000636 
-0.006090 -0.007874 -0.001265 -0.001099 -0.000800 -0.000680 -0.001527 -0.001179 
0.000593 0.001425 0.000576 -0.000754 -0.000497 0.001859 -0.000819 0.000022 
-0.004120 -0.002121 -0.000573 -0.000264 -0.001211 0.000257 -0.000687 -0.001634 
0.000300 0.000510 0.001930 -0.001141 0.000744 -0.000606 0.000870 -0.001765 
-0.003121 -0.000270 0.000371 -0.000119 -0.000119 0.000154 0.000153 -0.000712 
0.001279 0.000823 -0.002632 0.000048 0.000199 -0.001085 0.000053 -0.001826 
-0.001573 0.000362 0.000769 -0.000154 0.000266 -0.001688 0.000641 0.000409 
0.000553 0.000244 0.001669 -0.000462 -0.000775 0.001986 0.000343 -0.001080 
-0.000847 -0.000466 -0.000032 0.001249 -0.000241 -0.000027 0.001741 0.001130 
-0.000198 -0.001228 -0.002270 0.001418 -0.001673 -0.000006 -0.001819 0.000466 
-0.001741 0.001965 0.001020 0.000150 0.001220 -0.001860 0.001229 -0.002782 
-0.000154 0.001748 0.000725 0.000838 -0.000645 -0.002807 0.004453 -0.002555 
-0.002129 0.000492 -0.003783 -0.000599 -0.000460 -0.003080 -0.002100 0.000262 
0.000708 0.005726 0.004027 -0.001928 -0.000053 -0.009414 0.006690 0.000011 
0.000454 0.000982 0.002335 0.006172 0.002667 -0.005085 -0.006097 -0.002100 
0.010278 0.003483 0.008429 0.016808 0.003958 0.035061 -0.024193 0.012125 
-0.005756 0.013576 0.013496 0.000497 -0.015121 0.017242 0.009740 0.010741 
0.003461 -0.002409 -0.006026 0.004916 -0.002748 0.003387 -0.000138 -0.005521 
-0.008273 -0.001628 -0.004863 0.001973 0.004194 0.000188 -0.003883 0.001820 
0.001909 -0.000769 -0.005130 0.005413 0.000372 0.001167 0.001842 -0.002404 
-0.002703 -0.000967 0.000113 0.005266 0.001064 -0.002104 -0.001848 0.000191 
0.001537 -0.002614 -0.003872 0.004961 0.001084 -0.000165 -0.002155 -0.000787 
-0.001541 -0.001407 0.000573 0.002370 0.002386 0.000251 -0.002209 0.001261 
0.001584 -0.001750 -0.001300 0.002921 -0.001397 0.003535 -0.001624 0.000694 
-0.001765 -0.004051 0.001263 0.001641 0.000688 -0.000324 -0.001831 0.001509 
0.001917 -0.002546 -0.001737 0.001411 -0.001485 -0.000643 0.001151 0.001660 
-0.002221 -0.003308 0.001147 0.001203 0.000731 0.001052 -0.001927 -0.001178 
0.001544 -0.002515 -0.000962 0.002414 -0.000578 -0.001173 0.002162 0.001209 
-0.003204 -0.003023 0.001694 -0.001355 0.001298 -0.001596 -0.000090 0.001881 
0.001199 -0.000408 0.000892 0.001358 0.000716 -0.001647 0.000949 0.001038 
-0.004163 -0.004230 0.004215 0.000197 -0.001807 -0.000179 -0.000714 0.001061 
0.001926 -0.001139 -0.002345 0.002039 -0.000551 0.002111 -0.000741 -0.000173 
-0.003846 -0.004522 0.001397 -0.000056 0.000951 -0.000112 0.001888 0.001649 
0.001006 -0.006091 0.001868 0.003962 -0.001293 -0.000065 0.001814 0.005463 
-0.004498 -0.004796 0.007036 -0.000502 -0.006535 0.001876 0.001062 0.004760 
-0.000410 -0.009316 -0.009609 -0.015670 0.001813 0.002608 -0.034449 -0.020030 
0.001056 -0.019308 0.026700 0.011527 -0.002821 0.030742 -0.018017 0.004079 
-0.004470 -0.001635 -0.000204 -0.000086 0.000227 0.000573 0.000198 0.000421 
-0.000393 -0.011151 -0.001631 -0.000791 -0.000139 -0.000426 0.000899 0.000050 
-0.000369 -0.000330 -0.001037 0.000043 0.001039 0.000311 0.001045 -0.000226 
-0.005816 -0.008088 -0.001165 -0.000831 -0.001016 -0.001245 -0.000839 -0.001093 
0.000679 0.001104 0.000351 -0.000177 -0.000315 0.001048 -0.000150 0.000471 
-0.004010 -0.002214 -0.000574 -0.000451 -0.000899 0.000118 0.000121 -0.000729 
0.000023 0.000246 0.002144 -0.000954 0.000299 -0.000547 0.000663 -0.001151 
-0.003264 -0.000110 0.000601 -0.000908 -0.000016 0.000709 -0.001237 -0.000499 
0.001391 0.000659 -0.002716 -0.000724 0.000259 -0.000942 -0.000032 -0.000682 
-0.001213 0.000679 0.000572 -0.000022 0.000537 -0.002040 0.000089 0.000814 
0.000583 0.000872 0.002252 0.000049 -0.000273 0.002024 0.001126 0.000551 
-0.000878 -0.002042 -0.000524 0.001130 0.000264 -0.001461 0.002611 0.001661 
0.000207 -0.000252 -0.001396 0.001267 -0.001017 -0.000030 0.000845 -0.000217 
-0.001225 0.002754 0.001832 -0.000191 0.001461 -0.002336 -0.001064 -0.001589 
-0.000073 0.000839 0.000595 -0.000093 -0.002045 -0.003583 0.000362 -0.004365 
-0.001383 0.001060 -0.003698 0.000179 0.001915 -0.002092 0.001849 0.003360 
-0.002174 0.000543 -0.000408 0.000184 0.000301 -0.005885 0.001940 -0.005689 
0.002703 -0.002686 0.000464 0.003397 -0.001542 -0.005169 0.002874 -0.006664 
0.007534 0.007430 0.010137 -0.003177 -0.018635 0.004356 -0.011475 -0.000016 
-0.002357 0.017159 0.008626 -0.004207 -0.011052 0.011622 0.014688 0.028406 
-0.001860 0.001337 0.009126 -0.003883 -0.010834 -0.008186 0.001952 0.003912 
-0.004442 0.014332 -0.004949 -0.016240 -0.002940 0.013623 0.006909 -0.003133 
-0.000581 -0.003078 0.002453 -0.001050 -0.003181 -0.002549 -0.000164 0.000742 
-0.001762 0.012915 -0.002926 -0.005888 -0.002287 0.005582 0.002994 -0.000750 
-0.001283 -0.000731 0.001831 -0.001274 0.000509 -0.000103 -0.000302 0.000488 
-0.002754 0.010828 -0.003259 -0.002024 -0.000873 0.001653 0.000564 -0.000180 
-0.001082 -0.000467 0.002462 -0.001024 -0.001016 0.000048 0.000304 0.000299 
-0.003305 0.011936 -0.001259 -0.000689 -0.000137 -0.000160 0.000154 -0.001137 
-0.000351 -0.000794 0.000870 -0.000105 0.000778 0.000896 0.000842 0.000683 
-0.002102 0.010901 -0.000638 0.000846 -0.001099 -0.000636 -0.000791 0.000048 
-0.000937 -0.000992 0.000042 -0.000800 0.000550 -0.001290 -0.001002 0.000551 
-0.002469 0.012734 0.001377 -0.000173 -0.000561 0.001715 -0.001222 -0.001368 
-0.000130 -0.000792 0.002515 -0.001742 0.001218 -0.000333 0.001252 0.000624 
-0.002618 0.011147 -0.001807 0.001013 -0.000793 0.000473 -0.000695 -0.001345 
-0.001424 0.000715 0.002401 -0.000304 0.000192 -0.000389 -0.002074 -0.002551 
-0.002863 0.013576 -0.000933 -0.001266 -0.000482 0.003947 -0.001606 0.001516 
-0.001177 -0.006411 0.009024 0.006141 0.002724 0.002550 -0.005866 -0.000199 
-0.000739 0.010469 -0.005442 0.000185 0.006017 -0.005247 0.012053 0.008157 
-0.006412 -0.019123 -0.006971 0.005675 0.014984 -0.008207 0.014820 0.020227 
-0.019488 -0.007926 -0.001104 0.021647 0.030560 0.028368 0.006861 0.023236 
-0.000202 0.001716 0.000918 -0.000710 0.002494 -0.001655 0.000838 -0.000518 
-0.000126 -0.001006 0.001840 0.000168 -0.000138 0.000468 0.001005 -0.001194 
0.001016 -0.000519 0.000732 0.000143 0.001218 -0.001574 -0.001285 0.000339 
-0.000991 0.002837 0.000009 -0.000842 -0.000442 0.001187 0.001293 0.000257 
-0.000154 -0.001598 -0.000193 -0.000634 -0.000864 0.000038 0.000889 0.000821 
-0.000996 0.003017 -0.000661 -0.000161 -0.001489 0.000634 0.000943 -0.000485 
0.000942 0.001046 -0.000171 0.000777 -0.000767 -0.000134 0.000074 0.000233 
-0.000810 0.003985 -0.000177 -0.000113 0.001004 -0.000125 -0.000837 0.001175 
0.000332 0.000861 0.001393 0.000604 -0.001212 0.000572 -0.000875 0.001542 
-0.000610 0.005177 -0.001449 -0.000142 -0.000196 0.002124 0.000033 -0.001089 
-0.000162 0.000931 0.000907 -0.000552 -0.000743 0.000597 -0.000520 0.001368 
-0.000641 0.004682 0.002237 -0.001286 -0.000430 0.001722 0.001560 -0.000699 
-0.000190 0.000313 -0.001641 0.000359 0.000184 -0.001034 0.000212 0.001085 
0.000179 0.007206 0.000218 -0.001585 -0.003514 0.001100 0.000680 0.001110 
0.000445 -0.001742 -0.000507 0.000849 -0.003057 -0.000242 -0.001377 0.000792 
0.000581 0.006127 0.000829 0.002609 -0.000929 -0.000866 -0.000602 -0.000155 
-0.004352 0.000295 -0.003204 -0.005001 -0.007220 0.000068 0.000972 0.005116 
0.000722 0.002221 0.006820 -0.006027 -0.006462 0.004829 0.008415 -0.000896 
0.011918 0.010661 -0.022477 -0.009630 0.008006 0.003911 0.010290 -0.018344 
0.036211 -0.014902 0.012266 -0.005248 -0.002041 -0.010315 0.016154 -0.034745 
-0.000350 0.000733 0.000279 -0.000370 -0.000146 -0.000283 0.000152 0.000526 
0.000138 0.000999 0.001106 0.000702 -0.001478 0.001538 -0.000179 -0.000479 
0.000453 0.000056 0.001126 0.000498 -0.001822 0.000166 0.000823 -0.000576 
-0.000084 0.001943 0.000062 -0.001379 0.001190 -0.000168 -0.000073 -0.000037 
0.000252 -0.000021 0.000596 0.000673 -0.000584 0.000403 0.000424 -0.000242 
-0.001280 0.004065 0.001531 0.001279 0.000434 0.001331 0.000144 -0.000595 
-0.000020 -0.000142 -0.000970 -0.000542 -0.000176 -0.000061 -0.000065 -0.000101 
-0.001205 0.003305 0.000470 0.000572 0.000023 -0.000857 -0.000190 0.000689 
0.000907 0.000815 -0.002450 -0.000477 -0.000498 -0.000574 0.000644 0.000457 
-0.000155 0.001160 0.000497 0.000376 0.000914 -0.000757 -0.001096 -0.000523 
-0.000041 -0.000711 -0.001009 -0.001906 -0.001572 -0.001235 0.000062 0.000374 
0.000060 0.003130 0.002297 -0.001028 -0.000491 -0.002268 0.001072 0.000847 
0.000690 0.000574 -0.001253 -0.000302 0.000975 -0.000703 -0.000254 -0.002470 
0.000006 0.004280 -0.000427 -0.001764 -0.001630 -0.001653 -0.001407 0.000391 
0.000276 0.000385 0.000372 -0.002307 -0.002985 0.002025 0.001582 -0.001354 
-0.000880 0.003299 -0.001948 0.004408 -0.001828 -0.002432 -0.001158 -0.004444 
-0.000145 -0.002451 -0.007962 0.013186 -0.009591 0.001489 -0.007826 0.000610 
-0.000998 -0.000133 0.002337 -0.004865 0.005162 -0.007724 -0.002733 0.002054 
0.018232 0.007870 0.014483 0.005744 0.016115 -0.029590 -0.015075 0.007084 
0.003616 0.018420 0.019961 0.002888 0.010131 0.042808 0.010095 0.002518 
-0.000191 -0.000385 -0.000918 0.000458 0.000456 0.000596 -0.000291 0.000219 
0.000438 0.000524 0.001367 0.000167 -0.000921 0.000440 0.000007 -0.000264 
-0.000100 0.000257 0.001409 -0.001428 0.000842 -0.000879 0.000760 -0.001623 
-0.000169 0.000673 0.001957 -0.001020 -0.000194 0.001293 -0.000837 0.000367 
0.000906 -0.000108 -0.000765 0.001487 0.000597 0.000572 0.000448 -0.000021 
0.000365 0.001052 -0.000476 0.000740 -0.000084 0.000235 -0.000577 -0.000645 
0.000419 0.000020 -0.000248 0.000139 0.000741 -0.001059 0.000616 0.001743 
0.000018 0.001166 0.001417 0.001672 -0.000674 0.000464 0.000297 -0.000260 
0.000212 -0.000012 0.001594 0.002038 -0.003075 0.002137 0.001399 -0.002023 
-0.000522 0.001479 0.001877 -0.000742 -0.001088 -0.000145 -0.002765 0.000100 
0.000793 -0.000355 0.000499 0.000721 0.001160 0.001740 0.001200 0.001187 
-0.000253 -0.000627 -0.000010 -0.000423 -0.000862 0.001822 0.000594 0.001739 
-0.000160 0.000264 -0.000897 0.001203 0.001353 0.000335 0.000379 -0.000422 
-0.000128 -0.000609 0.002909 -0.000863 0.000450 0.001801 0.000055 -0.000443 
0.000586 -0.002704 -0.001931 0.001517 -0.000314 -0.000400 0.001078 0.001099 
-0.000896 -0.002107 0.000736 0.000382 0.002767 -0.002274 -0.003744 0.001765 
0.001489 0.007217 0.000158 0.001466 0.005811 0.007294 -0.000390 0.004719 
-0.000923 -0.007052 0.006177 -0.002673 -0.004482 -0.000301 0.004997 0.000746 
-0.007999 0.003979 -0.009297 0.005286 -0.026960 0.011586 -0.003056 0.006987 
0.015025 0.009378 0.024467 -0.016671 0.030755 0.039836 -0.016075 -0.017202 
0.001402 -0.001964 0.001135 -0.001817 -0.002997 0.004315 0.001398 -0.000794 
0.003131 -0.000507 0.004266 -0.005765 0.002911 0.005832 -0.000604 -0.001651 
0.001210 -0.000230 -0.000531 -0.000887 -0.000212 0.000038 -0.001238 -0.001156 
0.001903 -0.002496 0.001181 0.001221 0.000650 0.000561 -0.000656 -0.000015 
-0.000025 0.000335 0.001157 -0.000381 0.001253 0.000229 0.001214 0.000252 
0.001393 -0.002480 -0.000326 -0.000590 0.000935 -0.000789 0.000397 0.000836 
0.000833 -0.000640 0.001246 0.000265 0.000495 -0.000995 -0.001291 -0.000515 
0.001583 -0.001075 0.002499 -0.000405 0.000109 0.000570 0.000681 0.001260 
-0.000116 0.000614 0.000611 0.001125 -0.000682 -0.000606 0.003073 0.000529 
0.000225 -0.000719 0.001707 -0.000994 0.000332 0.001087 -0.000590 -0.000115 
0.000594 0.000723 -0.001005 -0.001014 0.000705 0.002003 0.000188 0.000403 
0.000404 -0.002588 0.000968 0.000898 -0.001231 -0.000385 0.000305 0.000745 
0.000733 0.001553 0.000665 -0.003024 0.001690 0.000410 -0.002090 0.000574 
-0.001112 -0.003086 0.002313 -0.001355 0.000977 -0.000954 -0.000161 -0.000923 
0.000422 0.000663 0.001165 -0.000428 0.001203 -0.002393 0.000833 -0.000243 
-0.000975 -0.003545 0.000309 -0.001691 0.001766 -0.004870 -0.000285 0.001655 
0.001354 0.006320 -0.004814 -0.001506 0.000006 -0.004710 -0.009566 -0.001039 
0.001578 -0.001595 -0.006775 0.006908 0.004460 -0.000907 0.003228 -0.007802 
-0.018750 0.025620 -0.008398 -0.017194 -0.018387 0.010328 0.024461 0.007106 
0.008934 -0.000879 0.015196 -0.017129 0.010429 -0.008185 -0.054253 -0.006289 
-0.000693 -0.001638 -0.000275 0.000059 0.000661 -0.000307 0.000506 -0.000228 
-0.000399 0.003249 -0.000162 -0.001093 -0.000360 -0.000194 -0.000157 -0.000306 
0.000670 0.000781 0.000873 0.001177 -0.000001 -0.000537 -0.001605 -0.000747 
0.000500 0.002090 -0.000031 -0.001368 -0.000196 0.000018 -0.000772 -0.000547 
0.000637 0.000712 0.000062 0.001644 -0.002217 -0.000399 -0.002546 -0.000619 
0.000033 0.002511 0.000519 0.000487 0.000059 0.000053 0.000099 -0.001466 
-0.000177 0.000439 -0.000586 -0.000613 0.000138 -0.001369 0.000513 -0.000735 
0.000322 0.002635 0.000779 -0.001092 0.000453 -0.000374 -0.000234 0.000010 
0.000158 0.000912 -0.001212 -0.000686 -0.002173 -0.000826 0.000409 -0.000678 
-0.000535 0.004562 0.000368 0.001423 0.000383 0.000847 -0.000797 -0.000617 
0.001144 0.000321 0.000430 0.001524 -0.000598 -0.000285 0.002824 0.000967 
0.001137 0.003186 -0.001115 0.000126 -0.001586 0.001228 0.000663 -0.001477 
-0.000376 0.000264 0.000515 -0.000126 0.001655 -0.000354 0.000995 0.000351 
-0.001368 0.002642 0.001501 0.001972 -0.001610 0.001819 -0.001816 0.002314 
-0.000154 -0.000232 -0.000105 0.001991 0.000913 0.006586 0.002486 -0.000328 
0.000214 0.000109 -0.001151 -0.000394 0.002220 -0.001906 -0.001806 0.003006 
0.001619 0.000579 0.001458 -0.008235 0.001408 0.004235 0.000327 0.005033 
0.000038 0.003482 -0.002401 0.006734 -0.001913 0.010569 -0.002973 -0.000523 
-0.001281 0.007657 0.021587 0.014920 -0.009974 -0.006211 -0.009004 0.002025 
0.032721 0.010921 -0.004343 -0.005009 0.005860 0.033654 -0.000635 0.007781 
0.002373 0.000402 0.000016 -0.000726 0.000066 0.000138 0.000582 0.000338 
0.000352 -0.000564 -0.000515 0.000138 -0.000438 -0.000680 0.001635 -0.000797 
0.001174 0.001431 -0.000378 -0.000727 -0.000913 0.000441 -0.001618 -0.000638 
-0.000373 0.001706 -0.000782 -0.001314 0.000513 -0.001354 -0.000996 -0.000395 
0.001303 -0.000936 -0.001393 -0.000016 0.002194 0.000799 0.000389 -0.000094 
0.000038 0.000286 -0.000414 -0.000392 0.000328 -0.000632 -0.001138 -0.001514 
0.000240 -0.001244 -0.000681 0.000564 -0.000891 0.000403 0.000391 0.000934 
0.000309 -0.000867 0.000260 0.001147 -0.000542 0.000387 0.000206 0.000289 
0.000784 0.000594 -0.001203 -0.000488 -0.001450 -0.000655 0.000098 -0.000173 
0.000145 -0.000723 -0.001219 -0.001830 -0.001261 -0.001846 0.001224 -0.000960 
-0.000390 0.001236 0.000515 0.000851 0.001462 -0.000998 0.001395 0.000773 
0.001096 -0.000523 0.000022 0.001060 -0.000242 0.001773 0.000967 0.000953 
0.001242 -0.000032 -0.000397 0.002607 -0.000340 -0.001564 0.000647 0.000986 
0.000003 0.000371 0.001820 -0.002068 -0.000723 -0.000907 -0.001984 -0.000476 
0.000977 -0.000448 -0.004305 -0.000719 -0.000339 0.000138 -0.000664 0.000564 
0.000416 0.000387 0.001914 -0.002020 -0.000070 0.000578 -0.001925 0.000762 
-0.000775 0.005012 -0.000842 -0.005583 -0.007532 0.005131 -0.004332 0.002655 
0.001668 0.005524 -0.007295 -0.001057 0.002529 0.004081 -0.000992 0.006804 
0.012115 -0.053337 0.010895 -0.016357 -0.001266 0.005616 -0.003596 -0.024261 
-0.027904 -0.006937 0.021811 0.025658 -0.007432 -0.032973 -0.014468 0.030955 
-0.001650 0.001674 0.003315 -0.005492 0.010518 0.010920 0.010820 0.000730 
-0.001666 0.002468 0.000817 0.001344 0.004793 -0.000749 -0.004096 0.002975 
-0.001559 0.001167 0.002564 -0.001876 0.003389 0.004599 0.006812 -0.001523 
-0.000978 0.006046 -0.000430 -0.001595 0.002103 -0.001117 -0.002321 0.002585 
-0.002226 0.001222 0.001718 -0.001259 0.002584 0.003215 0.005310 -0.001162 
-0.000970 0.004649 0.000984 0.001674 0.002835 0.000366 -0.002106 0.001837 
-0.001380 0.000432 0.002224 -0.000163 0.001783 0.001916 0.002341 0.000315 
-0.001122 0.002087 -0.001318 0.002721 -0.001352 -0.001212 -0.002737 0.000550 
-0.002109 0.000913 0.001691 0.001051 -0.000406 0.002905 0.003229 0.000158 
-0.001558 0.002133 0.001911 -0.002014 0.000701 -0.000108 -0.004151 -0.000057 
-0.002138 0.000019 -0.000063 -0.002207 0.001462 0.002270 0.004489 -0.000049 
-0.000788 -0.000297 0.002010 0.000669 0.000171 -0.000682 -0.000481 0.000105 
-0.002659 0.000383 0.000799 0.000050 -0.000109 0.001673 0.000370 -0.000436 
-0.001147 -0.000934 -0.001732 0.000643 0.001291 -0.000225 0.002003 0.000719 
-0.002510 -0.000913 0.003431 0.000034 0.000017 -0.001108 0.004542 0.001579 
-0.002080 -0.000050 0.000623 0.003212 0.000206 -0.000473 -0.000123 0.004509 
0.003313 -0.000704 0.002300 0.003705 -0.004507 -0.005265 0.005607 0.000568 
-0.001806 0.000750 -0.000350 0.001747 0.010978 -0.008731 0.001736 0.006702 
-0.009318 -0.006091 -0.000281 -0.005421 0.000687 -0.007402 -0.029600 0.000529 
0.001260 -0.000974 0.005858 0.014910 0.013997 -0.043984 -0.008215 -0.002326 
0.002331 0.000392 0.000060 -0.000743 0.000035 -0.000205 0.000363 -0.000013 
0.000349 -0.000880 -0.000195 0.000131 -0.000341 -0.000126 0.001119 0.000257 
0.001323 0.001108 -0.000822 -0.000898 0.000017 0.000843 -0.000405 0.000893 
-0.000389 0.001682 -0.000493 -0.001353 0.000889 0.000551 -0.000977 -0.000833 
0.001342 -0.001406 -0.001952 0.000150 0.002221 -0.000043 -0.000604 -0.000305 
0.000026 0.000232 -0.000229 -0.000660 0.000366 -0.001704 -0.001926 -0.001268 
0.000093 -0.000840 -0.000745 0.000762 0.001177 0.000476 0.000302 0.002679 
0.000456 -0.000609 0.000708 0.000321 -0.000523 0.000208 -0.000448 -0.001202 
0.000923 -0.000528 -0.000220 -0.001453 -0.002178 0.000599 0.001223 -0.000605 
0.000257 -0.000283 -0.000817 -0.000303 -0.000641 -0.001796 0.000511 -0.001339 
-0.000520 0.001480 0.000019 -0.000123 0.000034 -0.001364 -0.000131 -0.000197 
0.001046 0.000223 0.002035 0.000389 0.000180 -0.001413 -0.000676 -0.000026 
0.001163 0.000266 -0.000591 0.003159 -0.000454 0.000130 0.002295 -0.001799 
-0.000237 0.000396 0.001854 -0.002097 0.000024 -0.002043 -0.000579 0.001563 
0.000992 0.000045 -0.002416 -0.003017 -0.000746 -0.000264 -0.000009 0.000603 
0.000935 0.000823 0.002751 -0.001660 -0.001946 0.000798 -0.001579 -0.000184 
-0.000800 0.002664 -0.001485 -0.005475 0.002281 0.000645 -0.003981 0.004382 
0.000172 0.005706 -0.007201 -0.000287 -0.000876 0.006895 -0.003592 -0.003510 
0.011574 -0.032942 -0.002591 0.001111 -0.015239 -0.013009 0.017956 -0.003785 
-0.019892 -0.003063 0.017122 0.033882 -0.027457 -0.005719 0.013671 0.013846 
0.004172 -0.000961 -0.005227 0.003257 -0.009212 -0.021314 -0.003197 -0.002039 
0.002432 -0.016617 0.007989 -0.002715 0.002856 -0.042562 0.004865 0.004277 
0.000828 0.000590 -0.001088 -0.000573 -0.003281 -0.003514 -0.002910 -0.000958 
0.000456 -0.011434 0.002095 0.001139 -0.000284 -0.015947 0.003481 0.001872 
0.001830 -0.000354 -0.000379 -0.001494 0.000182 0.000865 -0.000996 -0.000006 
0.000174 -0.014027 0.001979 -0.000026 -0.000723 -0.002793 0.002070 -0.000992 
0.001111 0.000325 -0.000702 -0.000347 -0.000821 -0.001389 0.000641 0.000722 
0.001592 -0.015856 0.000869 -0.000575 0.001143 -0.001932 0.000901 0.000819 
0.001590 -0.000552 -0.002339 0.000171 -0.000173 -0.000935 -0.000856 -0.000320 
0.001300 -0.015095 0.002429 0.001651 -0.000904 -0.002141 -0.000172 -0.000218 
0.000803 -0.002195 0.000699 0.001683 0.000230 0.001309 -0.001740 0.000818 
0.000620 -0.017322 0.002456 -0.000873 -0.001376 -0.000633 0.000241 0.000481 
0.001089 -0.000812 -0.001742 -0.000813 -0.001319 0.000478 0.000391 0.000086 
0.000380 -0.016171 0.002699 0.000224 -0.001603 0.000521 0.001170 -0.001715 
0.001187 -0.000735 -0.000520 -0.002008 0.002981 -0.001702 -0.003976 0.001316 
-0.000236 -0.016792 0.004878 -0.000337 0.005713 -0.002541 0.001534 -0.000992 
0.001590 0.001207 -0.002558 0.000580 0.002270 0.001956 -0.004556 0.001408 
-0.000815 -0.024049 -0.002747 0.004837 0.011217 0.013540 0.007369 0.005776 
0.023152 0.001980 -0.018630 0.007804 -0.003819 -0.023634 0.031572 0.007357 
-0.024485 -0.018461 0.004141 0.000852 0.012061 0.015457 0.000288 0.007519 
0.000328 0.001453 -0.000464 -0.000962 -0.000365 -0.002149 -0.000751 0.000088 
-0.000033 -0.002006 0.001167 -0.001723 0.000114 -0.004006 0.000011 -0.000088 
0.000248 0.000174 -0.000542 0.000519 -0.000803 0.000219 0.000447 -0.000803 
0.000333 -0.002482 0.000086 -0.000764 -0.001521 0.000343 0.000043 0.001169 
-0.000040 0.000710 0.000347 -0.000741 0.000856 -0.001290 0.000859 0.002655 
0.000477 -0.004098 -0.000845 -0.000664 -0.000571 -0.001831 0.001122 0.000882 
-0.000345 0.000382 -0.002394 -0.000138 -0.000610 0.000263 0.001923 0.001621 
0.000506 -0.003706 -0.000297 -0.000359 0.000367 0.001272 0.000741 0.000758 
-0.000699 -0.001226 0.001214 -0.000745 -0.000178 0.000955 0.001162 0.000515 
0.000326 -0.004684 0.000409 0.000545 0.001324 -0.001541 0.000175 -0.000988 
0.000366 0.000473 -0.000408 -0.000388 0.001071 0.000188 0.000662 -0.000894 
0.000491 -0.003883 -0.001838 -0.000699 -0.002114 0.000682 0.000201 0.001916 
0.001617 -0.001210 -0.000293 0.000602 -0.000992 -0.000148 0.002552 -0.002856 
-0.000146 -0.003955 0.001436 -0.000059 0.000013 0.000316 -0.001201 -0.000012 
0.000511 -0.000191 0.001446 0.001182 0.000773 -0.001369 0.005000 0.001107 
0.000507 -0.002302 0.001460 0.001650 0.002114 0.000334 -0.002400 0.000821 
0.003228 0.001439 -0.003410 -0.007416 0.001268 -0.002611 0.009008 -0.000123 
0.001087 -0.007095 -0.009190 -0.001912 -0.002490 0.001886 -0.001087 0.000580 
0.045720 0.002467 -0.016256 -0.007829 -0.022464 0.015251 -0.007994 0.004462 
-0.006964 -0.016157 -0.003588 -0.022505 -0.021437 -0.007444 0.009935 -0.024718 
0.000162 0.001027 -0.000260 0.001106 0.000195 -0.001640 -0.000808 -0.000910 
-0.000242 0.001798 -0.000102 -0.001071 -0.000578 -0.000982 -0.000650 0.000891 
0.000207 0.000702 0.002059 0.000068 0.000043 -0.000897 0.001673 -0.001195 
0.000246 0.000544 0.000235 0.000196 -0.001063 0.000588 0.000490 -0.000257 
-0.000072 0.000836 0.000851 0.000516 0.001246 0.000233 -0.000063 0.000528 
0.000091 0.000372 -0.001123 0.000869 -0.000288 -0.001091 -0.000557 -0.000703 
-0.000144 0.000411 -0.000831 -0.000901 -0.000657 -0.000921 -0.000560 0.000105 
0.000812 0.000926 -0.000598 -0.001344 -0.001140 0.000464 -0.000919 0.000634 
-0.000700 0.001096 0.000280 0.001423 0.000776 0.000587 -0.001224 -0.000988 
-0.000150 -0.001147 -0.001017 -0.000402 -0.001199 -0.000206 0.001146 0.000866 
-0.001077 -0.000942 0.000626 -0.001246 -0.001050 -0.000290 0.001098 0.001522 
0.000238 -0.001682 0.000480 -0.001099 0.001045 0.000952 0.000725 -0.001223 
-0.001679 0.001166 0.001038 -0.000987 -0.002057 0.001718 0.002360 -0.000647 
0.000840 0.000675 0.000048 0.000418 -0.000957 0.000480 0.000427 -0.000746 
-0.000150 -0.001131 0.002705 -0.001089 -0.000224 0.001546 0.000306 -0.004311 
0.000428 0.000923 0.002246 -0.003539 -0.001568 -0.000963 -0.001761 -0.003612 
0.002324 0.002875 0.000294 0.003047 0.008797 -0.007466 -0.002486 -0.001504 
-0.002909 0.020273 0.000313 -0.003808 -0.006967 0.005827 0.000341 -0.003489 
-0.014097 -0.025383 -0.022202 -0.000488 0.003139 -0.009530 0.016134 0.008844 
0.012098 0.006766 -0.044790 0.014437 0.009011 -0.003125 -0.005983 -0.022216 
-0.000517 0.000670 0.000438 -0.001111 0.000569 -0.001011 0.000587 -0.000543 
-0.000103 -0.000187 0.000046 -0.001185 -0.001655 -0.000356 -0.001023 -0.000443 
0.000129 -0.000306 0.000477 -0.000222 0.001035 -0.000034 0.000011 -0.001110 
0.000336 -0.000455 0.001078 0.000924 -0.000111 -0.000855 -0.000399 0.000375 
-0.000223 0.000183 0.000835 -0.001584 0.000970 -0.001268 -0.000564 0.000731 
-0.000228 0.000728 0.000273 0.001564 -0.000263 0.000875 0.002158 -0.001024 
0.000540 -0.000512 0.000673 -0.000646 0.001861 -0.000596 -0.000869 0.000097 
0.000334 -0.002464 0.000431 0.000995 0.000600 0.002056 0.000685 0.000679 
-0.000480 -0.000133 -0.001085 -0.000087 0.001881 -0.000752 -0.000056 -0.000319 
-0.000673 0.000229 -0.000901 -0.001092 0.001518 -0.000401 -0.001679 -0.000205 
-0.000119 -0.000273 -0.000935 -0.001450 -0.000188 -0.001279 -0.002993 0.001447 
-0.000180 -0.000549 -0.001804 -0.001644 0.000568 -0.002277 0.001049 -0.000137 
0.000854 0.002142 -0.002044 0.000330 -0.001379 -0.001396 -0.002517 -0.000714 
0.000251 0.001253 0.001434 -0.001719 -0.001225 0.002230 0.000627 -0.001051 
-0.000867 -0.000162 -0.001066 0.000766 -0.000820 0.000435 -0.001674 -0.000323 
0.000449 0.003278 -0.002757 -0.000277 -0.002282 -0.004330 0.000641 0.002187 
-0.000001 -0.000993 0.006957 0.006599 0.002688 -0.000997 -0.000244 0.009080 
0.002451 0.003072 -0.000172 0.000499 0.002482 0.002406 -0.001440 0.003837 
0.013176 0.008495 -0.006333 -0.031519 0.009656 0.018264 -0.003501 -0.009711 
0.037746 0.017635 0.007253 0.002483 -0.026352 -0.003938 0.004879 -0.009163 
-0.000048 0.000422 0.002777 0.000147 0.000250 -0.002441 -0.000030 0.001046 
-0.000191 -0.007001 0.002590 -0.001443 0.002578 -0.001688 0.000122 -0.000201 
0.000707 0.000162 0.000343 0.002393 0.000283 -0.000071 0.001429 -0.000458 
-0.000738 -0.004037 0.001541 -0.000758 0.001321 -0.000248 0.000251 0.000711 
0.000619 -0.000196 0.001148 0.001306 0.001834 -0.000194 -0.000144 -0.001984 
0.000001 -0.004408 0.000901 0.000783 0.000074 0.000312 0.000263 -0.000735 
-0.000270 0.000655 -0.000027 -0.000707 -0.000299 -0.001343 -0.002241 -0.000065 
-0.000503 -0.005005 -0.001242 0.000592 0.001329 0.000574 0.000168 0.002001 
0.000297 -0.000690 -0.001490 0.000255 0.000205 0.001808 -0.001103 0.001309 
0.000389 -0.001360 -0.000348 0.000481 -0.000366 -0.000148 -0.000147 -0.001284 
0.001443 0.000668 -0.001317 0.002030 -0.001020 -0.000525 -0.000202 -0.001680 
0.000280 -0.000310 0.001895 0.000048 0.001887 0.001567 0.000485 0.001449 
0.000076 -0.000828 -0.001853 -0.001524 -0.001314 -0.001820 -0.000680 0.000964 
0.000169 -0.000481 -0.001723 -0.001675 -0.000153 -0.000117 -0.003071 0.000215 
-0.002225 -0.001749 -0.000564 -0.000894 -0.000810 -0.000825 0.001674 0.000590 
0.000226 -0.001549 0.002177 0.000611 -0.000409 -0.002052 -0.001961 0.002452 
-0.003338 -0.002664 -0.004542 -0.005887 -0.002324 -0.005324 -0.000748 0.000113 
0.002283 -0.006565 -0.000745 0.005407 0.006049 -0.005840 0.003172 0.001754 
-0.002151 0.014232 -0.020786 -0.003791 -0.007659 -0.029437 0.019288 0.006742 
0.004026 -0.007192 -0.018481 0.024948 -0.000037 0.022462 -0.025400 0.012928 
0.000512 0.000061 -0.000601 -0.000522 0.001292 -0.000459 -0.000894 0.000778 
-0.000255 -0.002378 0.001071 -0.000059 0.000137 -0.000349 0.000135 0.000635 
0.000155 -0.000065 0.000418 0.001664 -0.000671 -0.001384 0.000566 -0.000030 
-0.000210 -0.001993 -0.000855 0.000338 0.000270 -0.000612 0.000502 0.000245 
-0.000067 0.000342 -0.001135 -0.001677 -0.000358 0.000595 -0.000046 -0.000057 
-0.000360 -0.002167 -0.000491 0.001164 -0.000176 -0.000952 0.000247 -0.000864 
0.000119 0.000305 -0.001021 -0.000678 -0.000000 0.001405 0.000047 0.000782 
0.000649 -0.001736 -0.000721 -0.000507 -0.000550 -0.001184 0.001893 0.002489 
-0.000025 -0.000631 -0.000602 0.001067 0.000032 -0.000261 -0.002184 -0.002286 
-0.000437 -0.005082 0.000781 0.000991 0.000805 0.001241 0.001245 -0.001035 
0.000594 -0.000739 0.000263 0.000740 -0.000778 0.000087 -0.000448 -0.001075 
-0.000395 -0.004305 -0.000854 0.000209 -0.000009 -0.002556 -0.001422 -0.000865 
-0.000010 -0.000071 -0.000959 0.000657 0.000133 0.001001 -0.002706 0.001464 
0.000301 -0.003741 0.000113 -0.001144 0.002798 0.000215 0.000243 0.000587 
0.001166 0.002419 0.003368 0.001704 -0.001518 0.002113 -0.000663 0.001138 
0.001216 -0.004036 -0.000256 -0.001261 -0.000237 0.001353 0.003300 0.002523 
-0.002790 0.000654 0.000476 0.001578 0.005062 0.002053 0.020117 -0.001249 
0.002634 0.004304 -0.001555 0.008876 0.007545 0.012067 -0.007245 0.000056 
0.024207 0.014827 -0.005040 0.003763 0.039140 -0.013294 0.016042 0.022229 
-0.019790 -0.029669 0.035294 -0.014787 -0.016482 -0.007549 -0.004086 0.015214 
